0001 1702924899000525296
0002 1702924899000565340
0003 1702924899000605464
0004 1702924899000645535
0005 1702924899000685442
0006 1702924899000725447
0007 1702924899000765379
0008 1702924899000805490
0009 1702924899000845399
0010 1702924899000885353
0011 1702924899000925432
0012 1702924899000965342
0013 1702924900000005470
0014 1702924900000045508
0015 1702924900000085519
0016 1702924900000125529
0017 1702924900000165550
0018 1702924900000205420
0019 1702924900000245525
0020 1702924900000285439
0021 1702924900000325495
0022 1702924900000365652
0023 1702924900000405527
0024 1702924900000445484
0025 1702924900000485443
0026 1702924900000525524
0027 1702924900000565512
0028 1702924900000605557
0029 1702924900000645514
0030 1702924900000685534
0031 1702924900000725566
0032 1702924900000765529
0033 1702924900000805562
0034 1702924900000845650
0035 1702924900000885548
0036 1702924900000925540
0037 1702924900000965664
0038 1702924901000005617
0039 1702924901000045581
0040 1702924901000085647
0041 1702924901000125563
0042 1702924901000165452
0043 1702924901000205466
0044 1702924901000245534
0045 1702924901000285487
0046 1702924901000325630
0047 1702924901000365507
0048 1702924901000405705
0049 1702924901000445762
0050 1702924901000485732
0051 1702924901000525655
0052 1702924901000565610
0053 1702924901000605729
0054 1702924901000645629
0055 1702924901000685603
0056 1702924901000725688
0057 1702924901000765623
0058 1702924901000805639
0059 1702924901000845589
0060 1702924901000885697
0061 1702924901000925675
0062 1702924901000965591
0063 1702924902000005795
0064 1702924902000045795
0065 1702924902000085658
0066 1702924902000125679
0067 1702924902000165780
0068 1702924902000205720
0069 1702924902000245742
0070 1702924902000285810
0071 1702924902000325655
0072 1702924902000365736
0073 1702924902000405855
0074 1702924902000445897
0075 1702924902000485678
0076 1702924902000525806
0077 1702924902000565781
0078 1702924902000605807
0079 1702924902000645778
0080 1702924902000685846
0081 1702924902000725845
0082 1702924902000765888
0083 1702924902000805711
0084 1702924902000845763
0085 1702924902000885791
0086 1702924902000925901
0087 1702924902000965829
0088 1702924903000005792
0089 1702924903000045797
0090 1702924903000085725
0091 1702924903000125812
0092 1702924903000165780
0093 1702924903000205915
0094 1702924903000245857
0095 1702924903000285913
0096 1702924903000326002
0097 1702924903000365854
0098 1702924903000405738
0099 1702924903000445983
0100 1702924903000485881
0101 1702924903000525817
0102 1702924903000565865
0103 1702924903000605867
0104 1702924903000645856
0105 1702924903000686010
0106 1702924903000725760
0107 1702924903000765779
0108 1702924903000805939
0109 1702924903000845767
0110 1702924903000885931
0111 1702924903000926058
0112 1702924903000965941
0113 1702924904000006055
0114 1702924904000045887
0115 1702924904000085905
0116 1702924904000125977
0117 1702924904000165944
0118 1702924904000205884
0119 1702924904000245975
0120 1702924904000285985
0121 1702924904000325917
0122 1702924904000365941
0123 1702924904000406050
0124 1702924904000445954
0125 1702924904000486043
0126 1702924904000526015
0127 1702924904000565909
0128 1702924904000605945
0129 1702924904000646020
0130 1702924904000685964
0131 1702924904000726026
0132 1702924904000766087
0133 1702924904000806038
0134 1702924904000846004
0135 1702924904000885991
0136 1702924904000926020
0137 1702924904000966008
0138 1702924905000006081
0139 1702924905000046033
0140 1702924905000086089
0141 1702924905000126085
0142 1702924905000165974
0143 1702924905000206019
0144 1702924905000246128
0145 1702924905000286190
0146 1702924905000326185
0147 1702924905000365995
0148 1702924905000406073
0149 1702924905000446180
0150 1702924905000486008
0151 1702924905000526107
0152 1702924905000566274
0153 1702924905000606132
0154 1702924905000646041
0155 1702924905000686121
0156 1702924905000726213
0157 1702924905000766127
0158 1702924905000806167
0159 1702924905000846085
0160 1702924905000886143
0161 1702924905000926070
0162 1702924905000966264
0163 1702924906000006264
0164 1702924906000046235
0165 1702924906000086156
0166 1702924906000126259
0167 1702924906000166275
0168 1702924906000206235
0169 1702924906000246210
0170 1702924906000286227
0171 1702924906000326064
0172 1702924906000366111
0173 1702924906000406117
0174 1702924906000446231
0175 1702924906000486337
0176 1702924906000526199
0177 1702924906000566342
0178 1702924906000606199
0179 1702924906000646226
0180 1702924906000686324
0181 1702924906000726296
0182 1702924906000766329
0183 1702924906000806290
0184 1702924906000846190
0185 1702924906000886320
0186 1702924906000926312
0187 1702924906000966409
0188 1702924907000006327
0189 1702924907000046323
0190 1702924907000086219
0191 1702924907000126380
0192 1702924907000166334
0193 1702924907000206316
0194 1702924907000246385
0195 1702924907000286362
0196 1702924907000326343
0197 1702924907000366216
0198 1702924907000406343
0199 1702924907000446408
0200 1702924907000486218
0201 1702924907000526433
0202 1702924907000566417
0203 1702924907000606385
0204 1702924907000646469
0205 1702924907000686360
0206 1702924907000726311
0207 1702924907000766417
0208 1702924907000806431
0209 1702924907000846479
0210 1702924907000886453
0211 1702924907000926500
0212 1702924907000966500
0213 1702924908000006414
0214 1702924908000046491
0215 1702924908000086519
0216 1702924908000126564
0217 1702924908000166391
0218 1702924908000206539
0219 1702924908000246563
0220 1702924908000286546
0221 1702924908000326446
0222 1702924908000366446
0223 1702924908000406619
0224 1702924908000446341
0225 1702924908000486475
0226 1702924908000526562
0227 1702924908000566496
0228 1702924908000606569
0229 1702924908000646451
0230 1702924908000686596
0231 1702924908000726438
0232 1702924908000766448
0233 1702924908000806537
0234 1702924908000846598
0235 1702924908000886653
0236 1702924908000926376
0237 1702924908000966414
0238 1702924909000006602
0239 1702924909000046439
0240 1702924909000086585
0241 1702924909000126584
0242 1702924909000166618
0243 1702924909000206503
0244 1702924909000246585
0245 1702924909000286418
0246 1702924909000326533
0247 1702924909000366596
0248 1702924909000406536
0249 1702924909000446599
0250 1702924909000486494
0251 1702924909000526552
0252 1702924909000566559
0253 1702924909000606608
0254 1702924909000646737
0255 1702924909000686666
0256 1702924909000726702
0257 1702924909000766654
0258 1702924909000806556
0259 1702924909000846702
0260 1702924909000886631
0261 1702924909000926581
0262 1702924909000966575
0263 1702924910000006681
0264 1702924910000046558
0265 1702924910000086562
0266 1702924910000126657
0267 1702924910000166742
0268 1702924910000206557
0269 1702924910000246633
0270 1702924910000286750
0271 1702924910000326737
0272 1702924910000366770
0273 1702924910000406780
0274 1702924910000446751
0275 1702924910000486643
0276 1702924910000526752
0277 1702924910000566662
0278 1702924910000606689
0279 1702924910000646863
0280 1702924910000686670
0281 1702924910000726900
0282 1702924910000766802
0283 1702924910000806869
0284 1702924910000846718
0285 1702924910000886825
0286 1702924910000926752
0287 1702924910000966925
0288 1702924911000006832
0289 1702924911000046756
0290 1702924911000086790
0291 1702924911000126722
0292 1702924911000166828
0293 1702924911000206733
0294 1702924911000246696
0295 1702924911000286889
0296 1702924911000326707
0297 1702924911000366809
0298 1702924911000406781
0299 1702924911000446821
0300 1702924911000486762
0301 1702924911000526777
0302 1702924911000566802
0303 1702924911000606758
0304 1702924911000646886
0305 1702924911000686895
0306 1702924911000726835
0307 1702924911000766876
0308 1702924911000806851
0309 1702924911000846924
0310 1702924911000886854
0311 1702924911000926963
0312 1702924911000966797
0313 1702924912000006862
0314 1702924912000046736
0315 1702924912000086907
0316 1702924912000126982
0317 1702924912000166970
0318 1702924912000206788
0319 1702924912000246806
0320 1702924912000286805
0321 1702924912000326888
0322 1702924912000366836
0323 1702924912000407004
0324 1702924912000447030
0325 1702924912000486878
0326 1702924912000526910
0327 1702924912000566841
0328 1702924912000606913
0329 1702924912000647054
0330 1702924912000687079
0331 1702924912000726924
0332 1702924912000767062
0333 1702924912000807092
0334 1702924912000846906
0335 1702924912000887047
0336 1702924912000926961
0337 1702924912000967036
0338 1702924913000007026
0339 1702924913000046971
0340 1702924913000086986
0341 1702924913000127060
0342 1702924913000166939
0343 1702924913000207146
0344 1702924913000246937
0345 1702924913000287093
0346 1702924913000326938
0347 1702924913000367022
0348 1702924913000406938
0349 1702924913000446939
0350 1702924913000487093
0351 1702924913000526982
0352 1702924913000567096
0353 1702924913000607096
0354 1702924913000647072
0355 1702924913000687119
0356 1702924913000727178
0357 1702924913000767150
0358 1702924913000807204
0359 1702924913000847109
0360 1702924913000887017
0361 1702924913000927131
0362 1702924913000967178
0363 1702924914000007129
0364 1702924914000047041
0365 1702924914000087179
0366 1702924914000127064
0367 1702924914000167228
0368 1702924914000207205
0369 1702924914000247079
0370 1702924914000287093
0371 1702924914000327105
0372 1702924914000367132
0373 1702924914000407036
0374 1702924914000447264
0375 1702924914000487174
0376 1702924914000527207
0377 1702924914000567101
0378 1702924914000607118
0379 1702924914000647352
0380 1702924914000687059
0381 1702924914000727096
0382 1702924914000767257
0383 1702924914000807248
0384 1702924914000847268
0385 1702924914000887221
0386 1702924914000927278
0387 1702924914000967331
0388 1702924915000007324
0389 1702924915000047268
0390 1702924915000087379
0391 1702924915000127303
0392 1702924915000167349
0393 1702924915000207216
0394 1702924915000247285
0395 1702924915000287143
0396 1702924915000327399
0397 1702924915000367251
0398 1702924915000407170
0399 1702924915000447307
0400 1702924915000487292
0401 1702924915000527193
0402 1702924915000567180
0403 1702924915000607152
0404 1702924915000647328
0405 1702924915000687389
0406 1702924915000727356
0407 1702924915000767171
0408 1702924915000807387
0409 1702924915000847416
0410 1702924915000887215
0411 1702924915000927429
0412 1702924915000967353
0413 1702924916000007239
0414 1702924916000047385
0415 1702924916000087417
0416 1702924916000127322
0417 1702924916000167474
0418 1702924916000207498
0419 1702924916000247340
0420 1702924916000287322
0421 1702924916000327543
0422 1702924916000367406
0423 1702924916000407534
0424 1702924916000447511
0425 1702924916000487310
0426 1702924916000527294
0427 1702924916000567430
0428 1702924916000607324
0429 1702924916000647481
0430 1702924916000687425
0431 1702924916000727500
0432 1702924916000767519
0433 1702924916000807395
0434 1702924916000847481
0435 1702924916000887438
0436 1702924916000927454
0437 1702924916000967325
0438 1702924917000007538
0439 1702924917000047447
0440 1702924917000087518
0441 1702924917000127555
0442 1702924917000167564
0443 1702924917000207556
0444 1702924917000247524
0445 1702924917000287545
0446 1702924917000327456
0447 1702924917000367490
0448 1702924917000407580
0449 1702924917000447514
0450 1702924917000487644
0451 1702924917000527611
0452 1702924917000567428
0453 1702924917000607564
0454 1702924917000647465
0455 1702924917000687628
0456 1702924917000727555
0457 1702924917000767456
0458 1702924917000807717
0459 1702924917000847586
0460 1702924917000887533
0461 1702924917000927488
0462 1702924917000967751
0463 1702924918000007490
0464 1702924918000047709
0465 1702924918000087573
0466 1702924918000127652
0467 1702924918000167557
0468 1702924918000207585
0469 1702924918000247733
0470 1702924918000287677
0471 1702924918000327709
0472 1702924918000367617
0473 1702924918000407665
0474 1702924918000447694
0475 1702924918000487712
0476 1702924918000527646
0477 1702924918000567808
0478 1702924918000607795
0479 1702924918000647724
0480 1702924918000687606
0481 1702924918000727763
0482 1702924918000767798
0483 1702924918000807562
0484 1702924918000847613
0485 1702924918000887676
0486 1702924918000927656
0487 1702924918000967697
0488 1702924919000007768
0489 1702924919000047623
0490 1702924919000087647
0491 1702924919000127796
0492 1702924919000167774
0493 1702924919000207811
0494 1702924919000247699
0495 1702924919000287746
0496 1702924919000327838
0497 1702924919000367897
0498 1702924919000407723
0499 1702924919000447798
0500 1702924919000487867
0501 1702924919000527853
0502 1702924919000567730
0503 1702924919000607755
0504 1702924919000647736
0505 1702924919000687876
0506 1702924919000727775
0507 1702924919000767742
0508 1702924919000807773
0509 1702924919000847963
0510 1702924919000887814
0511 1702924919000927795
0512 1702924919000967814
0513 1702924920000007846
0514 1702924920000047815
0515 1702924920000087951
0516 1702924920000127906
0517 1702924920000168020
0518 1702924920000207736
0519 1702924920000247995
0520 1702924920000287756
0521 1702924920000327926
0522 1702924920000367911
0523 1702924920000407817
0524 1702924920000447836
0525 1702924920000487970
0526 1702924920000527896
0527 1702924920000567804
0528 1702924920000607934
0529 1702924920000647909
0530 1702924920000687821
0531 1702924920000727808
0532 1702924920000767938
0533 1702924920000807838
0534 1702924920000847862
0535 1702924920000887873
0536 1702924920000927997
0537 1702924920000967875
0538 1702924921000007953
0539 1702924921000047979
0540 1702924921000087984
0541 1702924921000127866
0542 1702924921000168025
0543 1702924921000207996
0544 1702924921000248086
0545 1702924921000287992
0546 1702924921000327901
0547 1702924921000368036
0548 1702924921000407993
0549 1702924921000448029
0550 1702924921000487978
0551 1702924921000527982
0552 1702924921000568070
0553 1702924921000608099
0554 1702924921000648128
0555 1702924921000688026
0556 1702924921000728074
0557 1702924921000767920
0558 1702924921000808168
0559 1702924921000848026
0560 1702924921000888077
0561 1702924921000928136
0562 1702924921000968125
0563 1702924922000008225
0564 1702924922000048072
0565 1702924922000088169
0566 1702924922000128099
0567 1702924922000168076
0568 1702924922000208024
0569 1702924922000248075
0570 1702924922000288084
0571 1702924922000328132
0572 1702924922000368049
0573 1702924922000407997
0574 1702924922000448250
0575 1702924922000488212
0576 1702924922000528117
0577 1702924922000568110
0578 1702924922000608257
0579 1702924922000648134
0580 1702924922000688160
0581 1702924922000728129
0582 1702924922000768169
0583 1702924922000808244
0584 1702924922000848278
0585 1702924922000888277
0586 1702924922000928315
0587 1702924922000968257
0588 1702924923000008155
0589 1702924923000048326
0590 1702924923000088172
0591 1702924923000128148
0592 1702924923000168131
0593 1702924923000208241
0594 1702924923000248273
0595 1702924923000288121
0596 1702924923000328150
0597 1702924923000368221
0598 1702924923000408350
0599 1702924923000448293
0600 1702924923000488416
0601 1702924923000528216
0602 1702924923000568268
0603 1702924923000608338
0604 1702924923000648272
0605 1702924923000688348
0606 1702924923000728396
0607 1702924923000768262
0608 1702924923000808275
0609 1702924923000848344
0610 1702924923000888306
0611 1702924923000928191
0612 1702924923000968382
0613 1702924924000008280
0614 1702924924000048334
0615 1702924924000088380
0616 1702924924000128216
0617 1702924924000168359
0618 1702924924000208478
0619 1702924924000248303
0620 1702924924000288434
0621 1702924924000328328
0622 1702924924000368341
0623 1702924924000408402
0624 1702924924000448335
0625 1702924924000488219
0626 1702924924000528347
0627 1702924924000568294
0628 1702924924000608290
0629 1702924924000648404
0630 1702924924000688476
0631 1702924924000728306
0632 1702924924000768474
0633 1702924924000808444
0634 1702924924000848503
0635 1702924924000888383
0636 1702924924000928492
0637 1702924924000968453
0638 1702924925000008384
0639 1702924925000048531
0640 1702924925000088410
0641 1702924925000128386
0642 1702924925000168465
0643 1702924925000208492
0644 1702924925000248434
0645 1702924925000288502
0646 1702924925000328420
0647 1702924925000368468
0648 1702924925000408388
0649 1702924925000448442
0650 1702924925000488614
0651 1702924925000528403
0652 1702924925000568477
0653 1702924925000608379
0654 1702924925000648422
0655 1702924925000688551
0656 1702924925000728531
0657 1702924925000768452
0658 1702924925000808589
0659 1702924925000848549
0660 1702924925000888455
0661 1702924925000928564
0662 1702924925000968596
0663 1702924926000008678
0664 1702924926000048576
0665 1702924926000088514
0666 1702924926000128480
0667 1702924926000168619
0668 1702924926000208596
0669 1702924926000248509
0670 1702924926000288501
0671 1702924926000328538
0672 1702924926000368588
0673 1702924926000408581
0674 1702924926000448617
0675 1702924926000488585
0676 1702924926000528537
0677 1702924926000568547
0678 1702924926000608656
0679 1702924926000648497
0680 1702924926000688489
0681 1702924926000728693
0682 1702924926000768755
0683 1702924926000808596
0684 1702924926000848599
0685 1702924926000888585
0686 1702924926000928765
0687 1702924926000968664
0688 1702924927000008575
0689 1702924927000048603
0690 1702924927000088725
0691 1702924927000128608
0692 1702924927000168697
0693 1702924927000208762
0694 1702924927000248627
0695 1702924927000288704
0696 1702924927000328667
0697 1702924927000368659
0698 1702924927000408739
0699 1702924927000448782
0700 1702924927000488699
0701 1702924927000528861
0702 1702924927000568763
0703 1702924927000608840
0704 1702924927000648591
0705 1702924927000688695
0706 1702924927000728766
0707 1702924927000768714
0708 1702924927000808715
0709 1702924927000848659
0710 1702924927000888735
0711 1702924927000928678
0712 1702924927000968679
0713 1702924928000008786
0714 1702924928000048794
0715 1702924928000088720
0716 1702924928000128725
0717 1702924928000168839
0718 1702924928000208867
0719 1702924928000248815
0720 1702924928000288895
0721 1702924928000328820
0722 1702924928000368886
0723 1702924928000408839
0724 1702924928000448940
0725 1702924928000488885
0726 1702924928000528894
0727 1702924928000568927
0728 1702924928000608746
0729 1702924928000648819
0730 1702924928000688854
0731 1702924928000728869
0732 1702924928000768969
0733 1702924928000808962
0734 1702924928000848954
0735 1702924928000888927
0736 1702924928000928935
0737 1702924928000968986
0738 1702924929000008748
0739 1702924929000048889
0740 1702924929000088963
0741 1702924929000128988
0742 1702924929000168936
0743 1702924929000208906
0744 1702924929000248987
0745 1702924929000288846
0746 1702924929000328949
0747 1702924929000368931
0748 1702924929000408941
0749 1702924929000448979
0750 1702924929000488933
0751 1702924929000528974
0752 1702924929000568888
0753 1702924929000609010
0754 1702924929000649003
0755 1702924929000688875
0756 1702924929000729079
0757 1702924929000769143
0758 1702924929000808949
0759 1702924929000848952
0760 1702924929000889058
0761 1702924929000928985
0762 1702924929000969030
0763 1702924930000008978
0764 1702924930000049097
0765 1702924930000089144
0766 1702924930000128942
0767 1702924930000169050
0768 1702924930000209009
0769 1702924930000248991
0770 1702924930000289106
0771 1702924930000329055
0772 1702924930000369077
0773 1702924930000409025
0774 1702924930000449158
0775 1702924930000489043
0776 1702924930000529053
0777 1702924930000569033
0778 1702924930000609181
0779 1702924930000648982
0780 1702924930000689182
0781 1702924930000729085
0782 1702924930000769055
0783 1702924930000809103
0784 1702924930000849078
0785 1702924930000889144
0786 1702924930000929160
0787 1702924930000969137
0788 1702924931000009139
0789 1702924931000049230
0790 1702924931000089030
0791 1702924931000129127
0792 1702924931000169204
0793 1702924931000209113
0794 1702924931000249080
0795 1702924931000289078
0796 1702924931000329153
0797 1702924931000369230
0798 1702924931000409218
0799 1702924931000449195
0800 1702924931000489256
0801 1702924931000529193
0802 1702924931000569199
0803 1702924931000609117
0804 1702924931000649229
0805 1702924931000689246
0806 1702924931000729256
0807 1702924931000769248
0808 1702924931000809128
0809 1702924931000849240
0810 1702924931000889233
0811 1702924931000929160
0812 1702924931000969362
0813 1702924932000009206
0814 1702924932000049132
0815 1702924932000089338
0816 1702924932000129212
0817 1702924932000169227
0818 1702924932000209323
0819 1702924932000249286
0820 1702924932000289144
0821 1702924932000329327
0822 1702924932000369197
0823 1702924932000409293
0824 1702924932000449356
0825 1702924932000489446
0826 1702924932000529181
0827 1702924932000569347
0828 1702924932000609369
0829 1702924932000649241
0830 1702924932000689313
0831 1702924932000729351
0832 1702924932000769417
0833 1702924932000809315
0834 1702924932000849463
0835 1702924932000889340
0836 1702924932000929254
0837 1702924932000969300
0838 1702924933000009315
0839 1702924933000049299
0840 1702924933000089288
0841 1702924933000129408
0842 1702924933000169466
0843 1702924933000209481
0844 1702924933000249405
0845 1702924933000289414
0846 1702924933000329415
0847 1702924933000369467
0848 1702924933000409415
0849 1702924933000449390
0850 1702924933000489384
0851 1702924933000529387
0852 1702924933000569513
0853 1702924933000609350
0854 1702924933000649385
0855 1702924933000689298
0856 1702924933000729373
0857 1702924933000769534
0858 1702924933000809436
0859 1702924933000849404
0860 1702924933000889446
0861 1702924933000929359
0862 1702924933000969412
0863 1702924934000009405
0864 1702924934000049588
0865 1702924934000089572
0866 1702924934000129490
0867 1702924934000169524
0868 1702924934000209547
0869 1702924934000249492
0870 1702924934000289446
0871 1702924934000329674
0872 1702924934000369510
0873 1702924934000409637
0874 1702924934000449570
0875 1702924934000489596
0876 1702924934000529573
0877 1702924934000569632
0878 1702924934000609515
0879 1702924934000649551
0880 1702924934000689612
0881 1702924934000729493
0882 1702924934000769504
0883 1702924934000809544
0884 1702924934000849732
0885 1702924934000889564
0886 1702924934000929543
0887 1702924934000969533
0888 1702924935000009549
0889 1702924935000049509
0890 1702924935000089555
0891 1702924935000129586
0892 1702924935000169742
0893 1702924935000209746
0894 1702924935000249607
0895 1702924935000289680
0896 1702924935000329592
0897 1702924935000369666
0898 1702924935000409614
0899 1702924935000449719
0900 1702924935000489578
0901 1702924935000529741
0902 1702924935000569775
0903 1702924935000609554
0904 1702924935000649629
0905 1702924935000689656
0906 1702924935000729760
0907 1702924935000769784
0908 1702924935000809697
0909 1702924935000849773
0910 1702924935000889818
0911 1702924935000929724
0912 1702924935000969698
0913 1702924936000009781
0914 1702924936000049705
0915 1702924936000089705
0916 1702924936000129833
0917 1702924936000169708
0918 1702924936000209858
0919 1702924936000249895
0920 1702924936000289792
0921 1702924936000329768
0922 1702924936000369772
0923 1702924936000409687
0924 1702924936000449707
0925 1702924936000489794
0926 1702924936000529745
0927 1702924936000569902
0928 1702924936000609747
0929 1702924936000649804
0930 1702924936000689889
0931 1702924936000729784
0932 1702924936000769737
0933 1702924936000809782
0934 1702924936000849823
0935 1702924936000889790
0936 1702924936000929805
0937 1702924936000969862
0938 1702924937000009965
0939 1702924937000049765
0940 1702924937000089931
0941 1702924937000129963
0942 1702924937000169781
0943 1702924937000209745
0944 1702924937000249898
0945 1702924937000289834
0946 1702924937000329806
0947 1702924937000369767
0948 1702924937000409925
0949 1702924937000449792
0950 1702924937000489898
0951 1702924937000529931
0952 1702924937000570051
0953 1702924937000609995
0954 1702924937000649910
0955 1702924937000690050
0956 1702924937000729832
0957 1702924937000769971
0958 1702924937000809939
0959 1702924937000850061
0960 1702924937000889806
0961 1702924937000929921
0962 1702924937000969983
0963 1702924938000010109
0964 1702924938000049849
0965 1702924938000090039
0966 1702924938000130049
0967 1702924938000169994
0968 1702924938000209961
0969 1702924938000250021
0970 1702924938000289914
0971 1702924938000330054
0972 1702924938000369940
0973 1702924938000410016
0974 1702924938000450035
0975 1702924938000490006
0976 1702924938000529920
0977 1702924938000569958
0978 1702924938000610109
0979 1702924938000650140
0980 1702924938000690096
0981 1702924938000730054
0982 1702924938000770109
0983 1702924938000810084
0984 1702924938000850204
0985 1702924938000890110
0986 1702924938000930120
0987 1702924938000970092
0988 1702924939000010014
0989 1702924939000050115
0990 1702924939000090106
0991 1702924939000130059
0992 1702924939000170021
0993 1702924939000210251
0994 1702924939000250045
0995 1702924939000290235
0996 1702924939000330032
0997 1702924939000370022
0998 1702924939000410171
0999 1702924939000450149
1000 1702924939000490109
1001 1702924939000530164
1002 1702924939000570219
1003 1702924939000610117
1004 1702924939000650260
1005 1702924939000690285
1006 1702924939000730102
1007 1702924939000770225
1008 1702924939000810116
1009 1702924939000850216
1010 1702924939000890338
1011 1702924939000930154
1012 1702924939000970229
1013 1702924940000010163
1014 1702924940000050225
1015 1702924940000090070
1016 1702924940000130281
1017 1702924940000170125
1018 1702924940000210199
1019 1702924940000250203
1020 1702924940000290162
1021 1702924940000330262
1022 1702924940000370294
1023 1702924940000410314
1024 1702924940000450232
1025 1702924940000490240
1026 1702924940000530192
1027 1702924940000570207
1028 1702924940000610273
1029 1702924940000650258
1030 1702924940000690277
1031 1702924940000730205
1032 1702924940000770408
1033 1702924940000810373
1034 1702924940000850354
1035 1702924940000890289
1036 1702924940000930296
1037 1702924940000970347
1038 1702924941000010297
1039 1702924941000050296
1040 1702924941000090295
1041 1702924941000130323
1042 1702924941000170461
1043 1702924941000210361
1044 1702924941000250249
1045 1702924941000290482
1046 1702924941000330264
1047 1702924941000370515
1048 1702924941000410405
1049 1702924941000450285
1050 1702924941000490347
1051 1702924941000530473
1052 1702924941000570472
1053 1702924941000610320
1054 1702924941000650446
1055 1702924941000690476
1056 1702924941000730347
1057 1702924941000770338
1058 1702924941000810430
1059 1702924941000850513
1060 1702924941000890430
1061 1702924941000930429
1062 1702924941000970514
1063 1702924942000010445
1064 1702924942000050539
1065 1702924942000090463
1066 1702924942000130500
1067 1702924942000170617
1068 1702924942000210359
1069 1702924942000250422
1070 1702924942000290471
1071 1702924942000330624
1072 1702924942000370536
1073 1702924942000410597
1074 1702924942000450471
1075 1702924942000490409
1076 1702924942000530431
1077 1702924942000570538
1078 1702924942000610522
1079 1702924942000650480
1080 1702924942000690583
1081 1702924942000730500
1082 1702924942000770665
1083 1702924942000810499
1084 1702924942000850535
1085 1702924942000890494
1086 1702924942000930478
1087 1702924942000970529
1088 1702924943000010598
1089 1702924943000050524
1090 1702924943000090540
1091 1702924943000130676
1092 1702924943000170524
1093 1702924943000210520
1094 1702924943000250693
1095 1702924943000290537
1096 1702924943000330481
1097 1702924943000370582
1098 1702924943000410761
1099 1702924943000450630
1100 1702924943000490594
1101 1702924943000530643
1102 1702924943000570725
1103 1702924943000610633
1104 1702924943000650640
1105 1702924943000690687
1106 1702924943000730559
1107 1702924943000770639
1108 1702924943000810758
1109 1702924943000850752
1110 1702924943000890589
1111 1702924943000930664
1112 1702924943000970553
1113 1702924944000010726
1114 1702924944000050555
1115 1702924944000090809
1116 1702924944000130692
1117 1702924944000170641
1118 1702924944000210829
1119 1702924944000250747
1120 1702924944000290728
1121 1702924944000330724
1122 1702924944000370663
1123 1702924944000410632
1124 1702924944000450643
1125 1702924944000490823
1126 1702924944000530703
1127 1702924944000570767
1128 1702924944000610764
1129 1702924944000650782
1130 1702924944000690781
1131 1702924944000730818
1132 1702924944000770639
1133 1702924944000810755
1134 1702924944000850878
1135 1702924944000890950
1136 1702924944000930842
1137 1702924944000970786
1138 1702924945000010780
1139 1702924945000050875
1140 1702924945000090832
1141 1702924945000130855
1142 1702924945000170864
1143 1702924945000210854
1144 1702924945000250778
1145 1702924945000290795
1146 1702924945000330873
1147 1702924945000370796
1148 1702924945000410918
1149 1702924945000450760
1150 1702924945000490833
1151 1702924945000530778
1152 1702924945000570964
1153 1702924945000610843
1154 1702924945000650827
1155 1702924945000690926
1156 1702924945000730862
1157 1702924945000770844
1158 1702924945000810889
1159 1702924945000850984
1160 1702924945000890954
1161 1702924945000930908
1162 1702924945000970829
1163 1702924946000010864
1164 1702924946000051019
1165 1702924946000090941
1166 1702924946000130844
1167 1702924946000170885
1168 1702924946000210960
1169 1702924946000250985
1170 1702924946000290969
1171 1702924946000330913
1172 1702924946000370944
1173 1702924946000410996
1174 1702924946000450899
1175 1702924946000490990
1176 1702924946000530967
1177 1702924946000570883
1178 1702924946000611018
1179 1702924946000650985
1180 1702924946000690967
1181 1702924946000730914
1182 1702924946000771049
1183 1702924946000810997
1184 1702924946000851069
1185 1702924946000890957
1186 1702924946000931092
1187 1702924946000971093
1188 1702924947000010953
1189 1702924947000051179
1190 1702924947000091064
1191 1702924947000131205
1192 1702924947000171082
1193 1702924947000211110
1194 1702924947000251039
1195 1702924947000290997
1196 1702924947000330984
1197 1702924947000370994
1198 1702924947000411150
1199 1702924947000451225
1200 1702924947000491107
1201 1702924947000531052
1202 1702924947000571078
1203 1702924947000611153
1204 1702924947000651057
1205 1702924947000691019
1206 1702924947000731085
1207 1702924947000771202
1208 1702924947000811007
1209 1702924947000851107
1210 1702924947000891075
1211 1702924947000931064
1212 1702924947000971283
1213 1702924948000011258
1214 1702924948000051115
1215 1702924948000091070
1216 1702924948000131224
1217 1702924948000171294
1218 1702924948000211251
1219 1702924948000251068
1220 1702924948000291268
1221 1702924948000331245
1222 1702924948000371177
1223 1702924948000411283
1224 1702924948000451126
1225 1702924948000491151
1226 1702924948000531261
1227 1702924948000571096
1228 1702924948000611364
1229 1702924948000651117
1230 1702924948000691262
1231 1702924948000731205
1232 1702924948000771296
1233 1702924948000811133
1234 1702924948000851235
1235 1702924948000891280
1236 1702924948000931338
1237 1702924948000971269
1238 1702924949000011137
1239 1702924949000051258
1240 1702924949000091241
1241 1702924949000131205
1242 1702924949000171362
1243 1702924949000211258
1244 1702924949000251453
1245 1702924949000291261
1246 1702924949000331198
1247 1702924949000371313
1248 1702924949000411408
1249 1702924949000451287
1250 1702924949000491293
1251 1702924949000531260
1252 1702924949000571356
1253 1702924949000611281
1254 1702924949000651426
1255 1702924949000691356
1256 1702924949000731446
1257 1702924949000771380
1258 1702924949000811254
1259 1702924949000851477
1260 1702924949000891357
1261 1702924949000931474
1262 1702924949000971448
1263 1702924950000011437
1264 1702924950000051391
1265 1702924950000091355
1266 1702924950000131399
1267 1702924950000171397
1268 1702924950000211274
1269 1702924950000251328
1270 1702924950000291367
1271 1702924950000331546
1272 1702924950000371517
1273 1702924950000411539
1274 1702924950000451482
1275 1702924950000491388
1276 1702924950000531355
1277 1702924950000571561
1278 1702924950000611462
1279 1702924950000651326
1280 1702924950000691371
1281 1702924950000731419
1282 1702924950000771613
1283 1702924950000811467
1284 1702924950000851381
1285 1702924950000891466
1286 1702924950000931432
1287 1702924950000971456
1288 1702924951000011516
1289 1702924951000051476
1290 1702924951000091546
1291 1702924951000131421
1292 1702924951000171580
1293 1702924951000211492
1294 1702924951000251496
1295 1702924951000291515
1296 1702924951000331417
1297 1702924951000371437
1298 1702924951000411496
1299 1702924951000451468
1300 1702924951000491495
1301 1702924951000531477
1302 1702924951000571582
1303 1702924951000611508
1304 1702924951000651638
1305 1702924951000691578
1306 1702924951000731701
1307 1702924951000771522
1308 1702924951000811726
1309 1702924951000851725
1310 1702924951000891697
1311 1702924951000931698
1312 1702924951000971587
1313 1702924952000011701
1314 1702924952000051605
1315 1702924952000091734
1316 1702924952000131566
1317 1702924952000171565
1318 1702924952000211774
1319 1702924952000251709
1320 1702924952000291685
1321 1702924952000331692
1322 1702924952000371702
1323 1702924952000411562
1324 1702924952000451745
1325 1702924952000491744
1326 1702924952000531724
1327 1702924952000571652
1328 1702924952000611713
1329 1702924952000651686
1330 1702924952000691711
1331 1702924952000731758
1332 1702924952000771583
1333 1702924952000811690
1334 1702924952000851836
1335 1702924952000891781
1336 1702924952000931769
1337 1702924952000971859
1338 1702924953000011664
1339 1702924953000051761
1340 1702924953000091717
1341 1702924953000131730
1342 1702924953000171881
1343 1702924953000211744
1344 1702924953000251755
1345 1702924953000291868
1346 1702924953000331786
1347 1702924953000371729
1348 1702924953000411771
1349 1702924953000451695
1350 1702924953000491843
1351 1702924953000531827
1352 1702924953000571835
1353 1702924953000611776
1354 1702924953000651770
1355 1702924953000691845
1356 1702924953000731818
1357 1702924953000771729
1358 1702924953000811770
1359 1702924953000851809
1360 1702924953000891806
1361 1702924953000931911
1362 1702924953000971879
1363 1702924954000011792
1364 1702924954000051824
1365 1702924954000091963
1366 1702924954000132036
1367 1702924954000171879
1368 1702924954000211869
1369 1702924954000251882
1370 1702924954000291928
1371 1702924954000331809
1372 1702924954000371910
1373 1702924954000411935
1374 1702924954000451937
1375 1702924954000491907
1376 1702924954000531943
1377 1702924954000571970
1378 1702924954000611918
1379 1702924954000652045
1380 1702924954000691949
1381 1702924954000731922
1382 1702924954000771905
1383 1702924954000811940
1384 1702924954000852008
1385 1702924954000892011
1386 1702924954000932106
1387 1702924954000971914
1388 1702924955000012019
1389 1702924955000052088
1390 1702924955000091951
1391 1702924955000132056
1392 1702924955000171946
1393 1702924955000212043
1394 1702924955000252086
1395 1702924955000292037
1396 1702924955000332013
1397 1702924955000371967
1398 1702924955000411944
1399 1702924955000452099
1400 1702924955000492029
1401 1702924955000532136
1402 1702924955000572204
1403 1702924955000612192
1404 1702924955000652080
1405 1702924955000692084
1406 1702924955000732086
1407 1702924955000771989
1408 1702924955000812122
1409 1702924955000852092
1410 1702924955000892119
1411 1702924955000931985
1412 1702924955000972152
1413 1702924956000012087
1414 1702924956000052212
1415 1702924956000092216
1416 1702924956000132029
1417 1702924956000172219
1418 1702924956000212042
1419 1702924956000252073
1420 1702924956000292153
1421 1702924956000332192
1422 1702924956000372097
1423 1702924956000412102
1424 1702924956000452139
1425 1702924956000492147
1426 1702924956000532131
1427 1702924956000572155
1428 1702924956000612275
1429 1702924956000652169
1430 1702924956000692070
1431 1702924956000732171
1432 1702924956000772221
1433 1702924956000812161
1434 1702924956000852104
1435 1702924956000892179
1436 1702924956000932350
1437 1702924956000972321
1438 1702924957000012185
1439 1702924957000052122
1440 1702924957000092244
1441 1702924957000132217
1442 1702924957000172354
1443 1702924957000212231
1444 1702924957000252279
1445 1702924957000292344
1446 1702924957000332217
1447 1702924957000372259
1448 1702924957000412201
1449 1702924957000452199
1450 1702924957000492362
1451 1702924957000532264
1452 1702924957000572414
1453 1702924957000612190
1454 1702924957000652235
1455 1702924957000692370
1456 1702924957000732183
1457 1702924957000772224
1458 1702924957000812292
1459 1702924957000852334
1460 1702924957000892289
1461 1702924957000932402
1462 1702924957000972356
1463 1702924958000012340
1464 1702924958000052332
1465 1702924958000092392
1466 1702924958000132357
1467 1702924958000172427
1468 1702924958000212366
1469 1702924958000252421
1470 1702924958000292426
1471 1702924958000332426
1472 1702924958000372277
1473 1702924958000412408
1474 1702924958000452472
1475 1702924958000492288
1476 1702924958000532411
1477 1702924958000572354
1478 1702924958000612491
1479 1702924958000652469
1480 1702924958000692400
1481 1702924958000732343
1482 1702924958000772327
1483 1702924958000812392
1484 1702924958000852437
1485 1702924958000892585
1486 1702924958000932387
1487 1702924958000972452
1488 1702924959000012323
1489 1702924959000052535
1490 1702924959000092517
1491 1702924959000132426
1492 1702924959000172523
1493 1702924959000212504
1494 1702924959000252360
1495 1702924959000292570
1496 1702924959000332591
1497 1702924959000372456
1498 1702924959000412555
1499 1702924959000452480
1500 1702924959000492492
