0 1702923713000320 0.002580 0.004404 0.004000
1 1702923714259999 0.002580 0.004404 0.004000
0 1702923715000640 0.613317 0.136246 0.011586
1 1702923715009999 0.001709 0.002196 0.004000
0 1702923716000600 3.442745 0.684183 0.043307
1 1702923716009999 -0.111716 -0.070538 -0.007000
0 1702923717000760 8.783629 -0.139399 0.031646
1 1702923717009999 -0.495609 -0.346952 -0.013000
0 1702923718000760 16.318341 -2.547369 -0.033651
1 1702923718009999 -1.122843 -0.864088 -0.003000
0 1702923719000000 18.367622 -3.293052 -0.055301
1 1702923719000000 -1.783545 -1.605036 0.017000
0 1702923719000920 26.647757 -6.899186 -0.166646
1 1702923719009999 -1.789528 -1.612721 0.018000
0 1702923720000920 35.468703 -12.367279 -0.355535
1 1702923720010000 -2.293596 -2.479222 0.036000
0 1702923721000880 42.506703 -17.060357 -0.538289
1 1702923721010000 -2.678616 -3.518472 0.025000
0 1702923722000000 43.131077 -17.400637 -0.553503
1 1702923722000000 -2.890154 -4.677971 -0.014000
0 1702923722000880 46.350938 -18.352857 -0.608436
1 1702923722009999 -2.891171 -4.690171 -0.014000
0 1702923723000840 48.446102 -17.893142 -0.607813
1 1702923723009999 -2.894099 -5.975985 -0.034000
0 1702923724000560 49.351315 -17.742011 -0.606130
1 1702923724009999 -2.685438 -7.413697 -0.021000
0 1702923725000800 50.213855 -17.375868 -0.598050
1 1702923725009999 -2.282979 -8.958631 -0.018000
0 1702923726000840 50.756022 -16.876957 -0.586256
1 1702923726009999 -1.759022 -10.566419 -0.050000
0 1702923727000960 51.874899 -16.629386 -0.582923
1 1702923727009999 -1.113964 -12.207075 -0.078000
0 1702923728000840 52.875387 -16.944238 -0.599936
1 1702923728009999 -0.171083 -13.779923 -0.084000
0 1702923729000000 53.016961 -17.046794 -0.605022
1 1702923729000000 1.151656 -15.008561 -0.083000
0 1702923729000960 53.311335 -17.196071 -0.620940
1 1702923729009999 1.165777 -15.017652 -0.083000
0 1702923730000840 53.740769 -17.141829 -0.622816
1 1702923730009999 2.828403 -15.711615 -0.115000
0 1702923731000960 53.995748 -16.946670 -0.619605
1 1702923731009999 4.734885 -15.843954 -0.131000
0 1702923732000850 54.097478 -16.800855 -0.616272
1 1702923732009999 7.002455 -15.425273 -0.110000
0 1702923733000890 54.110538 -16.558185 -0.609412
1 1702923733009999 9.551677 -14.497711 -0.104000
0 1702923734000850 54.142913 -16.317407 -0.602228
1 1702923734009999 12.222699 -13.326533 -0.138000
0 1702923735000930 54.160976 -16.041315 -0.594053
1 1702923735009999 15.161771 -11.944976 -0.172000
0 1702923736000890 54.185996 -15.768462 -0.585790
1 1702923736010000 18.336279 -10.461381 -0.207000
0 1702923737000930 54.196664 -15.496445 -0.577596
1 1702923737010000 21.728487 -8.884371 -0.226000
0 1702923738000970 54.218255 -15.189729 -0.568427
1 1702923738010000 25.134449 -7.284243 -0.243000
0 1702923739000890 54.206337 -14.925811 -0.560384
1 1702923739010000 28.460053 -5.731793 -0.261000
0 1702923740000930 54.232177 -14.600581 -0.550564
1 1702923740010000 31.758146 -4.225575 -0.269000
0 1702923741000930 54.240366 -14.309855 -0.541740
1 1702923741010000 35.042711 -2.726931 -0.288000
0 1702923742000850 54.267241 -14.101901 -0.535619
1 1702923742010000 38.254641 -1.263863 -0.301000
0 1702923743000810 54.359582 -14.013556 -0.533453
1 1702923743010000 41.126679 0.064277 -0.302000
0 1702923744000890 54.811735 -14.618179 -0.555786
1 1702923744010000 43.549093 1.322391 -0.322000
0 1702923745000970 55.380547 -15.018655 -0.574820
1 1702923745010000 45.355864 2.968183 -0.329000
0 1702923746000970 55.471682 -15.659847 -0.602411
1 1702923746010000 46.292404 5.366267 -0.323000
0 1702923747000890 55.619305 -16.065841 -0.622407
1 1702923747010000 46.028760 8.316054 -0.301000
0 1702923748000610 55.667527 -15.837475 -0.616512
1 1702923748010000 44.949396 10.989093 -0.242000
0 1702923749000890 55.795443 -16.031012 -0.626763
1 1702923749010000 43.809731 13.380972 -0.189000
0 1702923750000890 56.074854 -16.617140 -0.653517
1 1702923750010000 42.319530 15.712476 -0.154000
0 1702923751000970 56.285486 -16.846814 -0.666099
1 1702923751010000 40.028220 17.105213 -0.129000
0 1702923752000890 56.380242 -16.817509 -0.666522
1 1702923752009999 36.884045 17.060258 -0.126000
0 1702923753000930 56.447006 -16.699020 -0.663244
1 1702923753009999 33.219139 15.812591 -0.116000
0 1702923754000970 56.504894 -16.591853 -0.660294
1 1702923754009999 29.385625 14.159876 -0.093000
0 1702923755000850 56.548842 -16.460435 -0.656204
1 1702923755009999 25.496519 12.375840 -0.055000
0 1702923756000970 56.606680 -16.318666 -0.652012
1 1702923756009999 21.460096 10.495139 -0.045000
0 1702923757000930 56.658527 -16.189096 -0.648109
1 1702923757009999 17.266124 8.563451 -0.014000
0 1702923758000890 56.709437 -16.031014 -0.643176
1 1702923758009999 12.917013 6.630709 -0.016000
0 1702923759000810 56.761801 -15.918206 -0.639934
1 1702923759009999 8.410337 4.760243 -0.003000
0 1702923760000930 56.847835 -16.023096 -0.645131
1 1702923760009999 4.057088 3.003012 0.040000
0 1702923761000970 56.907101 -16.313076 -0.659166
1 1702923761009999 0.260428 1.119917 0.058000
0 1702923762000930 56.855997 -16.101421 -0.655199
1 1702923762009999 -2.276981 -1.746594 0.059000
0 1702923763000890 56.820206 -15.945454 -0.651768
1 1702923763009999 -2.938715 -5.473424 0.045000
0 1702923764000970 56.807475 -15.813969 -0.648137
1 1702923764009999 -2.045061 -9.201969 0.026000
0 1702923765000930 56.800408 -15.662542 -0.643299
1 1702923765009999 -0.142379 -12.508922 0.002000
0 1702923766000890 56.303707 -14.994370 -0.621074
1 1702923766009999 2.958045 -14.761893 -0.059000
0 1702923767000850 54.932607 -13.461578 -0.571793
1 1702923767009999 7.029038 -15.213574 -0.132000
0 1702923768000890 54.583175 -13.111672 -0.561217
1 1702923768009999 11.364244 -14.001289 -0.150000
0 1702923769000410 54.604330 -13.092254 -0.560558
1 1702923769009999 15.791046 -12.031933 -0.159000
0 1702923770000930 54.724147 -13.234741 -0.565411
1 1702923770009999 20.243061 -9.829758 -0.179000
0 1702923771000850 54.869103 -13.399731 -0.570791
1 1702923771009999 24.559429 -7.614487 -0.211000
0 1702923772000570 55.115159 -13.752000 -0.582441
1 1702923772009999 28.785516 -5.494495 -0.234000
0 1702923773000730 55.438432 -13.975227 -0.589606
1 1702923773009999 33.068614 -3.546341 -0.230000
0 1702923774000370 55.475694 -14.098761 -0.594032
1 1702923774009999 37.377991 -1.692954 -0.250000
0 1702923775000930 53.811177 -12.291720 -0.537359
1 1702923775009999 41.401817 0.129088 -0.290000
0 1702923776000970 51.475190 -7.745413 -0.395287
1 1702923776009999 44.619408 2.550361 -0.320000
0 1702923777000970 51.110228 -5.828751 -0.340876
1 1702923777009999 46.083857 5.954511 -0.286000
0 1702923778000810 51.121052 -5.761421 -0.344083
1 1702923778009999 45.467640 9.391386 -0.248000
0 1702923779000730 51.078006 -5.526029 -0.336556
1 1702923779009999 44.002301 12.560886 -0.217000
0 1702923780000970 50.891649 -4.963559 -0.321321
1 1702923780010000 42.146943 15.321920 -0.171000
0 1702923781000930 50.955664 -4.954521 -0.323080
1 1702923781010000 39.492391 16.759958 -0.144000
0 1702923782000810 50.929229 -4.940831 -0.323278
1 1702923782009999 36.416698 16.581860 -0.153000
0 1702923783000890 50.920695 -4.979456 -0.325043
1 1702923783009999 33.013394 15.448061 -0.114000
0 1702923784000450 50.921305 -4.961197 -0.324302
1 1702923784009999 29.290537 13.908097 -0.041000
0 1702923785000290 50.909491 -4.938940 -0.323718
1 1702923785009999 25.101127 12.058508 -0.034000
0 1702923786000930 50.895550 -4.880992 -0.321912
1 1702923786009999 20.400701 9.897727 -0.037000
0 1702923787000810 50.890851 -4.913155 -0.323410
1 1702923787009999 15.146682 7.552966 -0.029000
0 1702923788000610 50.880901 -4.930198 -0.324913
1 1702923788009999 9.745531 5.181495 -0.014000
0 1702923789000650 50.862350 -4.957960 -0.327115
1 1702923789009999 4.738296 2.969703 0.026000
0 1702923790000970 50.861700 -4.528531 -0.316013
1 1702923790009999 0.576310 0.989808 0.055000
0 1702923791000930 51.014595 -4.794184 -0.329859
1 1702923791009999 -2.273585 -1.343564 0.063000
0 1702923792000930 51.084000 -4.972343 -0.338398
1 1702923792009999 -3.199987 -4.306991 0.056000
0 1702923793000970 51.079622 -5.117516 -0.344699
1 1702923793009999 -2.674450 -7.464937 0.056000
0 1702923794000930 51.088621 -5.223430 -0.349124
1 1702923794009999 -1.487863 -10.601488 0.026000
0 1702923795000930 51.173672 -5.400717 -0.355805
1 1702923795009999 0.293184 -13.569091 0.010000
0 1702923796000970 51.389371 -5.668438 -0.365834
1 1702923796010000 3.068554 -15.345370 -0.008000
0 1702923797000970 51.493689 -5.951678 -0.376588
1 1702923797010000 6.610366 -15.402866 -0.095000
0 1702923798000890 51.512290 -6.081275 -0.381941
1 1702923798010000 10.388328 -14.109122 -0.144000
0 1702923799000810 51.476804 -6.037967 -0.380765
1 1702923799010000 14.384682 -12.274477 -0.169000
0 1702923800000970 51.515354 -6.223025 -0.388128
1 1702923800010000 18.611581 -10.156724 -0.170000
0 1702923801000370 51.513501 -6.232731 -0.388652
1 1702923801010000 23.070903 -7.913569 -0.200000
0 1702923802000650 51.489318 -6.298899 -0.391711
1 1702923802010000 27.465533 -5.736087 -0.217000
0 1702923803000810 51.460953 -6.337711 -0.393751
1 1702923803010000 31.561182 -3.819608 -0.224000
0 1702923804000930 51.437976 -6.357260 -0.394889
1 1702923804010000 35.408819 -2.119351 -0.258000
0 1702923805000930 51.425994 -6.322371 -0.393822
1 1702923805010000 39.183959 -0.502421 -0.256000
0 1702923806000930 51.801009 -6.882894 -0.413297
1 1702923806010000 42.780129 1.203747 -0.280000
0 1702923807000890 51.781972 -7.507309 -0.438257
1 1702923807010000 45.436943 3.694314 -0.277000
0 1702923808000970 51.736204 -8.059915 -0.458921
1 1702923808010000 46.122003 6.897802 -0.264000
0 1702923809000930 51.761961 -8.370594 -0.471737
1 1702923809010000 45.224471 10.020112 -0.246000
0 1702923810000860 51.792717 -8.833148 -0.489269
1 1702923810010000 43.954687 12.973546 -0.204000
0 1702923811000940 51.813781 -9.789580 -0.526856
1 1702923811010000 42.377178 15.583933 -0.175000
0 1702923812000940 51.844662 -10.159823 -0.541664
1 1702923812009999 40.109927 17.016293 -0.163000
0 1702923813000980 51.872424 -10.288096 -0.546643
1 1702923813009999 37.590630 17.042125 -0.154000
0 1702923814000740 51.899398 -10.372467 -0.549479
1 1702923814009999 35.134777 16.419659 -0.153000
0 1702923815000820 51.912371 -10.462026 -0.552481
1 1702923815009999 32.759995 15.550603 -0.187000
0 1702923816000860 51.925699 -10.555997 -0.555860
1 1702923816009999 30.425208 14.549933 -0.182000
0 1702923817000700 51.928199 -10.558471 -0.555982
1 1702923817009999 27.994258 13.452958 -0.148000
0 1702923818000540 51.935740 -10.609454 -0.557922
1 1702923818009999 25.351971 12.239158 -0.117000
0 1702923819000420 51.935850 -10.652871 -0.559614
1 1702923819009999 22.447111 10.902622 -0.047000
0 1702923820000860 51.948259 -10.747814 -0.563341
1 1702923820009999 19.455716 9.497401 -0.030000
0 1702923821000980 51.966819 -10.855734 -0.567700
1 1702923821009999 16.339126 8.017398 -0.011000
0 1702923822000900 51.982170 -10.946974 -0.571483
1 1702923822009999 13.170567 6.481527 -0.001000
0 1702923823000980 52.002312 -11.066401 -0.576426
1 1702923823009999 10.072669 4.961278 0.014000
0 1702923824000780 52.019457 -11.128062 -0.579053
1 1702923824009999 7.094129 3.518119 0.012000
0 1702923825000860 52.035198 -11.190421 -0.581754
1 1702923825009999 4.776409 2.423932 0.026000
0 1702923826000900 52.047207 -11.229434 -0.583462
1 1702923826009999 3.259177 1.711091 0.031000
0 1702923827000500 52.052150 -11.247171 -0.584235
1 1702923827009999 2.244178 1.225182 0.048000
0 1702923828000020 52.056423 -11.262035 -0.584879
1 1702923828009999 1.465665 0.855729 0.065000
