0 1688725888000890 13.086209 -27.853791 -0.477000
1 1688725888010000 13.086209 -27.853791 -0.477000
0 1688725889000970 13.323798 -33.296985 -0.598956
1 1688725889010000 14.848398 -32.797550 -0.626000
0 1688725890000970 13.421017 -38.509984 -0.713166
1 1688725890010000 16.541857 -38.084532 -0.827000
0 1688725891000970 13.565822 -43.875445 -0.828893
1 1688725891010000 18.308085 -42.981713 -0.960000
0 1688725892000970 13.743493 -49.265018 -0.946517
1 1688725892009999 20.136994 -48.007505 -1.055000
0 1688725893000970 13.821624 -54.723092 -1.066088
1 1688725893009999 21.992454 -53.052563 -1.197000
0 1688725894000970 13.918847 -60.466264 -1.187242
1 1688725894009999 23.699630 -58.089901 -1.315000
0 1688725895000970 14.083204 -65.926285 -1.307295
1 1688725895009999 25.699604 -62.655149 -1.395000
0 1688725896000930 14.263524 -71.344819 -1.423257
1 1688725896009999 27.698244 -67.197060 -1.319000
0 1688725897000970 14.548164 -77.337829 -1.551915
1 1688725897009999 29.652473 -71.967065 -1.371000
0 1688725898000970 14.987930 -83.144774 -1.674383
1 1688725898009999 31.595829 -76.850173 -1.512000
0 1688725899000970 15.401330 -88.407985 -1.785330
1 1688725899009999 33.549365 -81.667914 -1.611000
0 1688725900000850 15.865249 -92.179154 -1.869560
1 1688725900009999 35.314273 -85.911038 -1.706000
0 1688725901000810 16.748523 -95.748226 -1.942798
1 1688725901009999 36.744795 -89.570752 -1.799000
0 1688725902000850 19.800373 -98.154772 -1.989687
1 1688725902009999 38.001205 -92.350698 -1.952000
0 1688725903000970 24.425447 -100.197475 -2.025484
1 1688725903009999 39.353609 -94.413610 -2.012000
0 1688725904000970 29.923922 -101.367269 -2.040282
1 1688725904009999 41.425254 -96.427066 -2.099000
0 1688725905000930 35.017307 -101.862076 -2.038653
1 1688725905009999 44.881220 -98.318611 -2.173000
0 1688725906000970 40.398688 -101.756916 -2.024761
1 1688725906009999 48.980013 -99.135782 -2.159000
0 1688725907000930 45.319151 -101.496380 -2.008174
1 1688725907009999 53.144425 -98.904571 -2.190000
0 1688725908000930 50.652513 -101.238259 -1.990283
1 1688725908009999 57.555545 -98.543711 -1.955000
0 1688725909000930 56.147662 -100.985614 -1.971569
1 1688725909009999 61.937443 -97.198599 -1.877000
0 1688725910000970 62.042054 -100.580426 -1.950108
1 1688725910009999 66.527617 -95.542279 -1.852000
0 1688725911000930 67.646031 -100.180150 -1.929193
1 1688725911009999 71.359978 -93.836194 -1.859000
0 1688725912000970 73.826513 -99.779333 -1.906199
1 1688725912009999 76.391825 -92.076387 -1.933000
0 1688725913000970 79.569987 -99.424645 -1.886013
1 1688725913009999 81.491922 -90.293145 -1.950000
0 1688725914000940 84.814491 -99.147935 -1.867483
1 1688725914009999 86.437356 -88.594253 -1.946000
0 1688725915000940 90.132005 -98.855803 -1.849023
1 1688725915009999 91.173205 -87.008891 -1.919000
0 1688725916000900 94.832668 -98.540282 -1.831898
1 1688725916009999 95.798963 -85.498536 -1.894000
0 1688725917000820 99.295845 -98.776204 -1.829218
1 1688725917009999 100.132940 -84.103843 -1.886000
0 1688725918000980 105.541980 -99.817469 -1.843329
1 1688725918009999 104.006851 -82.981144 -1.862000
0 1688725919000980 111.207954 -101.313342 -1.857531
1 1688725919009999 107.644744 -82.346910 -1.898000
0 1688725920000940 115.205108 -103.450457 -1.875772
1 1688725920010000 111.193987 -82.616364 -1.919000
0 1688725921000940 117.842639 -105.716711 -1.892220
1 1688725921010000 114.371311 -83.954154 -1.902000
0 1688725922000940 119.473298 -107.621614 -1.901546
1 1688725922009999 116.750516 -86.265226 -1.912000
0 1688725923000980 119.950075 -108.964585 -1.910005
1 1688725923009999 118.091338 -89.524976 -1.838000
0 1688725924000740 120.189799 -109.475171 -1.911597
1 1688725924009999 118.458210 -93.282408 -1.809000
0 1688725925000860 120.485074 -109.886174 -1.911700
1 1688725925009999 118.167541 -96.998041 -1.868000
0 1688725926000940 120.504060 -110.403675 -1.914110
1 1688725926009999 117.716392 -100.794611 -1.918000
0 1688725927000980 120.268419 -110.843529 -1.917197
1 1688725927009999 117.056005 -104.393805 -1.946000
0 1688725928000980 120.154887 -111.296522 -1.918990
1 1688725928009999 115.707024 -107.378884 -1.966000
0 1688725929000820 119.725328 -111.602085 -1.921614
1 1688725929009999 113.672384 -109.721020 -1.986000
0 1688725930000820 119.389647 -112.040956 -1.923260
1 1688725930009999 111.260619 -111.420274 -1.962000
0 1688725931000940 119.275618 -112.517023 -1.925804
1 1688725931009999 108.668224 -112.570569 -1.872000
0 1688725932000980 119.199897 -112.923440 -1.928566
1 1688725932009999 106.007512 -113.518881 -1.825000
0 1688725933000940 119.127466 -113.239401 -1.930740
1 1688725933009999 103.361200 -114.399667 -1.809000
0 1688725934000620 119.085824 -113.420021 -1.931976
1 1688725934009999 101.077949 -115.163608 -1.796000
0 1688725935000780 119.031369 -113.664787 -1.933699
1 1688725935009999 99.367934 -115.771577 -1.760000
0 1688725936000900 118.995253 -113.832886 -1.934849
1 1688725936010000 97.980911 -116.193270 -1.746000
0 1688725937000780 118.972620 -113.934337 -1.935540
1 1688725937010000 96.740800 -116.487190 -1.783000
