1703155440000740 8.14410597514952e-07 -2.39223851116059e-06 -1.16005719938553e-06 -1.76624392662076e-06 -5.00134817949435e-06 -3.11362667424188e-06 0.999999999981086
1703155441000020 -0.147358069138762 -0.132084224796411 0.136895091564852 0.00114326044492782 0.000373773588678056 0.00100645842535781 0.999998770144392
1703155441000140 -0.214867705139195 -0.19044028821638 0.19940593443834 0.000794867325414831 -0.000234181430339959 0.00266214303823464 0.999996113162165
1703155441000260 -0.281267233116875 -0.250572666551139 0.262126714205982 0.00116091012819637 0.000165095670943057 0.00224066598029724 0.999996802218416
1703155441000380 -0.35046408277078 -0.311021907228405 0.32681895830161 0.00169694934008325 0.00054507431595479 0.00175887788752451 0.999996864797837
1703155441000460 -0.400225794374046 -0.353513152630009 0.372903698372603 0.00119349155365807 0.000328398448332778 0.00155278151809255 0.99999802829902
1703155441000540 -0.449236437900012 -0.395450931042226 0.418134853062122 0.000655330429090805 8.11499081144773e-05 0.00174893361666787 0.999998252592436
1703155441000620 -0.494868956901093 -0.43581122637197 0.461043385015125 0.000763824930917905 0.000200268679292829 0.00129587404475035 0.999998848586533
1703155441000700 -0.541691003498213 -0.476570841854275 0.504627443497619 0.000427536378885727 -2.59675937864348e-05 0.00142150599791675 0.999998897928906
1703155441000780 -0.589749431618212 -0.517418893554402 0.548977782120015 0.000288150908406812 -7.13658479806009e-05 0.00151698401958581 0.999998805317013
1703155441000860 -0.636544376241693 -0.558276529066775 0.592779431764919 6.47774686150841e-05 -6.60058180859591e-05 0.00109407309390276 0.999999397225407
1703155441000940 -0.682112886754871 -0.598259439324608 0.635343127762399 0.000255132167330784 4.61455077095828e-05 0.000874136206679975 0.999999584331944
1703155442000020 -0.7254754276628 -0.637415303441398 0.676253786511199 0.000514366813248714 0.000172736590049839 0.000668172367191993 0.999999629567201
1703155442000060 -0.747114451380738 -0.656554756220843 0.696420172380035 0.000719315654305577 0.000194960011925276 0.000867060915300655 0.999999346390263
1703155442000140 -0.789153034745737 -0.694621327202417 0.736144190240494 0.00135807020361814 0.00054166502995441 0.000416825535143758 0.999998844249727
1703155442000220 -0.831196245623045 -0.732985227096878 0.77601556736533 0.00136048760615767 0.000363356454163281 0.000641277725241517 0.999998802903503
1703155442000300 -0.877408193974634 -0.773336217800926 0.819272439516445 0.001815270326665 0.000602555900087202 0.000206529640881663 0.999998149531056
1703155442000380 -0.92198895113657 -0.812785373578437 0.861181468411164 0.00131682711244949 0.000254001972430486 0.000626236447845256 0.999998904638033
1703155442000460 -0.968217209041811 -0.853117838621133 0.904333923757205 0.00102543144665009 6.30591828998296e-05 0.000715791131706675 0.999999216078164
1703155442000540 -1.01432475321169 -0.893615329864721 0.94761955653944 0.00114556636485779 0.000117235797924586 0.000523336926792101 0.999999200025646
1703155442000620 -1.06140923747733 -0.93460843256852 0.991469155246668 0.000860118846014114 1.55219288548019e-05 0.000401239685265403 0.999999549480576
1703155442000700 -1.10634414722291 -0.973635209158399 1.03314281395972 0.00107730916231816 0.000197741089078032 0.000367105757812575 0.999999332768174
1703155442000820 -1.17139873505259 -1.03137518778106 1.09463299307777 0.00252253939645438 0.00129612822695632 -0.000906732135076132 0.9999955673319
1703155442000940 -1.23958387304394 -1.09158061936218 1.15836787498299 0.00223265893230804 0.00103245306488537 -0.000784612661362125 0.999996666823311
1703155443000100 -1.32999342969081 -1.17093718982009 1.24239729107886 0.000995052595764795 0.000382266493245449 -4.06910547311272e-05 0.999999431043287
1703155443000220 -1.39833376049729 -1.2302526566408 1.3063916963214 0.000834931852316614 0.000359576827223506 -0.000176031431231555 0.999999571303029
1703155443000300 -1.44279873022685 -1.26939788304492 1.34810178049205 0.00143745677579645 0.000824788056721311 -0.000728665392856737 0.999998361243369
1703155443000420 -1.50775033333806 -1.32676587764482 1.4092000027599 0.00221671656078467 0.00117731837774696 -0.00148337946897023 0.999995749828207
1703155443000500 -1.55689637521154 -1.36692844563833 1.45369036466247 0.00185037996995706 0.00102687356629187 -0.00137375300178342 0.999996817208603
1703155443000660 -1.65137537482587 -1.44658120029038 1.53995586906512 0.000658235711171037 0.000595918200127812 -0.000690100948866234 0.999999367683764
1703155443000740 -1.69456187342567 -1.48490253781241 1.58052615759944 0.000972578565056298 0.00066970630571866 -0.00112870281932975 0.999998665806282
1703155443000820 -1.73806288623997 -1.52314361458599 1.62113264983365 0.00155388035918438 0.000826839776303588 -0.00155334973832672 0.999997244444406
1703155443000900 -1.78192117062854 -1.56144659435734 1.66160386232326 0.00251249684343762 0.00139334680257261 -0.00242077902647171 0.999992942861701
1703155443000980 -1.82836321826714 -1.60085431837909 1.70445813679175 0.00342662663428366 0.00210083361177572 -0.00353829914370789 0.999985662480825
1703155444000060 -1.87824544414941 -1.64240490257147 1.75050232051859 0.00218514684894734 0.00126077095420294 -0.00283607157518934 0.999992796117987
1703155444000140 -1.92287830401188 -1.68210771077454 1.79219148251716 0.00164185915972521 0.000701311099578846 -0.00280061222859032 0.999994484500983
1703155444000220 -1.95708841380785 -1.7137581090074 1.82465833788417 0.00177549359827553 0.000331069608946998 -0.00210331827020247 0.999996157026441
1703155444000300 -1.99850016872585 -1.75180779296401 1.86354324585788 0.00295291707346019 0.000781863791954164 -0.00221610849964286 0.999992878891088
1703155444000380 -2.03793772223843 -1.78730551709576 1.900261585616 0.00436305777698133 0.0015511849598954 -0.00283988220616608 0.999985246201718
1703155444000460 -2.07995958317596 -1.8244442905582 1.93927404845862 0.00531062265260936 0.00220191959418209 -0.00320472689839212 0.999978339046726
1703155444000540 -2.12128644804238 -1.86084107964035 1.97758397117732 0.00659133660878211 0.00283614134378378 -0.00325478541184604 0.999968957996152
1703155444000620 -2.16548894149886 -1.89882382954532 2.01821411348662 0.00654731542054114 0.00243825354458005 -0.00263933360380691 0.999972110360366
1703155444000700 -2.21199177364936 -1.93861280124548 2.06153184284979 0.00500536456749416 0.00142032602261356 -0.00235393899086293 0.999983693852436
1703155444000780 -2.2586229505953 -1.97790407716117 2.10466833557065 0.00330843656439464 0.000752874698270344 -0.00240500563371832 0.999991351650148
1703155444000860 -2.30327469316359 -2.01595421931152 2.14601882618876 0.002526740343332 0.000610388276386213 -0.00294369628062782 0.999992288801067
1703155444000940 -2.34527297061683 -2.05269615377667 2.18544064071127 0.00270924188974305 0.000969406961889993 -0.00384924582400862 0.999988451715874
1703155445000020 -2.38174189032766 -2.08543924489363 2.21919477271299 0.00298827437502738 0.00127793675421845 -0.00435691899269024 0.999985227066282
1703155445000180 -2.45634074782859 -2.15043676988576 2.28844943942804 0.00336097318919215 0.00117209432875704 -0.00405023297362367 0.999985462727817
1703155445000260 -2.49422790564897 -2.18335084204989 2.32360677155929 0.00347206282105123 0.00107331589924823 -0.00377958137687141 0.999986253674201
1703155445000420 -2.57487315486742 -2.25407126218208 2.39847625613188 0.00441509080262099 0.0019272615040043 -0.00459845741330374 0.999977823166953
1703155445000500 -2.61442959719448 -2.2877510212117 2.43492097539769 0.00378886215075627 0.0013703547190649 -0.00374525478553173 0.999984869744607
1703155445000580 -2.6556368459132 -2.32345977109318 2.47316479335735 0.00337568161204 0.000962672666716931 -0.00321648231598867 0.999988666074022
1703155445000700 -2.71306189961631 -2.373542694429 2.52635244063539 0.00362743814028478 0.00102166857454899 -0.00277268911428329 0.999989054980572
1703155445000780 -2.75469992840871 -2.41054459902561 2.56539704013329 0.00403750891626267 0.00143095073773892 -0.00332777108600406 0.999985288312451
1703155445000900 -2.81218102059628 -2.46038114987044 2.61869589364357 0.00453795069782541 0.00194251874297363 -0.00365200379776492 0.999981148068631
1703155445000980 -2.8522546468538 -2.49562752156604 2.65607039703545 0.00441498844789657 0.00181885732223701 -0.00338965052558796 0.999982854805201
1703155446000060 -2.89337985326338 -2.53162084927605 2.69440119763798 0.00378105716575155 0.00106994417934159 -0.0026616390943515 0.999988737188321
1703155446000140 -2.93422774628625 -2.56693348701688 2.73228284556325 0.00343556323490223 0.000696110400241138 -0.00209590546779858 0.99999165972314
1703155446000260 -2.99528063663704 -2.61975927229264 2.7891657852471 0.00270477437826689 0.000322702118387864 -0.0017737597283703 0.99999471690371
1703155446000340 -3.03523605953508 -2.65466403145999 2.8263970745828 0.00276992957994357 0.000504603640159966 -0.00198088657100431 0.999994074459285
1703155446000420 -3.07536245670044 -2.68995118941015 2.86371477808932 0.00334003725861419 0.000932031829140974 -0.00243087170384858 0.999991033125068
1703155446000500 -3.11419041171051 -2.72393804549571 2.89964999316141 0.00356140131011394 0.00111529885557476 -0.00258764127891251 0.999989688267725
1703155446000580 -3.15450928771718 -2.75917264766878 2.9372580691397 0.00368302909598346 0.00133835703809438 -0.002902849798532 0.99998810870938
1703155446000660 -3.19492118752156 -2.7944351588293 2.97504149247772 0.00353399842155369 0.00136776755914384 -0.00301479461109933 0.999988275471524
1703155446000740 -3.23669450067634 -2.83049002808154 3.01393137117701 0.00370621099360829 0.00166940209013403 -0.00336789908546768 0.999986067079178
1703155446000820 -3.27703278482498 -2.86528625305553 3.05144225377167 0.00345252949774444 0.00155035058178192 -0.00337141665430334 0.999987154918944
1703155446000860 -3.29745303602758 -2.88304510571659 3.07059915738475 0.00334314658767062 0.00149747340288853 -0.00339422965665781 0.999987529996919
1703155446000940 -3.33875415984283 -2.91885909863151 3.10905998678973 0.00302478125879577 0.001393719511629 -0.00337241518030948 0.999988767466971
1703155447000020 -3.3792531557279 -2.95427894086013 3.14685264066891 0.0028862083518635 0.00135057916686703 -0.003328987873093 0.999989381732128
1703155447000100 -3.41958296424122 -2.98971718038452 3.18451759498595 0.00319784458555293 0.00174054884053154 -0.00394682348635137 0.999985583328134
1703155447000180 -3.46017684175443 -3.02487017703743 3.2221706298103 0.00247619769229473 0.0010165913895487 -0.00299070369462604 0.999991945306734
1703155447000260 -3.49909950977108 -3.05893548925654 3.25820588583917 0.00349231567471464 0.00156610088166472 -0.00333313796371572 0.999987120542346
1703155447000340 -3.53817177571029 -3.0931519710432 3.29440864187958 0.00416424424503485 0.00185353893800932 -0.00319992840475882 0.999984491840487
1703155447000420 -3.57735710138548 -3.12777769190455 3.33092846736589 0.00490844797378128 0.00228719957830926 -0.00359209646613511 0.99997888612688
1703155447000500 -3.61756919377513 -3.16299988290783 3.36832325237355 0.00501605389816723 0.00222114865149782 -0.00353706264232178 0.999978697218007
1703155447000580 -3.65833599705521 -3.19859214668487 3.40631513526526 0.00469488437814959 0.0020996921541956 -0.00345190977397653 0.999980816652222
1703155447000620 -3.67875790627729 -3.21650295984684 3.42544020679206 0.00461981698469608 0.00202155456550771 -0.00339768381701246 0.999981513005539
1703155447000660 -3.69958136728982 -3.2342589986242 3.44451295640372 0.00405694177535364 0.00145040333249778 -0.00281337495963101 0.999986761149837
1703155447000740 -3.74237633524441 -3.27095934363524 3.48414672384998 0.00347140741966106 0.000844474951069234 -0.00215665621199516 0.999991292475373
1703155447000820 -3.78255165995104 -3.30598423364499 3.52160576463443 0.00327941201477303 0.000775318268592103 -0.00226948233404453 0.99999174686012
1703155447000900 -3.82364366566272 -3.34197438900458 3.55996236508674 0.00327998511579045 0.000882160313966643 -0.00247575179520854 0.999991167032924
1703155447000980 -3.86457325283427 -3.37769955250047 3.59793849375801 0.00353987796737967 0.00127123589231244 -0.00307127616053272 0.999988210173514
1703155448000020 -3.88504533528674 -3.39548854242273 3.6168685289353 0.00363849008883043 0.00144700694585638 -0.00327176014726852 0.999986981488415
1703155448000100 -3.9253893472933 -3.43116134440375 3.65451713005554 0.00406786697954401 0.00176057570793805 -0.00363890481753191 0.99998355546636
1703155448000180 -3.96433110656141 -3.46570905665034 3.69088334988783 0.00464669263407408 0.00201203343821494 -0.003504060321453 0.999981040585406
1703155448000260 -4.00458284225117 -3.50083653849355 3.72823869847795 0.00449167767413968 0.0015727012813845 -0.00261164149440048 0.999985265276972
1703155448000340 -4.0448530178562 -3.53598545691318 3.76581307809465 0.00403175465103522 0.00101313674141475 -0.00176345428877588 0.999989804316698
1703155448000420 -4.08613843731901 -3.57196603505907 3.80415828142948 0.00335838030231293 0.000498093565734795 -0.00115305910222819 0.999993571798965
1703155448000460 -4.10589812015504 -3.58925121251766 3.82259046538003 0.00323529362079756 0.000509056732074429 -0.00100344683650204 0.99999413339823
1703155448000540 -4.1474295083481 -3.6256187213824 3.8612973917876 0.00289398643293803 0.000356397904098462 -0.00108509657445863 0.99999516018253
1703155448000620 -4.1876330879214 -3.66093211078645 3.89893802202356 0.00334570305319899 0.000895747008810167 -0.00176096400049647 0.999992451428592
1703155448000700 -4.22872205012842 -3.69665078160031 3.93708689791385 0.00311264737899932 0.000948005731144325 -0.00184708002800368 0.999993000478902
1703155448000780 -4.26810373769667 -3.73117731968852 3.97380223104221 0.00291994923226607 0.000727734708385161 -0.00118564816351882 0.999994769254873
1703155448000870 -4.3055280207795 -3.7647872185754 4.00868906523125 0.00400662635295414 0.00120899421660528 -0.00142944305861981 0.999990220937582
1703155448000940 -4.34190734375174 -3.79747434261459 4.04236336496256 0.00567249211909294 0.00233572157394027 -0.00216544782756133 0.999978838812899
1703155449000020 -4.37935687077051 -3.83072529556889 4.07716733688799 0.00677063395660769 0.00314851283106664 -0.00284485126844665 0.999968075592435
1703155449000100 -4.41794113220936 -3.86458343996472 4.11309033898554 0.007276457599135 0.00354348351764127 -0.00332634415176082 0.999961715429122
1703155449000180 -4.45656662893382 -3.89815948992991 4.1490193679355 0.00721852194906078 0.00346776708663185 -0.00333757879273611 0.999962363341794
1703155449000260 -4.49532457010295 -3.93155317179855 4.18491557097408 0.00654076829685753 0.00281378278519491 -0.00283091160516436 0.999970643027088
1703155449000340 -4.53368523006871 -3.96460224056844 4.22054096945041 0.00534842406984275 0.00183322228473189 -0.00219302779794904 0.999981611973491
1703155449000420 -4.57150523054651 -3.99716347979374 4.25572047212744 0.00475442548446573 0.00174777361880908 -0.00280554383181375 0.999983234684211
1703155449000500 -4.60685576319823 -4.02766613449068 4.2884772420685 0.00458811523939819 0.00208943465620094 -0.00391559738328822 0.999979625571691
1703155449000580 -4.64316159626343 -4.05939267857509 4.32204722227299 0.00552534438344591 0.00322122110950317 -0.0054430458075599 0.999964733156297
1703155449000660 -4.67666258861146 -4.08894367782176 4.35310912953754 0.00651620273826321 0.0039879018070642 -0.00645793346749489 0.999949964166398
1703155449000710 -4.69343476454038 -4.10362286554918 4.36853056601998 0.00672095077110229 0.00402368200709621 -0.00645256343380991 0.999948500288375
1703155449000780 -4.72711851657537 -4.1329346435769 4.39976529744768 0.00668654925252363 0.00382359399240762 -0.00637689031461214 0.999950001479069
1703155449000870 -4.76088271785194 -4.16203874197643 4.43097563180427 0.00636722146694866 0.00349301208960487 -0.00623409468120379 0.999954195661401
1703155449000940 -4.78475699024612 -4.18236075723954 4.45315803631325 0.00577372927227226 0.00281034042134625 -0.00549129890269892 0.999964305199625
1703155450000070 -4.84366200124283 -4.23361914757268 4.50757171322003 0.00519618852091543 0.00208985838063428 -0.00481149775982983 0.999972740431514
1703155450000180 -4.89130216054571 -4.27508910832418 4.55163561447057 0.00507844450883367 0.00179709802703167 -0.00468729370162952 0.999974504233886
1703155450000310 -4.93839791625762 -4.31605332064594 4.59533345655629 0.00484004538002521 0.00160909802446867 -0.00471485437792344 0.999975877165275
1703155450000390 -4.97058787361925 -4.34332664282893 4.624937300702 0.00433462770218641 0.00117714664275397 -0.00458428179121611 0.999979404632377
1703155450000470 -5.00194101687701 -4.36992831748661 4.65357262626932 0.00430088149098447 0.00099883247721315 -0.00484712536372196 0.999978504832875
1703155450000550 -5.03137192723343 -4.39501393613461 4.68044865259932 0.00516873179478334 0.00159886769469127 -0.00610530467179732 0.999966725990717
1703155450000670 -5.07917389495651 -4.43490388958771 4.72324052024647 0.00541583856991017 0.00173046361896449 -0.0079365667891567 0.999952341412254
1703155450000780 -5.12079180420641 -4.46723527502747 4.75901400604938 0.0030037720704527 -0.000196069991094659 -0.00757396478706786 0.999966786432085
1703155451000030 -5.24001898675999 -4.56287790521483 4.86406154283468 -0.00228865270120422 -0.00613979570024444 -0.00492492896891767 0.999966404461782
1703155451000350 -5.32478499871121 -4.63085782195565 4.93479690245618 0.00407083074980417 -0.00327875996380811 -0.0131979477647094 0.99989924104627
1703155451000750 -5.43537684346946 -4.71484840373318 5.02671871987009 0.00443238693619782 -0.00620667875363371 -0.0146039311286591 0.999864268928781
1703155452000190 -5.56319091040626 -4.81200771292303 5.13189753446052 0.00429857862091787 -0.0101349061687347 -0.0160387120609064 0.999810764902148
1703155452000950 -5.66711897668692 -4.89091807783282 5.21449219812399 0.00571542217846914 -0.0124805504627729 -0.020892032247775 0.999687497570129
1703155454000110 -5.77854718429391 -4.9750397455739 5.30317782333971 0.00661414877396425 -0.0155441127878096 -0.0249603391906073 0.999545704338289
1703155454000470 -5.87932508184471 -5.02901323326758 5.34039081995173 0.00618858478644157 -0.0166449264927823 -0.0256907999424106 0.999512196343151
1703155455000270 -5.94750855089613 -5.0530547409631 5.39551485631731 0.00612525115609688 -0.0216511494067544 -0.0275469925243153 0.999367235920063
1703155455000590 -6.08444514777392 -5.15044555882665 5.49991771114984 0.00562577303148348 -0.025398717305055 -0.0296537235510752 0.99922165334655
1703155455000830 -6.2160585986102 -5.23520617072609 5.59251889551709 0.00597604656789788 -0.0279532295558226 -0.0323541109889022 0.999067623000033
1703155455000950 -6.30622002987081 -5.29524558312872 5.65797742303746 0.00505278945003815 -0.0306444519424812 -0.033318801671921 0.998962083534238
1703155456000150 -6.46055449198738 -5.39127177705366 5.7622872743398 0.00510952203561891 -0.0335152458337525 -0.0362830429328592 0.998766319955175
1703155456000270 -6.5721974643121 -5.47051159453333 5.84400416430566 0.00542543307697327 -0.0351308521506656 -0.0385618825807382 0.998623737508239
1703155456000470 -6.75445651373416 -5.58170731618524 5.96551726756098 0.00477861173758006 -0.0392402892517873 -0.0420801631762726 0.99833192097436
1703155456000630 -6.92868876593959 -5.6863011707411 6.08208392274589 0.00323355423180261 -0.0430198289479963 -0.0441116702363641 0.998094684382836
1703155456000870 -7.21441673564267 -5.86207099708924 6.27370227769013 0.00195177436947013 -0.0483022273434704 -0.047805129542977 0.997686200666246
1703155457000150 -7.5660238288464 -6.07269200829119 6.49501901901118 0.00192438348174516 -0.053908163581261 -0.0544379431266598 0.997059033856897
1703155457000390 -7.92757687873917 -6.27961677526189 6.72283393056566 0.000428141165108213 -0.0600974927969122 -0.0594797941061549 0.996418718284516
1703155457000510 -8.12583211042875 -6.38595837834198 6.84133773277573 -0.0012947363773608 -0.0638426077183745 -0.0615657630176706 0.99605828239189
1703155457000750 -8.5327930410134 -6.62281723937879 7.09159430433486 0.00136553411301108 -0.0675309831672154 -0.0677134148045592 0.995415790051856
1703155457000950 -8.8725460674406 -6.81424862053495 7.29180829214292 0.00206035243628479 -0.0723159593439904 -0.0740304146777824 0.994628400295624
1703155458000110 -9.13279171929101 -6.94883635809428 7.43759275586481 0.00157697208049601 -0.0758355582137477 -0.0775313589687159 0.994100281483679
1703155458000230 -9.40604280882153 -7.09784326560559 7.60080959890919 0.00167135723184404 -0.0774804958546668 -0.0804891654173647 0.99373813128889
1703155458000310 -9.55772264015207 -7.17712291526924 7.6879772821794 0.00231502147868356 -0.0782431548549653 -0.0825466647928841 0.993508277532435
1703155458000390 -9.71259090962315 -7.2575896317856 7.77715165275464 0.00237007701930292 -0.0794343386701101 -0.0841313240116307 0.99328066974799
1703155458000470 -9.86786201288071 -7.33641753740268 7.86512314705734 0.00207919207049927 -0.0808312294390157 -0.0855751006154611 0.993045261537642
1703155458000550 -10.0205310575999 -7.4125241880637 7.94953638917576 0.00197752332734269 -0.0819956753625529 -0.0871091702322879 0.992816594887883
1703155458000630 -10.1734781500584 -7.48756526118056 8.03198124015187 0.00163438963881388 -0.0835888324531445 -0.0882667712121379 0.992582093813611
1703155458000710 -10.3234334451416 -7.56172767600173 8.11327005292494 0.00202569447006601 -0.0848422367122148 -0.0897896159595901 0.992338408153898
1703155458000750 -10.3985067143069 -7.59413486127786 8.15083274092576 0.00191789073127822 -0.0856923909389782 -0.0900260528863042 0.992244146181784
1703155458000790 -10.4774068559441 -7.63557896479972 8.19592645106853 0.00172213946287708 -0.0864313055276756 -0.0907655828142928 0.992113034203681
1703155458000830 -10.5546080637995 -7.67228413367695 8.23687759173521 0.00195702753805224 -0.086895304846879 -0.0914984571731399 0.992004742112516
1703155458000870 -10.6316515707389 -7.7095365615006 8.27800889591661 0.00217577433205242 -0.0873083146951702 -0.0922832080177889 0.991895323967751
1703155458000910 -10.7101985674176 -7.74707227636633 8.32005408354106 0.00195334986912065 -0.0880037318216787 -0.0927032119370497 0.991795161364634
1703155458000950 -10.7890182779602 -7.78457647952853 8.36225638917927 0.00164310674580528 -0.0888233917599833 -0.0931076480625885 0.991684763999492
1703155458000990 -10.870419453004 -7.82298067513175 8.40579459169399 0.0011081282700698 -0.0897314553946052 -0.0933982903270533 0.991576420316905
1703155459000070 -11.0280984890879 -7.89812219950185 8.49001943896957 0.000599439901140859 -0.0912251808907281 -0.0941120517161331 0.991373052268942
1703155459000110 -11.1060847190338 -7.93536617030688 8.53160547661181 0.000448929653159664 -0.0918457221043187 -0.0943635992320205 0.991291921147994
1703155459000150 -11.1819473787529 -7.97189019160702 8.57171821063578 0.000431012634811758 -0.0923248553988591 -0.0948544531842824 0.991200569014566
1703155459000230 -11.3139544848598 -8.03209438333717 8.63864316538494 0.00111797191175885 -0.0930751422595831 -0.0966330310880871 0.990958034093721
1703155459000310 -11.4814537178693 -8.11344929339653 8.72743241786212 0.00166165750322463 -0.0934900326286923 -0.098080550270141 0.990775987977169
1703155459000390 -11.6358132410045 -8.18406261798271 8.80605250918331 0.00170972214541468 -0.0944201963810911 -0.0992083792789697 0.990575388774818
1703155459000470 -11.7897221335859 -8.25399324926676 8.88387268744136 0.00102303687904998 -0.0959501616358717 -0.0995139732190091 0.990398651559947
1703155459000550 -11.9392502140487 -8.32167007319535 8.95840263475786 2.17997701894172e-05 -0.0976972578493919 -0.0993132301456376 0.990248518126394
1703155459000670 -12.1618523770047 -8.42258126790192 9.07030469243024 -0.000585945825607458 -0.0994275716626784 -0.0997928620217897 0.990027878067205
1703155459000790 -12.3824497459001 -8.52376912811413 9.18298030973569 0.000435315443336433 -0.0998083481304769 -0.101873238280915 0.989777726293177
1703155459000870 -12.529171670523 -8.59058028977082 9.25691518648369 0.0011512936635138 -0.100028354391428 -0.103257410211181 0.98961149451546
1703155459000990 -12.7530842256308 -8.69198810625146 9.36914755411751 0.00118640793256259 -0.10110717604864 -0.104271823842937 0.989395430624255
1703155460000070 -12.8249043659087 -8.70712546987263 9.38901361315298 0.00136275150398994 -0.101879919111372 -0.104949989879676 0.989244218893623
1703155460000190 -13.1178589770847 -8.85671515052526 9.55075648059101 0.00137979437360579 -0.10280169159943 -0.105418008453915 0.989099060693818
1703155460000310 -13.3359265526261 -8.95634830471018 9.66098211465683 0.00221790035599024 -0.102849936964725 -0.106729192260861 0.98895189514137
1703155460000430 -13.5566960424075 -9.05617505834538 9.77241337530665 0.00244781172302277 -0.103144897629662 -0.107571770557354 0.98882933435952
1703155460000550 -13.7793807211537 -9.15737116782995 9.88542961747697 0.0017884696818994 -0.103820272558835 -0.107663246334859 0.988750108859992
1703155460000670 -13.9957889778993 -9.25639210256486 9.99604275743475 0.00176018056512593 -0.103964554425302 -0.108105110130324 0.98868678475604
1703155460000830 -14.279333747251 -9.38745419957298 10.1403742080389 0.00274339368703703 -0.103629774647695 -0.109382773546208 0.988579158413167
1703155460000990 -14.5604467466187 -9.5197084119309 10.2858568897053 0.0031376299005813 -0.103426906896675 -0.110145596415068 0.988514530899148
1703155461000150 -14.8326937193533 -9.65032969809925 10.4272289227989 0.00313289473453804 -0.103900861126974 -0.110129031341832 0.988466687594157
1703155461000310 -15.1075049951766 -9.78211850418019 10.5719237634448 0.00411868408578687 -0.103736072198199 -0.11101440381246 0.988381336282943
1703155461000470 -15.4006852712392 -9.91904455322932 10.723822097541 0.00489532705565774 -0.103538186318802 -0.112072647894701 0.988279111051479
1703155461000590 -15.6261201092703 -10.0245462838391 10.8415179923133 0.00450310347086359 -0.10381349376272 -0.112079799132918 0.988251283428579
1703155461000750 -15.9040593735233 -10.1397229075772 10.9749584837996 0.00465790303273826 -0.1043612047588 -0.112616837781319 0.988131818498304
1703155461000910 -16.260860290654 -10.316458400269 11.1665492468468 0.00451807297893786 -0.104262242518362 -0.112642823510214 0.988139952695592
1703155462000070 -16.5947984095001 -10.4667958724313 11.3328856155223 0.00475042471016715 -0.104606873265131 -0.112993246907318 0.988062428029782
1703155462000230 -16.9355154663483 -10.6216062457203 11.5036611533981 0.00505881862794988 -0.104700600307163 -0.113163445611522 0.988031491009642
1703155462000390 -17.2802541878979 -10.7790711894682 11.6761558833709 0.00422654580626339 -0.105650510410156 -0.112792876574475 0.987976656077802
1703155462000510 -17.5386057698321 -10.8988274977607 11.80591377669 0.00397647737292046 -0.106039398139937 -0.112555212577521 0.9879631358464
1703155462000630 -17.7976077778411 -11.0176059970844 11.9373693430051 0.004399127966898 -0.105921580208599 -0.113153029183998 0.987905693123453
1703155462000750 -18.0716205802304 -11.1386371461142 12.073961991173 0.00421229803396545 -0.105982243592998 -0.113723889155691 0.987834448490015
1703155462000870 -18.3528260627305 -11.2617392813484 12.2140738557211 0.00355315468696196 -0.106206991387653 -0.114111257186676 0.987768227397212
1703155462000950 -18.5354336840988 -11.3419068240644 12.3047159126649 0.00344421423262347 -0.106301944172527 -0.114495601161771 0.987713921825579
1703155463000070 -18.8001678799034 -11.4636082077687 12.4388756146495 0.00367835909493665 -0.10635084587213 -0.114734909355832 0.987680043248703
1703155463000190 -19.0544968120205 -11.5802478993749 12.5680652711911 0.00408718195441726 -0.106382263385804 -0.11461877688815 0.98768853641482
1703155463000310 -19.3089244628987 -11.6967293834436 12.6971696769287 0.00504319785256854 -0.105955800809733 -0.11518390375761 0.987664215584095
1703155463000390 -19.4841943009754 -11.7755389858941 12.785887981521 0.00551370314458351 -0.105678241294003 -0.115591844505449 0.987643778838538
1703155463000470 -19.6559112122984 -11.8535002081106 12.8731207481195 0.00645699927123917 -0.105070872942201 -0.116339166708825 0.987615115877168
1703155463000590 -19.9219973429339 -11.9736826880944 13.006932504397 0.00668521573755716 -0.104788241277971 -0.116858015901931 0.987582369476023
1703155463000710 -20.194378993115 -12.0960075668255 13.1434018345001 0.0054523334624141 -0.105656315410917 -0.115916835390079 0.987608374988159
1703155463000790 -20.3736837494388 -12.1769466854358 13.2340803427643 0.00538492241795806 -0.105759241600634 -0.11576447401406 0.987615599301094
1703155463000870 -20.5541124412759 -12.2573652643312 13.3239381571452 0.00525314751241001 -0.1057964984081 -0.115577553805326 0.987634210840316
1703155463000990 -20.8233148948346 -12.3784495659057 13.4596094171483 0.00654512929306314 -0.104991097738573 -0.116752370656723 0.987574257777217
1703155464000110 -21.0987365792784 -12.5019594093038 13.5975352460744 0.00651984658966248 -0.10512076304331 -0.116605212892122 0.987578017730256
1703155464000230 -21.3799631570512 -12.6292277780601 13.7386955989904 0.00610197471200242 -0.105491334551466 -0.116182227447966 0.987591025811998
1703155464000350 -21.6666040326613 -12.7573789913085 13.8824927930451 0.00536477620558747 -0.105863189845825 -0.115878890334059 0.987591153760947
1703155464000430 -21.8565838344556 -12.8426295606763 13.9782944866169 0.00569998867639837 -0.105555407004131 -0.116319048600072 0.987570476023891
1703155464000510 -22.0516167536903 -12.9298098792467 14.0776023622949 0.006276813964047 -0.105209957874813 -0.116687847298517 0.987560333682595
1703155464000630 -22.3413619292361 -13.0596481141985 14.222575961882 0.00640968717505435 -0.104797870710226 -0.117372389722554 0.987522174098252
1703155464000710 -22.5376972795093 -13.1480211487366 14.3210627295078 0.00596585159333027 -0.105061388198492 -0.117157918055343 0.987522422814545
1703155464000790 -22.7237351557276 -13.232842528697 14.4151596928311 0.00616066579835554 -0.105080120716474 -0.116840545579142 0.98755683448392
1703155464000870 -22.9112153778989 -13.319015013843 14.5097179165429 0.00598337541017312 -0.105267829295938 -0.116280805229369 0.987603998406867
1703155464000950 -23.0986220103404 -13.4036968465439 14.6042036973266 0.00630094163182101 -0.105144764202323 -0.116241209905561 0.987619794159211
1703155465000030 -23.2881037537219 -13.4891646782603 14.6995510281409 0.00686878925798167 -0.104825720780893 -0.116539069472586 0.987614820303624
1703155465000110 -23.4813062367135 -13.5759182834623 14.79725786528 0.00692040129658011 -0.104732705136315 -0.116700278194027 0.987605292406921
1703155465000190 -23.6737405581089 -13.6626866215828 14.8948397410333 0.0070116344368779 -0.104524456473654 -0.116872901189887 0.987606298050427
1703155465000270 -23.8700412963019 -13.7513288306517 14.9937260966981 0.00675784783075686 -0.10461756793851 -0.116925600927008 0.987591970309189
1703155465000350 -24.0663186012001 -13.839813621735 15.0919051729319 0.00626357949756867 -0.104909185747961 -0.116771224229012 0.987582559338527
1703155465000470 -24.353512430927 -13.9701446046948 15.2372115426144 0.00570668504355014 -0.105192089291704 -0.116322793516859 0.987608761506647
1703155465000590 -24.6303025646364 -14.0958021485353 15.3777371392344 0.00640464811763767 -0.104720765948438 -0.116752577028422 0.987603856522889
1703155465000710 -24.9107164005431 -14.2222687740046 15.5189297135511 0.00711600826654585 -0.104300586425386 -0.11712953929055 0.987598815877811
1703155465000790 -25.0977946667613 -14.3075229995602 15.6140237071859 0.00727727251647988 -0.104169417475453 -0.117214568651878 0.987601396649124
1703155465000870 -25.286251424944 -14.3928355847319 15.7090952758377 0.00679831028100591 -0.104544554442044 -0.116743471155293 0.987620970340571
1703155465000950 -25.4753206912349 -14.4779085398973 15.8037952218621 0.00634627552255234 -0.104839742222851 -0.116412346754077 0.987631772859119
1703155466000030 -25.6591056516427 -14.5609888633035 15.8968835515171 0.00694341973048167 -0.104502142160118 -0.116614609436026 0.987639673196898
1703155466000110 -25.8475286173105 -14.6466857175736 15.9919639285274 0.00651481827900439 -0.104708878286179 -0.116273428166758 0.987660922509943
1703155466000190 -26.0356259230236 -14.7317426280998 16.0868696950948 0.00629266039411578 -0.104942709925228 -0.115862170847453 0.987685874873803
1703155466000270 -26.226272613386 -14.8182089259477 16.1831100532552 0.00566403522411789 -0.105315670082012 -0.115397805198903 0.987704345892754
1703155466000350 -26.415076928559 -14.9037252749401 16.2779208694406 0.00476586278515527 -0.105834003089506 -0.114680949535322 0.987737176659682
1703155466000430 -26.5968439183547 -14.9864533581213 16.3703853130734 0.00526348065829879 -0.105505759896086 -0.115042368823297 0.987727737676549
1703155466000550 -26.8717644663213 -15.1117211130821 16.5097977300695 0.00536794210558696 -0.105491830972929 -0.114877936187799 0.987747801097407
1703155466000630 -27.0577253225835 -15.196079906674 16.6033064849278 0.00505807617998422 -0.105767023045162 -0.114599302294371 0.987752374137954
1703155466000750 -27.3378128663641 -15.3235490705326 16.7438470061411 0.00463594574790379 -0.106095594177903 -0.114165254124338 0.987769470905932
1703155466000830 -27.5226629450264 -15.4075788952746 16.8368432962152 0.0046731351148467 -0.106032597322661 -0.114178056335468 0.987774580339393
1703155466000950 -27.805267767442 -15.534802792952 16.9784969738888 0.00475423715099192 -0.10593944004033 -0.114238329591975 0.98777721998692
1703155467000070 -28.0983978300403 -15.6649355250222 17.1250457636606 0.00424682876411115 -0.106439709806574 -0.114128161509302 0.987738485314938
1703155467000190 -28.3426540104548 -15.7708216522585 17.2448178227742 0.00446384823563201 -0.106211931206129 -0.114467788527854 0.987722747089453
1703155467000310 -28.6767372987736 -15.9260976090457 17.4164253575635 0.00437079282303124 -0.106236020251689 -0.114980808635027 0.98766098324112
1703155467000390 -28.8691963159973 -16.0122840449509 17.5123966523077 0.0043035952430946 -0.106418545371708 -0.114920348935774 0.987648665097783
1703155467000550 -29.2521913318607 -16.1840986676165 17.7037732638651 0.00439670674877911 -0.106559816037093 -0.115064845460254 0.987616198690116
1703155467000670 -29.5404201400092 -16.3129845301343 17.8481601289164 0.00472631346106359 -0.106473139377276 -0.115581051683192 0.987563746319205
1703155467000790 -29.8233661097299 -16.439911292948 17.9902425959651 0.00508334828444307 -0.106394345398636 -0.115959275096598 0.987526125910847
1703155467000870 -30.0103895569151 -16.5242367180434 18.0836290593596 0.00513376586918949 -0.106482057964124 -0.115963936399878 0.987515863788714
1703155467000990 -30.2971112348818 -16.6524910999152 18.2266097595304 0.00497155048331891 -0.106692432614521 -0.11597187890409 0.987493054057619
1703155468000070 -30.4885292654213 -16.7377195794676 18.3224625762475 0.00496984293599095 -0.106724384824704 -0.116105277341104 0.987473934298281
1703155468000150 -30.6764443127476 -16.8216814111323 18.4162580111739 0.00539596397151214 -0.106485954758767 -0.116613255342075 0.98743757964261
1703155468000310 -31.0478736453723 -16.987680382768 18.6011630027722 0.00571416225503627 -0.106462143353454 -0.116886715022872 0.987406024001005
1703155468000390 -31.2317575150983 -17.0705189614418 18.6927269613474 0.00603710525157615 -0.106271659970111 -0.117074352083451 0.987402392002176
1703155468000470 -31.4029055819386 -17.146603800352 18.7770240295461 0.00599163280490095 -0.106377745530052 -0.116795384047692 0.987424282594583
1703155468000550 -31.5852786150244 -17.2298333181851 18.8694920529619 0.00586200349068681 -0.10642450204868 -0.116507692898333 0.987454008941314
1703155468000630 -31.7599512333349 -17.3099519326244 18.9574973599945 0.00659197000176122 -0.105789340740571 -0.116914286629233 0.987469599987336
1703155468000750 -32.0394796167779 -17.4367426439304 19.0986453489191 0.00713959389795969 -0.104792551537981 -0.11691622184868 0.987571842657415
1703155468000830 -32.2241260328712 -17.5211392251387 19.1930135893303 0.00842758873578065 -0.10329892485927 -0.117482656340665 0.987651827989075
1703155468000910 -32.4052943107012 -17.6047580938252 19.2864602728895 0.00869366384755794 -0.102382643841128 -0.117249041123008 0.987772684783671
1703155468000990 -32.59749775674 -17.6934322287682 19.3870177350513 0.00813054652606446 -0.10184865359479 -0.116335048201222 0.987940738371556
1703155469000110 -32.8632733297879 -17.8192559004018 19.5274279699017 0.00829336583461968 -0.100103047009125 -0.115311232840124 0.988237784970557
1703155469000190 -33.037442447383 -17.902995553314 19.6202999081999 0.00883946672176037 -0.0984575665633914 -0.114569534530312 0.988484594301802
1703155469000270 -33.2104423756762 -17.9848548038468 19.7122775860055 0.00983035358050414 -0.0964994036351273 -0.113923999969316 0.988742914754659
1703155469000390 -33.4931244238877 -18.1166244753565 19.8670553037702 0.010999751528408 -0.093411951126596 -0.112393598162438 0.989202149181418
1703155469000470 -33.6893763828123 -18.2089817914043 19.9782841748606 0.0107203375936831 -0.091932709667774 -0.11040909184784 0.989567220401097
1703155469000550 -33.893097204695 -18.3153552933505 20.0908364814097 0.0108411245884605 -0.0898495033493107 -0.108942002198333 0.989919783074648
1703155469000630 -34.1159701151095 -18.428065170426 20.2139037528556 0.0113228689525524 -0.0871590195240651 -0.107470500639632 0.990315701908515
1703155469000710 -34.3522189506944 -18.5496778267142 20.344781369652 0.0112720595395202 -0.0844490766581338 -0.105718086241367 0.990739612797828
1703155469000790 -34.6184489144986 -18.6862754747983 20.4930401833088 0.0121915510954778 -0.0808499216379941 -0.104677248790077 0.991139409890837
1703155469000870 -34.8366641479165 -18.8021489774107 20.6205254950398 0.012474975118761 -0.0778444647794395 -0.102369892358892 0.99161737552214
1703155469000990 -35.255757052515 -19.0306725232526 20.8629779049543 0.013138691005471 -0.0729816991558732 -0.0981082047357749 0.992409102412159
1703155470000110 -35.7038690199224 -19.2793479868346 21.1267361243114 0.0146432228800321 -0.0672790637021159 -0.0939756802253182 0.993190653971956
1703155470000190 -36.0375383170644 -19.4674061604547 21.3333400267532 0.0149157666882617 -0.0637633392806581 -0.0904728018065083 0.993743643301008
1703155470000270 -36.4339036557649 -19.6941576578684 21.5757918563287 0.0173117174048497 -0.0580540437903241 -0.0888420787601611 0.994201748882821
1703155470000310 -36.6499364025182 -19.8145772524385 21.7104679420706 0.0180581339521912 -0.0556490861945457 -0.0878264604386371 0.994416208561937
1703155470000390 -37.1012269248046 -20.0711991135828 21.9884947407663 0.0192900454426476 -0.050479326556815 -0.0849792541991472 0.994916206568648
1703155470000470 -37.5515300688683 -20.3423785809205 22.2750028213052 0.0209170830676932 -0.0445439899792134 -0.0825127706167872 0.995374276982188
1703155470000550 -37.9938743426656 -20.6247991950233 22.5499450391433 0.0237054501326514 -0.0370415603081185 -0.0806124412152363 0.99577487855703
1703155470000630 -38.4663418096434 -20.9308798087299 22.8471436834469 0.0277511240425184 -0.0281718940760861 -0.0793337507247747 0.996063439492928
1703155470000670 -38.7163694307308 -21.0999695958043 23.0097553552041 0.0305493546543865 -0.0230084707691939 -0.0788230104864366 0.996154747125625
1703155470000750 -39.2397536049879 -21.4451447027993 23.3580974289525 0.0357803991484886 -0.0136090825516674 -0.0778203114720138 0.996232179279146
1703155470000830 -39.814737603128 -21.8265014053518 23.75559258321 0.0417243367168222 -0.00436103005877774 -0.0768244531330154 0.996161665867133
1703155470000870 -40.1147274191568 -22.0375171347707 23.975856784771 0.0444354712133932 0.000234197334519922 -0.0766246167764394 0.996069325977623
1703155470000950 -40.778439245114 -22.5085283620895 24.468734246097 0.0491106998885334 0.0085612050356435 -0.0751200972822556 0.995927615798006
1703155470000990 -41.1546785963227 -22.7877814461036 24.7531475298271 0.0510442568064498 0.0124012314889381 -0.0745376182124473 0.995833739524751
1703155471000030 -41.6287966239112 -23.1162485173013 25.0965877524926 0.0543213669108526 0.0174197705947096 -0.0739308234693053 0.995630440490102
1703155471000110 -42.2580717867777 -23.6803706542239 25.6321349437148 0.0570539812960806 0.0241319937717762 -0.0728192388593645 0.995419433478576
1703155471000150 -42.6477736163075 -24.0073278227444 25.9479383040144 0.0585388527495444 0.0274141374464497 -0.071876114869643 0.995316779672723
1703155471000190 -43.1081698965448 -24.370542266844 26.3085313374693 0.0607860278212541 0.0312780647316319 -0.0712959333933772 0.995109858945194
1703155471000270 -43.8781710456523 -25.0695633392438 26.9780224898638 0.0650477995156459 0.0388593941597606 -0.0702966009681091 0.994644217374252
1703155471000310 -44.3646715313674 -25.485845325803 27.3716104898575 0.068781779263605 0.0438122460482452 -0.0711431129240653 0.994126858816828
1703155471000350 -44.8082700386478 -25.8885795556174 27.7602840336534 0.0715047171147546 0.047995401097848 -0.0713551316181152 0.993726301400721
1703155471000390 -45.2537840416922 -26.2854671480776 28.1480973138421 0.0747704744744297 0.0530451187418095 -0.0713947796230645 0.993226246616102
1703155471000470 -46.3450614853003 -27.2552951315413 29.0842285460581 0.0805815597944514 0.0616394995894677 -0.0724428739404158 0.992199180773047
1703155471000510 -46.8645120382143 -27.728138022046 29.536436373954 0.0835282741439551 0.0661142175571235 -0.0728085358897266 0.991640486646716
1703155471000550 -47.3433113891842 -28.1990463259707 29.9880999864762 0.0855596542625055 0.0701394237417199 -0.0723092530207977 0.991227208427631
1703155471000590 -47.9443815015379 -28.7367435765934 30.4912733519172 0.0879695710952235 0.0742317338964676 -0.072492362315029 0.99070472980098
1703155471000630 -48.4856211590203 -29.2679950108799 30.9897537160812 0.090344512465185 0.0782778574871094 -0.0722613177883187 0.990196317932031
1703155471000670 -49.0171565590923 -29.8013456060179 31.498163186469 0.0920841799625869 0.0824629144110413 -0.0711551943939854 0.989776393867933
1703155471000710 -49.6945926092344 -30.4252176795503 32.0924942060852 0.0952793879033087 0.0870509813484012 -0.071652929056719 0.989044904260997
1703155471000750 -50.2169462943433 -30.9601502775335 32.6141176168532 0.0977174310541437 0.091771670938271 -0.0706013195075109 0.988455723725233
1703155471000830 -51.732981682014 -32.3200066985384 33.9696852084915 0.105251911400515 0.102413483490591 -0.0702317619398093 0.986661549448792
1703155471000910 -53.1520710052491 -33.6392071780816 35.2656207351868 0.113692859076774 0.114270910420018 -0.06995078377804 0.984440440390157
1703155471000990 -54.7306285140831 -35.0931896843173 36.7093561833259 0.123626725683298 0.127544920944579 -0.0692766864011236 0.981656491120671
1703155472000030 -55.6692093254026 -35.9289916668168 37.563634619799 0.129308621399046 0.134917902811112 -0.0690674289962381 0.979952106066811
1703155472000070 -56.5480158712003 -36.7500872770454 38.3832074568457 0.135299374758646 0.14268142943829 -0.0685934640476077 0.978075163560202
1703155472000150 -58.4312586545962 -38.4637129040006 40.1058807493232 0.148885694189775 0.160175784243459 -0.0674071894609755 0.9734644518505
1703155472000190 -59.3549059140375 -39.3014306017817 40.9439780847849 0.155377792292738 0.168900251451516 -0.0661686732064666 0.971057234877505
1703155472000230 -60.1597536585096 -39.961435920323 41.6298240464474 0.161821378916307 0.178159855243466 -0.0638279362993718 0.968503434094591
1703155472000350 -60.0287696227913 -39.9407512693486 41.5872286155351 0.161786412358702 0.179654683225371 -0.0581209337846017 0.968592436800586
1703155472000470 -59.9565836943524 -39.9994418664423 41.601456707746 0.163679980474439 0.184355324317478 -0.0543813931909843 0.967607690369549
1703155472000590 -59.868611539702 -39.969770438449 41.5340785739647 0.167087082283029 0.191152533361415 -0.0532318304417808 0.965768599692222
1703155472000670 -59.837813496048 -40.0502223633091 41.5687459371807 0.169960412778843 0.196536248600077 -0.0524925179930777 0.964225853536919
1703155472000750 -59.8245815892197 -40.1008600778751 41.5897949251034 0.17257421052683 0.201154456746147 -0.0524892582048878 0.96280834238456
1703155472000790 -59.8217265484384 -40.1541518207817 41.618182023554 0.173653105507153 0.20337355772474 -0.0517912929305978 0.962185770494804
1703155472000870 -59.8364134519384 -40.2724628620869 41.7042256211558 0.175877446629906 0.208750351496919 -0.0493085949770178 0.960759635381426
1703155472000950 -59.8385716777005 -40.3961087910546 41.7681725936277 0.176838746440929 0.21228105879627 -0.0481053754468151 0.959870138449288
1703155473000030 -59.8561461223504 -40.5216315324604 41.8379715215212 0.178356960842979 0.216499668080969 -0.0473522267817201 0.958683709498862
1703155473000070 -59.8669013215279 -40.5820700194872 41.8751943865255 0.179145008952355 0.218276863339162 -0.046958921174442 0.958152981741647
1703155473000150 -59.8943094288166 -40.72196694858 41.9531307472199 0.182477360508566 0.223599241876418 -0.0460383329567484 0.956339826543202
1703155473000310 -59.9283480309971 -40.9643479132822 42.0806826832817 0.188472687113867 0.232072251824786 -0.0475096408487899 0.953080977761843
1703155473000430 -59.9804463199119 -41.1634135581486 42.1988393929619 0.192253484209941 0.237461857564428 -0.046672857789061 0.951037385362422
1703155473000630 -60.1143183548143 -41.5784664346097 42.4639289520507 0.196180064698517 0.244031488984915 -0.0469376306251521 0.948556204676343
1703155473000750 -60.2092562807221 -41.8468649777725 42.6203674390548 0.196061328259465 0.244764350798573 -0.0472290421559048 0.948377448970779
1703155474000190 -60.4506716986365 -42.4612114418765 43.0251931415766 0.197333026927082 0.248053583858935 -0.0464369104879681 0.947297582263813
1703155474000350 -60.6162777731478 -42.8224899603584 43.2758466878345 0.197408935883598 0.248130973204216 -0.0485782166234849 0.947154099943465
1703155474000590 -60.8243165988185 -43.2927092783405 43.6088923863415 0.197513531086208 0.248721161434938 -0.0494749743575431 0.946931051241131
1703155474000790 -61.0327591335198 -43.7457492612926 43.9362279227114 0.198120331116396 0.249016623487818 -0.0506714254379442 0.946663331004821
1703155475000990 -61.6987790859405 -45.3769560782284 45.0174902011678 0.201065356584268 0.262417997307796 -0.0458220373107876 0.942661051474652
1703155476000630 -61.5992025437788 -45.0524999789826 44.6748985721619 0.197408431283758 0.274191008993413 -0.0272132434056726 0.940802126500894
1703155476000910 -61.5659221912737 -44.9986299182253 44.6011285240796 0.196065016351272 0.283653130477801 -0.0165051983274064 0.938523835265515
1703155477000110 -61.536031059403 -44.9123508349676 44.5110388516975 0.19511191977728 0.290791267109408 -0.00818329601010897 0.936645509998388
1703155477000190 -61.521348115702 -44.8433244184797 44.4544973312291 0.194711192587495 0.293625008847834 -0.0047730566590895 0.935868112284201
1703155477000350 -61.4954077935364 -44.7303363921874 44.3575699326866 0.193750056203408 0.298060775094188 0.00124076815058095 0.934675960194668
1703155477000590 -61.4671155112514 -44.6017680639606 44.2445804827712 0.191297767012594 0.303287862711764 0.00975334453170095 0.933448717894117
1703155477000830 -61.4449967259017 -44.4671126917985 44.1300151699687 0.190579966053143 0.309976925414454 0.0168182202052663 0.93129518935669
1703155478000350 -61.4367076518278 -44.43096281867 44.0844249847417 0.189197427011169 0.320227813277056 0.0279278300085038 0.92783539355166
1703155483000550 -61.4280712393412 -44.4783519558534 44.0884281525554 0.188802639908175 0.32702391151635 0.0329046907319691 0.925378952531385
