1703154412000470 0.00125342700800876 0.000476815580040567 -0.000681882451690073 -6.86039334214665e-05 3.98306866193284e-05 -1.34042514742234e-05 0.999999996763671
1703154412000870 -0.0879042042341821 -0.0641111159185227 0.0679324778385448 -0.000925939653155213 -0.0072173025702824 -0.00556553757515098 0.999958038105033
1703154413000030 -0.127579219115725 -0.0918371468959014 0.0976552147214983 -0.00126982771940254 -0.0101047629169832 -0.00804141626625417 0.999915804919788
1703154413000190 -0.169987930722212 -0.120805488268013 0.128754936544727 -0.00186164998578743 -0.0133430973513644 -0.0101688411362251 0.999857535193064
1703154413000350 -0.214238100039966 -0.150691392515833 0.160559525009753 -0.00255150024448402 -0.0166840684926902 -0.0126574913775153 0.99977743504095
1703154413000470 -0.249976095446816 -0.174466719308413 0.186202894123742 -0.00331062086161969 -0.0194149821426741 -0.0143598667396646 0.999702902108986
1703154413000590 -0.287490792472041 -0.19919633792719 0.212938247265467 -0.00407602867839774 -0.0221813488540762 -0.0161329736912303 0.999615476527402
1703154413000710 -0.325806444580509 -0.224645450285998 0.240276698071719 -0.00466003784134123 -0.0246847799981413 -0.0178311852966575 0.999525384627463
1703154413000830 -0.366754398109935 -0.25115486089946 0.268360874077155 -0.00536349316799724 -0.0277503508725491 -0.0200054982413927 0.999400285675165
1703154413000950 -0.408006400140953 -0.27785032796735 0.296207286187187 -0.0061580803928327 -0.0308087311284712 -0.0219395921632801 0.999265507474284
1703154414000110 -0.465759552507156 -0.314546916373675 0.334380253395031 -0.00721748904166053 -0.0349680507740273 -0.0246185321960718 0.99905909292169
1703154414000270 -0.527616735769132 -0.353296018165695 0.374599137167757 -0.00839440763457464 -0.0393240121233399 -0.0274250272541696 0.998814809597403
1703154414000430 -0.595987173395298 -0.395428802887836 0.419139351343148 -0.0095567604706518 -0.0440377389697185 -0.0304784456163547 0.998519108594599
1703154414000590 -0.669076050324542 -0.439123411119125 0.464748079959421 -0.0112478583142044 -0.0485501483173476 -0.0334220475580628 0.998198044237081
1703154414000750 -0.749796075080857 -0.486095992891287 0.514532185736013 -0.0128759550496132 -0.053305088750865 -0.0363343744683797 0.997833949375754
1703154414000910 -0.836775041313237 -0.536752168147841 0.568023702263908 -0.0145196854000589 -0.058306372883883 -0.0398597804381393 0.997396983913844
1703154415000070 -0.928995920466515 -0.587942427609122 0.622192593842951 -0.0160138022247023 -0.0638149735545885 -0.0433649698454008 0.996890508871883
1703154415000230 -1.02685051762152 -0.64301399028358 0.680202261736357 -0.0178969592617554 -0.0685795933031984 -0.047155345300441 0.996369866887366
1703154415000390 -1.13278999215956 -0.699766328890268 0.739192754924747 -0.0197095158840636 -0.0742058895224569 -0.0508921036481537 0.995748469609701
1703154415000590 -1.27353459241833 -0.773716618065909 0.816496745802048 -0.0226835974471979 -0.0819616840996145 -0.0563748032724074 0.994781191168392
1703154415000790 -1.41405812299259 -0.842365169483983 0.886329601612688 -0.0252190092004941 -0.088401933703241 -0.06045555182987 0.993928682524767
1703154416000030 -1.59784432882623 -0.930985860580837 0.975692718730246 -0.0287030570302978 -0.0972266173201119 -0.0665919069724737 0.992617064797585
1703154416000270 -1.78469083802731 -1.01422357618723 1.05957227886242 -0.0325301139945189 -0.106385963243602 -0.0733229404753828 0.991084035240341
1703154416000550 -2.02645765613006 -1.10655587279535 1.1578766596439 -0.0366673801467711 -0.116157248484433 -0.0808897236336132 0.989252166774567
1703154416000830 -2.29056953341078 -1.17839920121482 1.239853792012 -0.0400987024120958 -0.124438313737983 -0.0868531990982399 0.987605043499331
1703154417000030 -2.49609695544007 -1.19953052201657 1.27822053124999 -0.0409374274359771 -0.125975610147502 -0.0875835643988716 0.987311193054185
1703154417000270 -2.74758229323405 -1.21420312551121 1.32907717895373 -0.0416608173050647 -0.13066543409623 -0.0927704590217714 0.986197020157133
1703154417000630 -2.91051915642154 -1.21893572360603 1.34806787677761 -0.0417237012753602 -0.132340943430513 -0.0939032515136377 0.985863675565224
1703154418000190 -3.1654916118889 -1.2503461569613 1.41881525965078 -0.0422558361595003 -0.137663882983037 -0.0997561249825312 0.984536345271704
1703154418000630 -3.3139690471456 -1.25744237618487 1.45909670074928 -0.0420561182395317 -0.139455950123977 -0.10070842214849 0.984195679020185
1703154419000270 -3.53012451284419 -1.27068514618685 1.51603930614949 -0.0421878153294847 -0.142282984651267 -0.1024180810004 0.983608802929624
1703154419000990 -3.72641874316716 -1.25789897552923 1.54720754809829 -0.0410687982706816 -0.144584099889452 -0.102253216322379 0.983337720022723
1703154420000910 -3.7766100280804 -1.47481195303116 2.13329441112035 -0.0424747500570243 -0.151166031270526 -0.109007825036387 0.981561012203698
1703154421000390 -4.68084947450607 -1.26136655489808 1.77541248904544 -0.0405996882311381 -0.155165329379137 -0.113577263564401 0.980497624206923
1703154421000710 -5.316154312117 -1.25064461348447 1.90871085107322 -0.0396207390589531 -0.161108319250737 -0.121005048538521 0.978688962200359
1703154421000950 -6.01235087018344 -1.21892038329049 2.02810961528637 -0.0385629924285657 -0.166120255132476 -0.126783187133689 0.977160672514965
1703154422000150 -6.82788818455103 -1.15859246699358 2.16869690906696 -0.0366223762242581 -0.170045629703831 -0.134111916293548 0.975580483243894
1703154422000310 -7.6339337938145 -1.1026373063189 2.30784183432703 -0.0333020267219694 -0.173104030008777 -0.14129159369931 0.974147142561553
1703154422000430 -8.41365523590067 -1.02735152710622 2.43940649952212 -0.0311747687154554 -0.174847071304852 -0.147772859744871 0.972943892202668
1703154422000510 -8.98573617307563 -0.966139037924558 2.53389867796539 -0.0290554130690237 -0.175748807769813 -0.152545120821409 0.972110140700353
1703154422000590 -9.60567297515069 -0.886275721020338 2.64700113691981 -0.0267341751453243 -0.17569261636126 -0.157264807189318 0.971434593194591
1703154422000710 -10.2702141647272 -0.805650675953944 2.77179305009303 -0.0235187956728815 -0.178209568479285 -0.164879917417968 0.969795250960103
1703154422000790 -10.5268276238768 -0.783817708369773 2.85525269839006 -0.0235331537462586 -0.181116973781429 -0.16848530596331 0.968635914137743
1703154422000870 -10.7968411367197 -0.75084263598927 2.92602414312145 -0.0224547181030382 -0.184237341152403 -0.172847397879839 0.967303553599476
1703154422000990 -11.4828927759296 -0.821062081011967 3.0227023125314 -0.0250543091780091 -0.189557452761961 -0.177134912831045 0.965434345955409
1703154423000030 -11.9287070056529 -0.725625408354151 2.83218362532302 -0.0237474704198959 -0.188705836778776 -0.18038337906983 0.965032642644604
1703154423000070 -12.2623940497738 -0.707478541180274 2.73445886898582 -0.0233985217480518 -0.189174851093103 -0.182202996866795 0.964607408652177
1703154423000190 -12.8897120878558 -0.730450775939029 2.60112544662227 -0.0223938144162987 -0.191949585025735 -0.188162063680434 0.962937646826552
1703154423000550 -13.5640996084644 -1.09712008716875 2.69568965641285 -0.0234948581355809 -0.202211722072035 -0.201848022632217 0.95802702824989
1703154424000030 -14.4892810724995 -1.47876612002256 2.878327033756 -0.0221892937879179 -0.215422853462462 -0.218989954695359 0.951390576571898
1703154424000670 -15.2167264475213 -1.60297765618079 2.868190589646 -0.0216071028653264 -0.225602375006596 -0.231692613951776 0.946020736631784
1703154425000070 -15.6079345404467 -1.60745271369972 2.84726184370021 -0.0218995477398225 -0.229260972794255 -0.235960747689535 0.944077508318051
1703154427000230 -16.2582100975313 -1.58046507634005 2.89908381580172 -0.0208137671527437 -0.236052150440645 -0.242007553358749 0.940892402714875
1703154429000470 -16.4175374045954 -1.57669548723506 2.92220299143508 -0.0205211731872061 -0.236761401420303 -0.243833566115179 0.940248962926346
1703154430000750 -16.3882502796035 -1.5873837940697 2.91356880081396 -0.021309844161458 -0.236462361858299 -0.242970694186778 0.940530001505855
1703154431000230 -16.3454075001077 -1.58284331119498 2.90231570872861 -0.0216504563113545 -0.236874112667109 -0.242616775248772 0.940509974884672
1703154431000590 -16.2831127930367 -1.57310538989705 2.89000777143278 -0.0206748373864782 -0.236718493384642 -0.242362938457794 0.940636546202013
1703154432000950 -16.3553600098755 -1.58082243250448 2.90114486440443 -0.0214120615759716 -0.2368048258802 -0.242615450508827 0.940533221759505
1703154433000430 -16.3355662732184 -1.58052485918929 2.89863228294669 -0.0207125258289413 -0.236327950592309 -0.242969483265617 0.940577440322839
1703154435000230 -16.4614153957774 -1.57982175646549 2.91242924876988 -0.0216462326500247 -0.237460928813617 -0.243837316837835 0.940046334398662
1703154435000470 -16.6702318478004 -1.53421232424904 2.93887939078729 -0.021550928779135 -0.240438979695299 -0.245473471854294 0.938864968527231
1703154435000830 -17.2043314182683 -1.39836572497801 2.95245056935764 -0.0231376704635659 -0.248443896125127 -0.249328624677482 0.935721922154291
1703154436000070 -17.7837146869202 -1.20544955064772 2.94509316788205 -0.0232303277583761 -0.254418659370536 -0.252648064085437 0.933220474137928
1703154436000270 -18.5729017221838 -0.994566216072531 2.91910591909178 -0.0247273171725343 -0.26158746653825 -0.256148300579282 0.930241154349717
1703154436000430 -19.3262861482598 -0.705644105783017 2.84097344801078 -0.0250738029545142 -0.266896659397475 -0.258604769171924 0.928041513602383
1703154436000590 -20.1878902712697 -0.358259934090663 2.77630893184753 -0.0251223024221372 -0.272665719165786 -0.2610021545247 0.925689014111262
1703154436000790 -21.182943288344 -0.00428146015355635 2.7193751631819 -0.0248703172371429 -0.28058747596746 -0.266024083243563 0.921891166453587
1703154437000070 -22.2062314963564 0.248018996724403 2.74183954636866 -0.0271836823989534 -0.294586055983306 -0.272334696836324 0.915594842673603
1703154437000390 -23.0284583181018 0.415796583255625 2.80366958605394 -0.0293855068985391 -0.312451580645831 -0.280832155287095 0.90699713466639
1703154437000710 -23.3792195361896 0.493146756398452 2.83706651009159 -0.030111585756919 -0.325374824534523 -0.287096298655202 0.900444463174056
1703154438000030 -23.7148384776415 0.591970650254404 2.80256543257069 -0.0313696597200121 -0.334294639931491 -0.290794471913666 0.895936165843626
1703154438000430 -24.0600621135917 0.628228401000466 2.86331946072496 -0.0326630865030188 -0.344711626680864 -0.295240915531088 0.890471683439453
1703154438000910 -24.3215758548592 0.725281118627524 2.8064564731639 -0.0334444922914486 -0.349148057687765 -0.297352174526801 0.888008324314818
1703154439000230 -24.4571280355127 0.763544839664021 2.78067429284037 -0.0342373359759666 -0.351314113003286 -0.297640730898892 0.887026602836666
1703154439000670 -24.7263161241734 0.811983052578965 2.73930450897743 -0.0365583855000332 -0.357368198390537 -0.299912327672605 0.883744335732192
1703154440000070 -25.1656749518953 0.951014642034408 2.63447402332502 -0.0392571716581031 -0.364264593362535 -0.302058048115076 0.880074494610964
1703154440000310 -25.6294603983944 1.08486644721275 2.51938984485928 -0.0415612999313231 -0.369994612181309 -0.3035535167455 0.877058668377584
1703154440000510 -26.149623621398 1.21929851518377 2.3883405355258 -0.0443690336217018 -0.376101293013862 -0.306230258353704 0.873385502007791
1703154440000670 -26.649411192436 1.34412599337182 2.24958856583626 -0.0471686055761096 -0.381677475547872 -0.308471037827979 0.870024738802718
1703154440000830 -27.3531537010698 1.52535820623068 2.05947795021951 -0.0506297560739946 -0.388323710342566 -0.311566977506568 0.865775572716794
1703154440000910 -27.7557707448553 1.61777634036284 1.94689241473223 -0.0526173622643895 -0.392135937292005 -0.31382536079122 0.863119031650165
1703154440000990 -28.2337563322359 1.72634182483908 1.80870628250219 -0.0553686668826667 -0.396213734876578 -0.315379183146989 0.8605143565684
1703154441000070 -28.7524213430058 1.85518660881973 1.63803330482849 -0.0581453170513024 -0.400523597196739 -0.317216426780436 0.857655938459147
1703154441000150 -29.2120940495347 1.96377114560194 1.45410434676536 -0.0603127293075066 -0.404990538305056 -0.318894164309341 0.854781580601915
1703154441000230 -29.7792007596577 2.09706993523556 1.27490173945589 -0.0623553614348503 -0.409069164199329 -0.322283636741503 0.851414990054945
1703154441000310 -30.4160854085743 2.23598755227103 1.04839463145739 -0.0619009101302923 -0.414105994303953 -0.327185149030365 0.847133036223091
1703154441000390 -31.145658770192 2.33725304497941 0.84211759118676 -0.0661948983654472 -0.418913024605664 -0.32866762916343 0.843864741997325
1703154441000510 -32.5493305392931 2.63981093254189 0.413676163010056 -0.0741336282034867 -0.42570858320388 -0.328891660426176 0.839706307620733
1703154441000630 -34.0357949132508 2.91581524779843 -0.0883192253176865 -0.0786514694903015 -0.433918829937234 -0.334898501980808 0.832689251007799
1703154441000750 -35.6735294156323 3.26141439457259 -0.70281890701412 -0.0847803460544864 -0.442288041349107 -0.339375547321876 0.82584370148499
1703154441000870 -37.3480119151915 3.58385309371204 -1.39368202096984 -0.0936830183826773 -0.450971757050812 -0.342952457529561 0.818676723917108
1703154441000990 -38.9592318144978 4.01174596253893 -2.30914636719916 -0.105115892618685 -0.459732758863373 -0.344656513035901 0.811670085421893
1703154442000150 -41.3393068557715 4.7634675512508 -3.68947020346555 -0.114832382912803 -0.469153699430769 -0.349003750672653 0.803059594402191
1703154442000310 -43.8178221749242 5.59795207163598 -5.4076156393388 -0.127489365165155 -0.479775289900777 -0.352727935402908 0.793186697163293
1703154442000430 -45.5668268132256 6.27225617922467 -6.84500034572628 -0.136064151333454 -0.486605126658931 -0.355133283751024 0.786500062430619
1703154442000550 -47.2551184536245 7.04136490449527 -8.3786627235711 -0.144634928054097 -0.491922844442238 -0.354912981669067 0.78174767549729
1703154442000630 -48.4575029101244 7.61648460978473 -9.58557955348159 -0.150564744193826 -0.496593403796991 -0.355675018435355 0.777316235757479
1703154442000750 -50.5194512466179 8.64691357854876 -11.619040367099 -0.158974138970595 -0.502342406949793 -0.35702029160489 0.771307876726801
1703154442000910 -53.2105194932612 10.0868614646671 -14.4593345518093 -0.168491364147712 -0.508662025843769 -0.358110902508647 0.764611133306728
1703154443000110 -55.9833722909552 11.8368300314479 -17.776479969206 -0.175124981200114 -0.515418151743154 -0.360704432492842 0.757342513129527
1703154443000310 -58.8007365986756 13.9522365020357 -21.5713129018818 -0.181488975614211 -0.518903819399668 -0.360069111809553 0.753757794429763
1703154443000510 -61.6336610734091 15.8882671049423 -24.8189679233126 -0.182452540858654 -0.519953965926503 -0.360633640849781 0.75253061116406
1703154443000830 -65.3738232050699 18.9253390055164 -29.6131820756116 -0.185170812927596 -0.521220271205341 -0.360576166273513 0.751016662424916
1703154444000270 -78.175825552976 22.5759028541109 -35.7321671562235 -0.185474779787705 -0.521753922405983 -0.361766148901012 0.74999813601502
1703154444000790 -94.4930805692088 27.1523789733079 -43.2280276710364 -0.186635444810565 -0.520512787251329 -0.359447166095705 0.751685694844582
1703154445000430 -115.08321362191 32.4377123698925 -52.339670636016 -0.186626790647517 -0.519926771203057 -0.359450214765464 0.752091840604612
1703154446000310 -141.92814950443 39.3882622632805 -64.1366334010752 -0.18310226855175 -0.518631318992653 -0.359362429834486 0.753892404945558
1703154447000310 -181.161872775508 49.613215140093 -81.4063652463191 -0.185699077558295 -0.518342585518474 -0.359444943480613 0.75341631866999
1703154448000430 -216.294361785596 58.5471089922932 -96.5842536680903 -0.182791533865871 -0.517979792828031 -0.359853969898217 0.754181218088388
1703154449000230 -243.730168816163 65.6821312982894 -108.491636666377 -0.184808380562228 -0.51824531119436 -0.359490145016073 0.753680632320713
1703154449000950 -268.911589189958 72.1668261041243 -119.457533781908 -0.184193021661133 -0.518832369308101 -0.3595484496153 0.753399506044913
1703154450000830 -296.030246048122 79.0878931949109 -131.169584484136 -0.184856633883389 -0.519337209582388 -0.360017485648811 0.752664797688579
1703154451000270 -315.386107063258 83.6926168554425 -139.622381052545 -0.187942636888112 -0.521923556255641 -0.360734110320693 0.749762808037413
1703154451000590 -330.868251625416 87.7538142857602 -146.803293216878 -0.188830741464503 -0.52491166130565 -0.361674200380878 0.746995630296564
1703154451000990 -342.446759132854 90.9715116776487 -152.787639538271 -0.191463859783071 -0.53211285487114 -0.362743689147738 0.740685166627051
1703154452000070 -346.321092627377 92.1854886078793 -154.868360471844 -0.192205817513654 -0.534165569664921 -0.36308996802422 0.738843517274551
1703154452000190 -352.846834357219 94.2325892148824 -158.469484415378 -0.193805760133976 -0.537620773469216 -0.36336513771051 0.735777825141446
1703154452000310 -359.626346528869 96.3969121895884 -162.539151406627 -0.193506878862849 -0.541225141958317 -0.364070388672249 0.732859594763551
1703154452000390 -364.216286485585 97.913660031254 -165.486748573517 -0.1923469795835 -0.543712847044476 -0.364803792668164 0.730956340870519
1703154452000470 -369.082024186724 99.5193738976799 -168.646726632324 -0.19322417250092 -0.546234974651605 -0.365083247891488 0.728701580715795
1703154452000550 -374.266344821517 101.231884006429 -172.043362400842 -0.193110667914211 -0.548850473911339 -0.365517930145511 0.726545297945811
1703154452000630 -379.907216753307 103.102100533561 -175.752599914505 -0.193285934093183 -0.551320802096699 -0.365929704172624 0.724417954264881
1703154452000710 -385.57403352122 105.027047828661 -179.560601660106 -0.194047808182403 -0.553848778351274 -0.366155486051935 0.722168359105048
1703154452000790 -391.280594825465 106.885766207437 -183.376652570314 -0.194562312880498 -0.55658591569134 -0.366600692489798 0.719695461376981
1703154452000870 -396.678440609121 108.670152869434 -187.173395740419 -0.19467327449412 -0.559161904910784 -0.367026858025939 0.717447953361
1703154452000950 -402.118832588535 110.495916973405 -191.139358909391 -0.195441148899007 -0.561657905094205 -0.367247408714302 0.715173053012245
1703154453000030 -407.985730333039 112.417316431823 -195.344229402497 -0.196560580785663 -0.564229364675372 -0.367328242385364 0.712796692237911
1703154453000110 -414.134979813627 114.450536338489 -199.756172222014 -0.196555881731324 -0.56672160838141 -0.367739797309011 0.71060526695595
1703154453000190 -420.522996254387 116.560530390817 -204.309721321117 -0.196809042483464 -0.569109122803241 -0.368023904038682 0.708476826152412
1703154453000270 -427.200736051501 118.624433096176 -208.848882810067 -0.198369767863638 -0.571601069990489 -0.36791045231098 0.706090327836166
1703154453000350 -433.727128946594 120.588468019844 -213.268439430369 -0.199613713813461 -0.57438033670365 -0.367992988977248 0.703436389540227
1703154453000430 -439.4794967385 122.481618509883 -217.539053896539 -0.198973395248707 -0.576862741850181 -0.368485158979467 0.701325639528579
1703154453000550 -447.020705814372 125.056590351698 -223.371418512236 -0.19926666556843 -0.580471450821039 -0.368970184791802 0.698001929445514
1703154453000670 -453.881385472125 127.527450124988 -229.176666786332 -0.200376143256194 -0.583446592278221 -0.369136401006029 0.695109914060375
1703154453000790 -461.266885835335 130.151354152442 -235.221274897444 -0.200672229106872 -0.58662570180199 -0.369663517107298 0.692062010639556
1703154453000870 -466.388698902352 131.907219189178 -239.276956570735 -0.200746853841 -0.588899535410067 -0.370161633113291 0.68983940394678
1703154453000990 -474.242796197407 134.531834190105 -245.391486334236 -0.201164197245425 -0.592200796713222 -0.370699859497031 0.686595074470907
1703154454000110 -481.621734518534 137.001806646159 -251.273644808885 -0.201443682098222 -0.594889343613805 -0.371044655609575 0.683997788988399
1703154454000230 -487.98570732383 139.162972039664 -256.558675715272 -0.199737574546305 -0.597335773853257 -0.372098001098548 0.681790255260336
1703154454000390 -496.922009858209 142.16935042485 -263.60586620795 -0.199700011235335 -0.599936656191469 -0.372964529886459 0.679038565559408
1703154454000670 -504.428512822829 145.011478042449 -270.498735076461 -0.197333798523077 -0.60383711029879 -0.374526524328738 0.67540358213493
1703154455000230 -516.428954396401 149.049294697583 -280.262971373036 -0.19611551496486 -0.607804155656179 -0.376076972566839 0.671326242494741
1703154455000710 -525.568602049998 152.031168693634 -287.428318505165 -0.198899737966949 -0.610913763340033 -0.377041330447771 0.667130499327209
1703154455000870 -531.213497145445 154.127280113163 -292.352171955822 -0.195587322037176 -0.612862499041923 -0.378284565625494 0.665616965030149
1703154456000030 -538.218082463915 157.262661747203 -299.229915092207 -0.191472061371411 -0.615443083951876 -0.380847516290135 0.662965632190405
1703154456000230 -553.117908717728 162.418444339643 -312.991763856403 -0.190632244432285 -0.620422489020483 -0.38426370455442 0.656564305961307
1703154456000310 -560.92930069204 165.392120963257 -320.133203984337 -0.189953083409283 -0.622525963088741 -0.385981803521104 0.653756299192855
1703154456000430 -574.308105732029 170.554003679743 -332.646458712922 -0.188260988870806 -0.626275072063742 -0.388616657625941 0.649087380555641
1703154456000510 -583.73842707939 174.118050517833 -341.941496933366 -0.186710148274955 -0.629230274330473 -0.390833193334377 0.645335569595536
1703154456000590 -598.783854617709 179.549407910992 -355.277425664105 -0.186246894413458 -0.632329308376688 -0.392926202425079 0.641155784140647
1703154456000670 -604.837553492741 182.091043079974 -363.349257791226 -0.184550730669792 -0.635627080050691 -0.396244213235928 0.636325204901172
1703154456000750 -616.794690318396 186.773613921433 -375.94342753368 -0.184678630977953 -0.639116500446426 -0.399280628087671 0.630871525868094
1703154456000830 -629.097636331511 191.755316384393 -389.398498879651 -0.184512518232897 -0.642728618511747 -0.402387411345741 0.625251489203991
1703154456000910 -642.604289248606 197.306794179092 -404.044193733618 -0.185537493346137 -0.64649800802028 -0.4047076638854 0.619538433820747
1703154456000990 -655.008432952257 202.77032905941 -418.474640207044 -0.183197240586363 -0.650194279074461 -0.408630258838398 0.613765005569761
1703154457000030 -661.481968739224 205.612003870995 -425.86856286191 -0.183159073848417 -0.652271076416507 -0.410115726966201 0.610573735950398
1703154457000110 -674.204482204281 211.46975201533 -440.783820185361 -0.182600267986729 -0.656493363560289 -0.413357146826562 0.603994598402898
1703154457000190 -685.306663688097 216.790546038924 -454.501138310125 -0.18222382848917 -0.660280327062634 -0.416280978340798 0.597941897759672
1703154457000270 -695.712115308561 222.142625414573 -468.119147547165 -0.181247632310135 -0.664209623698805 -0.419455597377011 0.591634915633753
1703154457000350 -707.586814351741 228.436949370546 -483.711303460995 -0.179735968137289 -0.668159852006929 -0.423388814341448 0.584807067172049
1703154457000470 -733.84622131471 240.977168767621 -514.048350010445 -0.176230852558232 -0.674646925661625 -0.429129724476578 0.574144486930401
1703154457000630 -753.424471324392 251.997353601842 -540.252188680119 -0.175484330913972 -0.682207443613649 -0.437303372257778 0.559074247389182
1703154457000710 -770.581269290458 261.518146664113 -562.587512157283 -0.174814000650173 -0.686066612806253 -0.441146189568626 0.551491348434695
1703154457000870 -784.005873665747 274.026554838837 -592.566931568448 -0.171907640244343 -0.693427715634938 -0.448140802290732 0.537378439963079
1703154458000110 -778.580261781412 278.530088387866 -605.586466914839 -0.171435308089571 -0.689571397921335 -0.446525366599617 0.5437980500996
1703154458000430 -790.940382241502 290.112739276911 -636.950443311082 -0.167737331961549 -0.694190321079866 -0.453384279587903 0.533297928561524
1703154458000550 -787.534521550918 290.97861556786 -642.258076018122 -0.170539856359289 -0.692154114051786 -0.452580805131124 0.535732633522547
1703154458000830 -781.767242136513 292.515466045967 -648.513480678507 -0.170428319945632 -0.68927310624966 -0.451811557881108 0.540113959203519
1703154460000030 -773.073352567492 292.85600090217 -652.517437417628 -0.168583631937701 -0.68787124245559 -0.449644186549712 0.544272742609204
1703154461000350 -772.876014521565 293.734221300993 -657.987314047597 -0.167148215152246 -0.687234421242038 -0.450589256997841 0.54473814434981
1703154462000430 -773.610012971807 293.003738592181 -655.751918272963 -0.169722522081146 -0.6892739885812 -0.450756945147788 0.541215124109455
1703154463000270 -773.504469009715 295.137700493009 -659.893759201835 -0.16898876847652 -0.688187210430406 -0.450338524295679 0.543172507647429
1703154463000670 -772.830733153953 294.602311374503 -658.42245909455 -0.169898976230949 -0.688768117613668 -0.450110827725665 0.54234035512648
1703154465000270 -772.995618094778 295.014993570897 -659.349786120095 -0.168450751430064 -0.688049536457338 -0.450408339830673 0.543456076545718
1703154465000590 -772.586788292867 294.618785091429 -658.063743857623 -0.167699300504613 -0.68793561518993 -0.449880220554495 0.544269529844686
1703154466000350 -772.578322922372 294.667792442256 -658.202524038962 -0.167509123167355 -0.686584689716943 -0.449568074148683 0.546288114650353
1703154467000430 -772.775743876201 294.853629652934 -658.684018169518 -0.168296167695841 -0.687510513388646 -0.449762177497677 0.544719815695667
1703154467000630 -772.943458948247 295.541529890906 -660.287178655412 -0.169085726697505 -0.689160473656529 -0.450211445363775 0.54201246576084
1703154467000910 -774.192626974603 297.194140383642 -663.857916033806 -0.170586278981124 -0.693073705900826 -0.450877366634987 0.535965259945615
1703154468000150 -775.591309288623 299.392414280093 -668.502086173372 -0.171282187886466 -0.698352964150638 -0.451994417226412 0.52788881061356
1703154468000350 -776.828244729749 302.068178326198 -673.9597958715 -0.172399254340443 -0.703248911642075 -0.452740245242838 0.520332331990384
1703154468000510 -778.157035862013 305.090622401662 -680.254096125301 -0.173660929384891 -0.707244579079061 -0.453317867204595 0.513955151974893
1703154468000630 -779.296571630952 307.641305859001 -685.684814812424 -0.172594837368514 -0.710595946882566 -0.454615996910516 0.508516192211087
1703154468000830 -780.385786066519 312.826327530086 -697.429603745802 -0.175691700622164 -0.714956976527974 -0.454781599109632 0.501141342495064
1703154468000870 -781.189580498779 313.735672328593 -699.930472748203 0.17509334838024 0.716280194893115 0.455795179068395 -0.498533606184063
1703154468000990 -783.63558665899 317.140749185314 -709.177779831121 0.176097723225692 0.719557841006331 0.457380607003189 -0.491964516666019
1703154469000110 -780.605964166331 318.432153216745 -713.433653387259 0.177313132961343 0.723202348804914 0.457358785007993 -0.486170090954289
1703154469000230 -789.766271566039 324.706886576937 -730.409140590789 0.17934347022037 0.725752261970817 0.460588131170297 -0.478516611371655
1703154469000350 -793.126236610086 328.731566411629 -742.126467353505 0.183379064756119 0.72803863368927 0.462471620462358 -0.471648032681101
1703154469000470 -795.810273121661 332.643959700147 -753.459598966588 0.185212875860811 0.730722907895853 0.463916102960994 -0.465319322514207
1703154469000590 -798.030461606418 336.5758452963 -764.641688833639 0.187109217134769 0.733206873555346 0.465347087987931 -0.459183960015549
1703154469000720 -798.423873863201 339.852003553159 -774.494411770152 0.191146432098362 0.734731346809339 0.466305340520416 -0.454083933776499
1703154469000830 -800.980880012165 344.503866139319 -787.737523047168 0.189931993303286 0.737314792075817 0.467528849927738 -0.449120818701697
1703154469000990 -802.587345424345 349.682842001066 -803.541730405994 0.196168324851845 0.738507903914799 0.468813577471371 -0.443100320197002
1703154470000190 -802.567851451421 355.930371009051 -821.889181393192 0.193077498650673 0.742410920665887 0.468839242148875 -0.437877687730373
1703154470000400 -800.95546472338 359.397334207739 -832.856776692357 0.194584012000395 0.744910640021718 0.469402212006561 -0.432327149297395
1703154470000910 -797.937336787052 368.965860079493 -858.824611128697 0.202108002540663 0.745733306271734 0.471325094954039 -0.425307942663451
1703154471000520 -796.929852433045 383.977830466804 -896.878751512072 0.206032561402426 0.747480028089774 0.473250153747836 -0.418160834161351
1703154471000840 -785.680705603043 397.996621646783 -934.547683874217 0.209119665995318 0.749979219062536 0.474487154947751 -0.410684886571134
1703154471001000 -786.025605317727 416.573307241873 -981.810265386594 0.20912913986837 0.753062904051902 0.475025427734994 -0.404366304733738
1703154472000160 -777.4214842553 433.584931717189 -1028.52311446388 0.209588831386113 0.755507885099653 0.474596904431139 -0.400047666678402
1703154472000280 -768.399945273353 448.212587884762 -1068.61264625904 0.209081807337787 0.757605500140955 0.474144396764558 -0.39686999762304
1703154472000440 -752.582724941076 471.809645637415 -1135.87898256142 0.211618080460443 0.75961203593025 0.475335053764393 -0.390210109498639
1703154472000600 -729.372143775332 500.678858986971 -1217.76799543692 0.214821151819019 0.76042997322384 0.477298531665633 -0.384427158540823
1703154472000720 -709.032652320832 529.326607697391 -1300.46296069774 0.211951842739254 0.764292289758381 0.475351868615599 -0.380754925350919
1703154472000760 -699.995065890878 539.217858301746 -1329.25274478913 0.211459969637521 0.765271919697878 0.475115153572895 -0.379353609457228
1703154472000880 -663.69898076885 573.154486011903 -1420.96344991679 0.203069208138088 0.771616144484739 0.469659109139983 -0.377877947859509
1703154472000920 -648.149945368915 585.980956561354 -1456.95983873721 0.21303293654389 0.766323568232641 0.47615228783138 -0.375025539812454
1703154473000040 -596.899136989636 626.912918925064 -1571.92326673693 0.208508911290448 0.770404608726708 0.472710857149369 -0.373557516720288
1703154473000200 -535.347860474053 679.471594691382 -1721.37043752205 0.207607673391215 0.77277009350902 0.472218543972497 -0.369777072376915
1703154473000360 -497.662517831773 737.128009550847 -1850.83985868621 0.206055683251539 0.776523883033062 0.47104676286969 -0.364234349930074
1703154473000600 -464.063340180036 838.816654346664 -2049.52586763781 0.203912451416007 0.783237273209233 0.46866289127215 -0.353997429874439
1703154473000840 -410.544143816483 943.492169297023 -2279.31896639002 0.204316079332025 0.788242647210474 0.467751160412806 -0.343711100748125
1703154474000160 -394.270235900373 1055.33023663306 -2477.78607479782 0.205445618532888 0.795063709832565 0.465888340474901 -0.329566153211249
1703154474000520 -371.583955626664 1171.56475198867 -2690.50233632036 0.205940872185251 0.800881353864268 0.464563900281175 -0.316792987219822
1703154474000880 -415.304478502302 1263.27476504602 -2810.91991359915 0.208532610930585 0.804648679033969 0.464884656818634 -0.304855554914099
1703154475000600 -465.585066900636 1358.89476859104 -2920.95035123735 0.211698703091661 0.808722538450424 0.464535107629166 -0.292162024725272
1703154476000960 -444.448720633852 1413.41748403896 -3032.18432594652 0.210411748105392 0.811561664083111 0.46332096230205 -0.287103200158736
1703154478000240 -456.394454073078 1400.57796842327 -3004.14818335893 0.21136318576175 0.810395078840255 0.464252063927713 -0.288193409076265
1703154480000920 -475.884648975517 1379.02129862142 -2943.69252172433 0.211390894653048 0.80997611512905 0.464043391185522 -0.28968312632129
1703154483000560 -482.636719991019 1371.69907242155 -2935.2193187438 0.211397084641493 0.809451718248496 0.464822308153939 -0.289895516129656
1703154483001000 -459.737138974266 1401.22892165129 -3011.77316868999 0.213004368751001 0.809508010597822 0.465412074032173 -0.287606538548787
1703154484000320 -405.098499683582 1452.24422903707 -3148.88763553197 0.210859440391336 0.812349701765148 0.46382737371104 -0.28370834643388
1703154484000680 -322.884979960178 1545.15470624859 -3411.16973378608 0.208345943212118 0.817153874533662 0.46218877087386 -0.274286443995667
1703154484000960 -259.081496707964 1641.58412867541 -3667.73832897284 0.205917352172591 0.821991723830581 0.461830428547201 -0.261992948943609
1703154485000160 -164.181270502247 1721.2453018996 -3932.39382535677 0.206509790162922 0.824374050314427 0.462938916330829 -0.251890236971367
1703154485000440 -31.0692296769957 1843.93036794198 -4329.63791853015 0.204891946549184 0.829839816699545 0.462826910616698 -0.234896614850779
1703154485000800 73.3195592085003 1881.36223914878 -4599.14246149542 0.195114842697529 0.8382863318796 0.46155772171233 -0.214873668630399
1703154486000160 72.4944683401422 1920.41311499176 -4801.02044704053 0.197264446342178 0.841452529382477 0.464991462016329 -0.191904453458127
1703154486000600 117.080243086391 1973.00026519386 -5087.62616860363 0.187941024501738 0.848831219824876 0.465568837116842 -0.165557813060942
1703154486001000 155.220830589518 2000.72888578592 -5323.6465460533 0.181629063943642 0.852831798803375 0.468085799825155 -0.143472959413268
1703154487000360 168.970843338784 2021.22679939285 -5509.71046083959 0.174730998839666 0.855695789916699 0.470889338191129 -0.124567348616124
1703154487000880 202.063899695262 2049.89664493996 -5673.11270975175 0.171553343083494 0.858157294481821 0.471678458593601 -0.107958047885666
1703154488000440 214.253516854314 2057.49633433081 -5745.09401296539 0.168720878326489 0.859019636873681 0.473046040863829 -0.09922687088286
1703154488000760 239.021415018626 2065.51335557505 -5844.7761214197 0.165699238837842 0.859926941979603 0.474614713802846 -0.0883758459535844
1703154489000040 303.76487083429 2078.75259083146 -6028.56242521743 0.157597061544523 0.861739816871716 0.476775317267886 -0.072477245081066
1703154489000280 360.121803190683 2093.7822201461 -6166.64447627238 0.153036603491445 0.864027595141787 0.476568577307225 -0.0540231797349071
1703154489000480 431.512585420604 2104.22229995998 -6306.74455142956 0.146916678587077 0.865935762256409 0.476675030612743 -0.0367649342267093
1703154489000680 507.38248266023 2113.8785590242 -6440.87336593755 0.141577921429801 0.867795676317615 0.476048237677973 -0.0162613570087796
1703154489000840 569.028190548249 2116.17201323933 -6532.01273776384 0.138023589775847 0.868375410614448 0.476286365117362 -0.00499332643321547
1703154489000960 618.894268589711 2116.62667256978 -6597.11835305209 0.134991517344074 0.869041601100341 0.475960465418839 0.00237089864453266
1703154490000080 670.545606755873 2116.91026939995 -6657.27799301644 0.130740475769391 0.86993335416558 0.475439190392466 0.00897014742201799
1703154490000280 761.57013174754 2120.06518243842 -6778.5079975067 0.124956694563017 0.870219346510279 0.475972385159126 0.0235457429069615
1703154490000440 843.769207124598 2122.18943285544 -6886.56927194964 0.11803221918985 0.870334905348219 0.476712861854014 0.0364745816779475
1703154490000640 945.181510742793 2127.8392834587 -7018.15919015237 0.109869871943837 0.870604154136787 0.476737811243359 0.0519430204137647
1703154490000840 1044.38042491519 2130.58699660542 -7127.3651474259 0.103503933836668 0.87045041208188 0.476523424117933 0.0672936999557866
1703154490001000 1122.46478029996 2133.55949586218 -7210.27885993626 0.0979994951419706 0.870055913050334 0.476442595792523 0.0800078748158649
1703154491000160 1193.07415695136 2137.61514596338 -7283.87124724119 0.0924166634487591 0.86938696516188 0.476994528122895 0.0900093620932384
1703154491000320 1253.01377123444 2138.786780015 -7336.34124451114 0.0886955991546051 0.868873410748605 0.477223163366626 0.0972118260863474
1703154491000480 1219.53045128263 2136.09196611462 -7320.42107101663 0.0899186636908805 0.868377615522378 0.478066094494995 0.0963730256556154
1703154491000680 1237.53080519 2127.93187699369 -7330.48059033054 0.0878161041099861 0.868269758133969 0.478747459456378 0.0959000992334599
1703154491000800 1250.98277428275 2123.95920970064 -7354.31692952382 0.0842284282894496 0.86785571888581 0.47915920127193 0.100690033774594
1703154491001000 1269.88242656823 2127.7929350964 -7396.84960465958 0.081085529883693 0.867752145029876 0.478375082348425 0.107650509648895
1703154492000920 1285.20599976286 2133.52098604367 -7407.40484839613 0.0815489620265493 0.867248411059765 0.476965051796744 0.117193428447307
1703154494000400 1293.70829946695 2138.69729079028 -7417.17044324439 0.0819700217221438 0.866688441999522 0.476094015714142 0.12436457793317
1703154496000760 1298.14176657885 2138.97102445772 -7420.21498866968 0.0824734114392026 0.86635634915406 0.476913089653459 0.123201938309508
1703154497000520 1295.4750833777 2139.06235703127 -7418.01788127558 0.0820360876800021 0.866647842889311 0.476371225859069 0.123539677460284
1703154497000760 1293.37551009968 2139.18646475847 -7416.36888076096 0.0818139665621171 0.866851117540396 0.476008306107434 0.123659643421252
1703154498000480 1295.43141377765 2139.25646125125 -7418.26086423169 0.0818128770887934 0.866604706982666 0.476167543473052 0.124769409395015
1703154499000080 1298.34664135728 2139.22714715802 -7420.51598085817 0.0821102547179612 0.866319735148921 0.476449423728104 0.12547497436068
1703154500000880 1302.63973133764 2139.23735360901 -7423.93299518344 0.0822449326109293 0.865931287926566 0.476588896466384 0.127521760553315
1703154502000080 1307.14470405238 2139.15989616287 -7427.01687827441 0.0820538068119534 0.865771819424818 0.476462848988151 0.129187781974926
1703154502000320 1310.72758211997 2139.41786650589 -7428.36865406195 0.0819640309802808 0.865824610455455 0.475931307296766 0.130839719848044
1703154502000680 1321.78147109689 2139.66458962607 -7432.53849161563 0.0824007010251938 0.865217020237882 0.475310126435942 0.136711067835364
1703154502000920 1335.55412810272 2139.96141434373 -7435.90094630514 0.0825620857448218 0.864973412705616 0.474020413867683 0.142510155941866
1703154503000120 1352.92106322909 2139.58651229852 -7439.64911710384 0.0827131354093116 0.864606271683525 0.47274689652398 0.148744425183669
1703154503000320 1378.87488158583 2138.1893245627 -7448.14111068971 0.0832184517843935 0.863342822394231 0.472430975520796 0.156597680926125
1703154503000520 1411.80719002775 2138.03796825577 -7460.16486114577 0.0830207900929297 0.862769509475311 0.470748083854367 0.164719651163784
1703154503000720 1451.90057726141 2136.65943989035 -7473.0817437139 0.0833856996813167 0.861548353936167 0.469856514241111 0.173251594346866
1703154503001000 1505.86278650859 2136.94126201332 -7495.14955845349 0.0842456052048645 0.859258722508645 0.467792718072332 0.189069031612735
1703154504000280 1571.56597334271 2133.14296345893 -7527.30923911957 0.0852599043525303 0.855425471228738 0.467260842000475 0.206507427023571
1703154504000520 1637.30156261987 2125.24630548104 -7558.36477911513 0.0871668183220521 0.850911337499277 0.468564957262192 0.220904328442615
1703154504000800 1719.85520804794 2116.1097349276 -7580.13304549027 0.0889570108968578 0.847615387006407 0.468547855445957 0.232589150820217
1703154505000520 1900.19947306878 2090.85219112862 -7607.77702028948 0.0915674105866585 0.842330269468615 0.46819251623828 0.250780569809252
1703154506000560 1993.60826329426 2071.30205718988 -7625.17941573806 0.0897356682229441 0.843883807356298 0.462482147693753 0.256744800521829
1703154507000160 2015.96159860137 2080.01447190122 -7619.63822358435 0.0911793558580387 0.841323309904125 0.466241288722925 0.257838077031432
1703154507000720 2122.39032524555 2075.86237466925 -7624.1681894837 0.0911751157280326 0.840872191221952 0.464222097631986 0.26290473630525
1703154507001000 2225.95100578264 2070.51556425818 -7624.42014165694 0.0895719789356589 0.843467360637418 0.456896574549424 0.267927587780541
1703154508000240 2364.15113239899 2094.0553434027 -7614.45367351332 0.0873249999636544 0.846051790482641 0.44972598154432 0.272611910463325
1703154508000440 2494.15849666323 2057.03362611709 -7628.08510311635 0.0892775056475241 0.843252267258255 0.453008382053873 0.275206370816704
1703154508000520 2556.10883848878 2034.65697886325 -7638.72896034045 0.0880355830320441 0.844703861694877 0.449413641502037 0.277042417311589
1703154508000880 2909.99243644376 2016.78386949733 -7632.64752290577 0.0853347381874102 0.848736285919206 0.438431416794933 0.283094670012959
1703154509000040 3102.05174585912 2012.66776976853 -7631.8676920418 0.0889613276363415 0.841731693369246 0.449288082351502 0.285856358368729
1703154509000200 3336.31906768876 2011.23083551331 -7628.5332899561 0.0813195050971019 0.854390509591222 0.425253805241684 0.287338121972499
1703154509000400 3625.96577359253 1984.09681110439 -7636.22693435251 0.0774095585565281 0.860836566852757 0.411584697002207 0.289078194623607
1703154509000800 4222.13012435389 1963.28871680726 -7637.51844066017 0.0697515453270082 0.87138119563954 0.388900495147214 0.290836618541323
1703154510000040 4419.87433624718 1968.03791406592 -7648.24354274065 0.0697476038573586 0.871932172245508 0.383391790202388 0.296446106341095
1703154510000480 4715.579287458 1950.47314207346 -7680.94924528824 0.0650086559699741 0.872940167389362 0.371381173683654 0.309556719585544
1703154512000280 5109.01217004746 1927.94437303822 -7855.49994320543 0.0562544415748337 0.861892699217302 0.363585242515695 0.348973042316767
1703154512000840 5222.76700605524 1918.64638570421 -7887.70648559266 0.0531710003012778 0.860965157085433 0.359260563651478 0.35615121846856
1703154513000480 5365.9618305881 1891.74724714435 -7884.48828322999 0.0513346956488428 0.860002359833843 0.356550714295143 0.361430876155436
1703154516000000 5494.87964409059 1873.30282573525 -7882.11030074277 0.0488214688103979 0.86116525394822 0.352349088957679 0.363126684624233
1703154517000720 5432.44611809133 1876.4791614521 -7877.02575615413 0.0512554508848099 0.859243225374765 0.356324357611576 0.363465143548681
