1703155552000430 8.22220189947422e-05 6.44197176733605e-05 -7.73002172700878e-05 -1.1917935920215e-05 -5.02807292036687e-05 5.42359523603392e-05 0.999999997194136
1703155556000030 -0.03434893692393 -0.0226525872800872 0.0255366373676806 0.000126424920717244 0.00039166508240202 0.000464991559256932 0.999999807199008
1703155556000670 -0.102436458714949 -0.0699444013771058 0.0778555080902829 -0.00017220793859125 0.000628765300303694 0.00136433173938901 0.999998856798111
1703155557000070 -0.165373858271871 -0.113980543123625 0.12509096730839 -0.0013754757150892 8.26986596112034e-05 0.00354039520486704 0.999992783388601
1703155557000510 -0.254972894506528 -0.176235351654412 0.192765537447719 -0.00254588104956845 -0.000156369165377181 0.00596895611931881 0.999978932578688
1703155557000950 -0.358716026040595 -0.247451913889374 0.270528534101751 -0.00307114532080807 0.000353756461151613 0.0081584800693356 0.999961940338603
1703155558000230 -0.435166495294942 -0.301356674421341 0.325818573075191 -0.00602729250149318 -0.00158282013016954 0.0124681600744079 0.999902850985983
1703155558000590 -0.525846802758202 -0.363765314892646 0.393121783883728 -0.00575143031863177 -0.000363473523424363 0.0138921979615092 0.999886891489275
1703155558000950 -0.6258082144468 -0.432641102801642 0.464986096927128 -0.00788421369922256 -0.00097800223914138 0.0183564991964379 0.999799940799766
1703155559000310 -0.735579970508211 -0.507954119806381 0.542421462601585 -0.0109566834917283 -0.00221653637957885 0.0238555992059952 0.999652913985581
1703155559000670 -0.835330844722816 -0.57667487517863 0.612708571766405 -0.0118711628225037 -0.00148180680878057 0.0273555393631052 0.999554177725238
1703155559000990 -0.938682533046259 -0.648141718301906 0.684343258732289 -0.0150829732278141 -0.00255590205075817 0.0333025484135322 0.999328230138867
1703155560000350 -1.04913335304341 -0.725392802316759 0.761052114630192 -0.0173218264089976 -0.0024903504980089 0.0385422641093282 0.999103721523236
1703155560000630 -1.14328080331076 -0.792401348122721 0.82584092057174 -0.0208134754593994 -0.00356636099578551 0.0446848696238825 0.998777924633522
1703155560000990 -1.25498619578195 -0.872804007596803 0.902618523967457 -0.0221662049489025 -0.00187363572249386 0.0487896959736626 0.998561322310323
1703155561000230 -1.34553330851092 -0.939743696203443 0.963172711795468 -0.027650482017951 -0.00442297689871014 0.0572591710724502 0.997966570305651
1703155561000510 -1.43702576309834 -1.00888884186968 1.0258594721568 -0.0304295133070225 -0.00397899892002178 0.0623275321919429 0.997583826562136
1703155561000750 -1.52404906391595 -1.07605750627877 1.08442007231427 -0.0347057380934872 -0.00485380506742663 0.0690861113926614 0.99699501580118
1703155561000990 -1.60965473471063 -1.14327933295369 1.14320072648436 -0.0389000874318921 -0.00541229621430605 0.0756952949326798 0.996357221368187
1703155562000230 -1.69555654999421 -1.21270328484293 1.20228520392748 -0.0428621680825102 -0.00564333207856838 0.0820649967366264 0.995688868904808
1703155562000470 -1.77750705838983 -1.28072124832186 1.25941208334439 -0.0468209483336449 -0.00574569522918307 0.089172969578941 0.994898470840088
1703155562000750 -1.87241738983247 -1.36215264675556 1.32796875092991 -0.0509953300156688 -0.00506784600297359 0.0958137929665048 0.994079227391285
1703155562000950 -1.94185073403968 -1.42454961898034 1.37884152698636 -0.0562724809607556 -0.00666917590623454 0.103872011097559 0.99297509298562
1703155563000190 -2.02298602748768 -1.49932841132066 1.44087104933986 -0.0611743340682298 -0.00689159738624365 0.110747105919136 0.991940162140494
1703155563000430 -2.09694032343421 -1.56907221263321 1.49824831005733 -0.0651021365627213 -0.00645032927922184 0.117325499796663 0.990936341126221
1703155563000670 -2.17002990536817 -1.6418355207417 1.55722515974156 -0.0700440117841556 -0.00666198068303471 0.12484736769496 0.98967802299849
1703155563000870 -2.22151717443991 -1.69735540406791 1.60717772124068 -0.0722473222718697 -0.00645372017051809 0.128445735799325 0.989060345416535
1703155564000110 -2.29403437041396 -1.77765072584429 1.67873380187859 -0.0769809785951934 -0.00706443999106744 0.134606072097809 0.987879156565487
1703155564000350 -2.36526146182774 -1.85725453270691 1.74976129121576 -0.0811343062257357 -0.00649242944151207 0.140402016009639 0.986743303303166
1703155564000590 -2.42924529309963 -1.93226002668713 1.81611730646689 -0.0856928355184103 -0.00681419001959109 0.147159695286581 0.985370148136401
1703155564000830 -2.49354042580481 -2.00966731385144 1.88434237622725 -0.0902414664808402 -0.00664191439001688 0.153082381832921 0.984062064644798
1703155565000070 -2.5538713684452 -2.08462817626353 1.95313849965605 -0.0938708833238697 -0.00569333324436374 0.157814068376158 0.982980448962811
1703155565000310 -2.6157576670336 -2.16214229538303 2.02621056549914 -0.0985099831953553 -0.00548492746063325 0.163345773727287 0.981623072766241
1703155565000590 -2.67937402636706 -2.24553070561702 2.10442191702041 -0.103390740378232 -0.00511031778492776 0.170071363777721 0.97997957666421
1703155565000830 -2.73247417116074 -2.31646457864201 2.17249975968905 -0.106617540747367 -0.00331131870298081 0.174198146869401 0.978916105088019
1703155566000030 -2.77998074742197 -2.38185808689095 2.23696808023017 -0.110913874439411 -0.00339333337117991 0.179700529330521 0.977442743849378
1703155566000190 -2.81555765690575 -2.43219299690495 2.28667512368026 -0.114605273765249 -0.00336562128742337 0.18447142982954 0.976127345890477
1703155566000350 -2.85040868851496 -2.48269176583173 2.33714259487543 -0.117569511307427 -0.00274342082013224 0.187936547156962 0.975115243392213
1703155566000550 -2.88913832390656 -2.54032539591286 2.39612934855133 -0.120934647938368 -0.00192145004724986 0.192060365636642 0.973901398966681
1703155566000750 -2.9264356549414 -2.59838659170165 2.45600496056799 -0.124893769799171 -0.00180156826887384 0.197158062134953 0.972382126096688
1703155566000870 -2.94805774056047 -2.63222986503502 2.49165119866124 -0.127293203947333 -0.001765018700706 0.199980555843927 0.971494262578098
1703155567000030 -2.978487241692 -2.68035572554916 2.54247267861481 -0.131273414766896 -0.00195734739762581 0.204402142516975 0.970042897763328
1703155567000230 -3.01178253473802 -2.73593365594847 2.60224899297885 -0.134809103107948 -0.000935788408054638 0.208914912834426 0.968597021064318
1703155567000430 -3.04195210866778 -2.78799429354739 2.65873503801244 -0.138791079916803 -0.00024502130352867 0.213989073270094 0.966925877521692
1703155567000630 -3.07115333976522 -2.83720019857906 2.71454768517491 -0.142523858711512 0.000249929324134206 0.219100538326481 0.965236676332992
1703155567000870 -3.09824150145995 -2.88703398041137 2.77362163230239 -0.144797298010287 0.000309706275360001 0.220536370503946 0.964571073511895
1703155568000030 -3.11655799471973 -2.92029262026309 2.81352960297371 -0.146630567463119 2.78719314834907e-05 0.221632079545764 0.964042891797258
1703155568000230 -3.13799596513178 -2.95998732265369 2.86164514630625 -0.148677319954378 0.000104633622597057 0.223511390643675 0.963295230879671
1703155568000430 -3.15979632543464 -3.00055617369728 2.91132357464363 -0.150902218922966 4.44607925850017e-06 0.224827329869815 0.962642816442302
1703155568000670 -3.18556541746496 -3.04822322196688 2.97110089229827 -0.153771115796633 -0.000104467274700643 0.227245181404528 0.961620538758231
1703155568000830 -3.20138641921828 -3.07998695541878 3.01080682114445 -0.15566560415893 0.00012097692936986 0.228595702111638 0.960995426639745
1703155568000990 -3.21668326048309 -3.11081785288319 3.04982109139186 -0.157408714484299 0.00070589876145877 0.229910761345123 0.960397334507466
1703155569000190 -3.23589869570348 -3.14783772790906 3.09679109641858 -0.159578037324713 0.00171718566574996 0.231689426430863 0.959610291189668
1703155569000390 -3.25631901017493 -3.18466309685929 3.14440034282743 -0.162381264469386 0.00258604655121712 0.233891673847536 0.9586033184886
1703155569000630 -3.27761916914379 -3.22671472914038 3.19922158827291 -0.165201526044891 0.00508181166754194 0.235249093697302 0.957778938428494
1703155569000830 -3.29380085783787 -3.25878320173655 3.2419746383567 -0.167561045539757 0.00658317211232089 0.237339786259159 0.956843656884979
1703155570000030 -3.30977482761012 -3.29139553768766 3.28631663517415 -0.170357127436834 0.00838925172212375 0.24000631003156 0.955669943407266
1703155570000190 -3.32056939133028 -3.31700476189944 3.32276278351616 -0.172046443412384 0.0101880936609426 0.240501092109697 0.955225339252863
1703155570000270 -3.3245793153576 -3.32890734942368 3.33955995913709 -0.172724066532187 0.0104367894259986 0.241251147778409 0.954911175954425
1703155570000390 -3.331867590209 -3.34865311115863 3.36939518106246 -0.174311792350066 0.0112813085551057 0.242578392991548 0.954276613136165
1703155570000550 -3.34077752259176 -3.37710319525243 3.41420501661738 -0.176799557915367 0.0123830119310752 0.244091680161486 0.953419020689428
1703155570000710 -3.34974848091421 -3.4060069205925 3.46274087346296 -0.179279941623775 0.0132602173488485 0.245669261635027 0.952538441772792
1703155570000870 -3.35741778120164 -3.43802762913012 3.51878143796215 -0.182122342467346 0.0139213838673189 0.248203281208632 0.951332107438141
1703155571000270 -3.37743482628235 -3.50370223784615 3.61840265204157 -0.188404024273812 0.0180255767264459 0.252700178884078 0.948852792488417
1703155571000790 -3.32041764177887 -3.51654158554342 3.72762735717887 -0.195851932747197 0.0249091713392379 0.258134738083095 0.945720894670913
1703155571000990 -3.3549215215296 -3.60977556148581 3.8157577119775 -0.203010733938303 0.0258737759081832 0.262927006814412 0.942860848011889
1703155574000390 -3.50489997332483 -3.70774279139482 3.92214324079193 -0.2070375216247 0.0355539629488933 0.265630453349909 0.94091011399137
1703155575000030 -3.47493849717273 -3.71472824947069 3.85358448745502 -0.213846630960684 0.0492885117618828 0.270570385354359 0.937353683304364
1703155575000630 -3.44747099303736 -3.70492209783812 3.77622652034261 -0.220080251248003 0.0647078281646862 0.275951249826682 0.933396211532872
1703155575000990 -3.45473336351314 -3.70988579647527 3.69001608506901 -0.224445433033301 0.0795805264753788 0.279504616013623 0.930144266779876
1703155576000190 -3.47136936046247 -3.72367149881767 3.64753069897909 -0.227910561735593 0.0888828764093021 0.282050130715763 0.927687627326028
1703155576000390 -3.49395179226535 -3.74503959624852 3.61211230598239 -0.231834166289353 0.0983285525697845 0.285027336082741 0.924848005228982
1703155576000590 -3.52588894376291 -3.77848786587763 3.5821991195748 -0.236277397962177 0.108387408770035 0.288912973809855 0.921387244537652
1703155576000750 -3.56954188648229 -3.81976928852878 3.58547119499951 -0.240051541576164 0.117528686184839 0.291563388944516 0.918451444300548
1703155576000870 -3.60453727826255 -3.85237769704514 3.58083253794304 -0.241924107842265 0.12747354620925 0.291582397786447 0.916625837712787
1703155576000990 -3.63738408935894 -3.88065895239156 3.58113074541405 -0.242383855244208 0.136002812492678 0.290751114353636 0.915541965839445
1703155577000110 -3.68283964988991 -3.9266921315236 3.59915391614217 -0.244601918125803 0.145417083365619 0.291678722756123 0.913207148573625
1703155577000230 -3.74008518026665 -3.99060647614979 3.6509946303245 -0.248393663033884 0.156108347746161 0.294406444514981 0.909535935165082
1703155577000310 -3.77635974987389 -4.02666913243271 3.68411846755177 -0.250244001765926 0.161787111533737 0.296637268904446 0.907308768181294
1703155577000390 -3.8182286697905 -4.07056119699462 3.71835210327069 -0.25256129561469 0.170547023789494 0.298175027595809 0.904554120853039
1703155577000470 -3.85918721002162 -4.11409459190162 3.75341185595408 -0.253771647980643 0.179118222361751 0.298609500936323 0.902412865073252
1703155577000550 -3.90420137404427 -4.16032811072936 3.79569593479355 -0.254409650884065 0.189073616518368 0.297792016967243 0.900470328053232
1703155577000630 -3.94466681376839 -4.20511103964663 3.84196589558977 -0.25607947597395 0.199288322173485 0.297533925898671 0.897875843070471
1703155577000710 -3.98666462766209 -4.25415323967363 3.90132682340173 -0.257270711420029 0.208184263729754 0.297772425534592 0.895434350453442
1703155577000790 -4.02696571576917 -4.30402567412105 3.97447185538973 -0.258893053024619 0.217075179892583 0.298756108637824 0.892523131869297
1703155577000870 -4.06684290659065 -4.35656093719387 4.04809591819577 -0.26003052066909 0.225275869817611 0.299269873277634 0.889984524442346
1703155577000950 -4.10176039627123 -4.40117442154727 4.12349466297517 -0.261773511806923 0.235164029458895 0.30096985686559 0.886334955320636
1703155578000030 -4.13602488394913 -4.44591327599963 4.19608182986762 -0.262669559224579 0.243367143325476 0.302262614718097 0.883410690421019
1703155578000110 -4.17174854372368 -4.49495813570533 4.27521904686624 -0.263495153092346 0.251336826532252 0.303965191965476 0.880343833964281
1703155578000190 -4.20226058675607 -4.53211135152549 4.34800060274204 -0.264278142894617 0.260554110906533 0.306246584422883 0.876630850476526
1703155578000270 -4.23305199091347 -4.57777103184074 4.42861086967539 -0.264749043743643 0.268842139504362 0.306898338226286 0.873753545261756
1703155578000350 -4.25815909801093 -4.61643494737912 4.50497441774602 -0.26510841122283 0.277942769702753 0.306546648504477 0.870915896834787
1703155578000430 -4.28263085476481 -4.65628712265201 4.58341239429555 -0.265253251897836 0.286975511247946 0.306185807560878 0.868064524992178
1703155578000510 -4.30644212896772 -4.69421951321929 4.6622686259304 -0.265312052226803 0.29640450463883 0.305617381429005 0.865073349919815
1703155578000590 -4.33267311366164 -4.7343861266042 4.7508697407143 -0.265431050140927 0.306271156065715 0.306714860237213 0.861202839691627
1703155578000670 -4.34718581615261 -4.7601694650289 4.82414638584519 -0.265023455103126 0.313494265716349 0.308227376665527 0.858184011667694
1703155578000750 -4.36990107263745 -4.7962476545915 4.90620607018027 -0.264926465201654 0.321837674328324 0.309516506687754 0.854654322815079
1703155578000830 -4.37908267620865 -4.82133515871215 4.98012377608787 -0.264472119621559 0.329083566222064 0.309752798607699 0.851945836388762
1703155578000910 -4.3961472008384 -4.85054276416927 5.05387882300814 -0.264460108180052 0.338121143611348 0.310750613291668 0.848038324466059
1703155578000990 -4.40107941611682 -4.87306591182099 5.11847524232469 -0.264112064840002 0.343460415705128 0.310662215410245 0.846031174346436
1703155579000070 -4.41002267821995 -4.89686972128821 5.18148390804793 -0.264123906093913 0.350251979624255 0.311481756336332 0.84293607614612
1703155579000150 -4.41684085532775 -4.9188324119105 5.24295671449673 -0.263892203698978 0.356606883447983 0.312132050815388 0.840098814639203
1703155579000230 -4.42412148528612 -4.93948077170747 5.30594979856965 -0.263703865369204 0.364826120433315 0.31280187122283 0.836371426220679
1703155579000310 -4.42445280556816 -4.96148279390196 5.36741338755178 -0.263912426237385 0.36966145713944 0.312306682095502 0.834365132721606
1703155579000390 -4.42765183286754 -4.98041315223079 5.42559528431156 -0.264237607661717 0.376431564270245 0.313319959238539 0.830847980837066
1703155579000470 -4.42672982057957 -5.00003845875232 5.48529732911235 -0.264289455440368 0.381965971557073 0.313448636570366 0.828253000325187
1703155579000550 -4.4267769654994 -5.01775369126249 5.54048337603044 -0.264275784510104 0.387557516053621 0.31456076281795 0.825232699283848
1703155579000630 -4.42929284860469 -5.03473323015922 5.59358029429803 -0.264192082154681 0.395219668667225 0.31492569006757 0.821477794563437
1703155579000710 -4.42437342808608 -5.04917730267196 5.64384618140307 -0.263806242366432 0.39998137470781 0.313681205816862 0.81977147272434
1703155579000790 -4.42401080872647 -5.06520410908949 5.69680445968988 -0.263850986800872 0.407211716387315 0.313864150263176 0.816119213093698
1703155579000870 -4.41895034447258 -5.07930706263803 5.74562376550273 -0.263927575656155 0.412304394044663 0.313450537061787 0.813692867288023
1703155579000950 -4.4147454695983 -5.0939580404835 5.79774180963125 -0.264037569386554 0.418156478820816 0.314026532538899 0.810442260765203
1703155580000070 -4.406130420208 -5.11624027641596 5.87595546647176 -0.263863945437824 0.427006208091732 0.314276889935709 0.80577388453675
1703155580000190 -4.39792097119422 -5.13390514717934 5.94419706371427 -0.263427484757474 0.436088277902673 0.315283170908673 0.800643176634888
1703155580000310 -4.38686631475379 -5.15353805089577 6.01680271163696 -0.262518983053307 0.444753609153718 0.316009532746802 0.795874353082537
1703155580000390 -4.37972328766233 -5.16329712624788 6.05813529033015 -0.262020421818714 0.450876687572062 0.317355793603003 0.792048490574028
1703155580000470 -4.37032824977578 -5.17629075050181 6.10802250180649 -0.261401434445833 0.45667262446488 0.317816592268671 0.788740779859105
1703155580000550 -4.36144189885248 -5.18542965541205 6.15034174858373 -0.261060344611908 0.463518302818842 0.318267171317571 0.78466826562858
1703155580000630 -4.34909900681296 -5.19795714120461 6.20096268326541 -0.260744980859418 0.469758939141119 0.317281993476269 0.7814542409312
1703155580000710 -4.33785490392444 -5.20833413076705 6.24698506246806 -0.260678999753435 0.478117300658242 0.316521589313425 0.776700965235224
1703155580000790 -4.32361937371597 -5.22015199598784 6.29814979998793 -0.259994993018757 0.485172237912357 0.31622834361701 0.772664311235826
1703155580000870 -4.31130156427454 -5.22984662790341 6.34349548159286 -0.259198767330918 0.493342697236564 0.316815569062962 0.767500408662299
1703155580000950 -4.29565701943682 -5.24015147202399 6.39186307592771 -0.25828183726073 0.500948526320729 0.317094007645655 0.762753208340371
1703155581000030 -4.28119043572428 -5.24894588894988 6.43490711374171 -0.257562095419776 0.508594420112827 0.317214240432642 0.757871102826736
1703155581000110 -4.26568979958158 -5.25705419234842 6.47663750021802 -0.256750232944564 0.516065442031161 0.317005057961643 0.75316901864776
1703155581000190 -4.25063993904413 -5.26454447974036 6.51572708432091 -0.25609325561434 0.524082528336575 0.316197592747387 0.748179677792674
1703155581000270 -4.23354227737912 -5.27142887125021 6.55407864454059 -0.2553954897461 0.530582758158642 0.316715751610858 0.743603532296402
1703155581000390 -4.20868041952063 -5.28017401723001 6.60756477450143 -0.253770023413997 0.540369841993106 0.317873371419529 0.736585180969036
1703155581000510 -4.18419582579772 -5.28830687801181 6.65823245737903 -0.251664831818843 0.551141143162929 0.318097865762652 0.72919270466448
1703155581000630 -4.15674752301996 -5.29587835691869 6.70816253872443 -0.249740542891503 0.561678819663977 0.317491586102311 0.722042697858913
1703155581000710 -4.13807696815456 -5.29999914354718 6.73782400580466 -0.248674473490729 0.567449930702211 0.31749802166798 0.71788340879079
1703155581000830 -4.10965902348134 -5.3060730530969 6.78064013561037 -0.246743323824493 0.575859897743142 0.318135043860798 0.711542833698006
1703155581000950 -4.08122239069525 -5.31166770985222 6.82114939803393 -0.244671282749217 0.584660792319239 0.317946786577242 0.70513655573066
1703155582000070 -4.05239218045323 -5.31687222865229 6.8591245975297 -0.243162295996737 0.592436291494313 0.317600562654206 0.699300522613699
1703155582000190 -4.02198066195064 -5.32178809733142 6.89623743589263 -0.241988521579587 0.59966374109659 0.31697718953902 0.693808629486339
1703155582000310 -3.99420079879617 -5.32611948786669 6.92918324650325 -0.240563856534872 0.607190630364004 0.315446777749119 0.688434383027846
1703155582000430 -3.97037915690714 -5.3299467419098 6.95575083263683 -0.239050384957647 0.613288693237285 0.315007138240559 0.683741467995321
1703155582000550 -3.9479831498109 -5.33333209642527 6.9794674819261 -0.237630613240428 0.618662286297904 0.314849241566724 0.679454650619515
1703155582000670 -3.92603941654051 -5.33646007169307 7.00142759824768 -0.236862085376091 0.622820380033487 0.315110700165512 0.675793143918634
1703155582000790 -3.90784991521461 -5.33874460424795 7.01834657984161 -0.236186739339638 0.625084056560665 0.316719897407 0.673182184093038
1703155582000910 -3.89040014842911 -5.3410413901959 7.03436727980688 -0.235400165936119 0.627232931827103 0.318547100840531 0.67059179509961
1703155583000190 -3.87742886508611 -5.34198590281394 7.04958256844595 -0.233926238139232 0.633420241647471 0.316837529764413 0.666086550167522
1703155583000630 -3.85987638584561 -5.34339251501403 7.06492868840473 -0.23203887678335 0.636595755159939 0.322408260548839 0.661027017377762
1703155583000990 -3.84658638901598 -5.34425422475499 7.07692510187934 -0.23019152263617 0.641383374882876 0.323974374101241 0.656262016465986
1703155584000310 -3.83362376418077 -5.34510331912311 7.08767896605662 -0.227629308212803 0.642483883689495 0.332165975940194 0.651970184647675
1703155584000510 -3.8255857960667 -5.34549769654108 7.09464993915375 -0.225794112912165 0.645073801490617 0.33425126951803 0.64897834943104
1703155584000830 -3.81124568044827 -5.34624839628785 7.10679396856866 -0.223816208594778 0.649413215371799 0.336448292185437 0.644182681509075
1703155585000110 -3.79861823990159 -5.34696073453062 7.11712688108782 -0.222060175813786 0.653554114087025 0.338558583110841 0.63947977613014
1703155585000350 -3.78577281759509 -5.34781535431625 7.12745346254007 -0.21967673452084 0.656725768548774 0.343555631203797 0.634368130900697
1703155585000510 -3.77651855256252 -5.34835287481312 7.1348713940403 -0.218164247854394 0.660209486269453 0.345300087290266 0.630313925687261
1703155585000670 -3.76665555294162 -5.34870450761269 7.14254273467345 -0.21707719839613 0.664361999307716 0.346226895800127 0.625801534383665
1703155585000870 -3.75460115156453 -5.34957600637807 7.15212747008764 -0.215565340864439 0.66803751233081 0.35017967619156 0.620186794699174
1703155586000070 -3.73807644791881 -5.3494468606124 7.16290376410968 -0.213240693485104 0.672883803031876 0.353330784204045 0.613932529837852
1703155586000310 -3.72539503816242 -5.3509112057317 7.17315300340649 -0.211094224299533 0.678801324517894 0.355223376363034 0.607029112304655
1703155586000550 -3.70990760446143 -5.35029434258401 7.18123877590909 -0.208693993852214 0.683077325276105 0.35933973844811 0.600605641828062
1703155586000710 -3.69905029245264 -5.35142931650588 7.18910637740118 -0.206886090055285 0.686780454351181 0.361666967120072 0.59559026029393
1703155586000870 -3.68452871190297 -5.35166721098964 7.19770808020725 -0.205053957430176 0.690095925692021 0.364474367679022 0.590659735541938
1703155587000070 -3.66513714811585 -5.35172123185469 7.20908739912399 -0.202798523104257 0.694389417975207 0.367761357973728 0.584335245224952
1703155587000390 -3.63023146586525 -5.35252886853411 7.2281931492908 -0.199566004775879 0.701075426013875 0.372103308996917 0.57463534890468
1703155587000590 -3.60411539619243 -5.35206883296769 7.24091808612982 -0.196888576231202 0.703939350626697 0.376620821064259 0.569087898597218
1703155587000790 -3.57352779160576 -5.35214422754704 7.25457565502911 -0.195772287611142 0.708397472527762 0.377024242866096 0.563647897726077
1703155588000110 -3.53040184244152 -5.35247668540849 7.27255611745521 -0.194149508068397 0.716072827711251 0.37590593655424 0.555194020855496
1703155588000270 -3.50411148091203 -5.35229635342604 7.28245544404525 -0.193601727868926 0.719196886028737 0.375919760755393 0.551324354229289
1703155588000510 -3.46942224965799 -5.35173684730122 7.29425418239343 -0.190490752803979 0.719976523214932 0.382575565817414 0.546793393847252
1703155588000670 -3.4484712448068 -5.35109854157909 7.30006960998828 -0.1892466474163 0.721183597584454 0.384835215850817 0.544042077102397
1703155588000710 -3.44243751391681 -5.35094457800283 7.30199376724903 -0.189020420452535 0.721512481354921 0.385170053804289 0.543447375146309
1703155588000830 -3.42432585593034 -5.35045275659822 7.30778803250562 -0.188366564406181 0.722598521317325 0.386094758138348 0.541572019349151
1703155588000910 -3.41193156236347 -5.35005086422067 7.31167707978514 -0.187986791852992 0.723336418688065 0.386601015469038 0.540356406760069
1703155588000990 -3.39169174924406 -5.35015378970041 7.321349961077 -0.187256395436793 0.723603198064267 0.387988049400787 0.53925757077797
1703155589000110 -3.38242219883916 -5.34934951410324 7.32049945225582 -0.186441768473115 0.724155407843507 0.389561082699551 0.537662138434142
1703155589000230 -3.36484590723585 -5.34892422367148 7.32553140154334 -0.185295509828066 0.724112663430621 0.392028095668409 0.536321169546355
1703155589000350 -3.34811240462953 -5.34848511452194 7.33006929579482 -0.184568005267995 0.724707411857236 0.393277051575745 0.534852296745998
1703155589000430 -3.33630095952958 -5.34811834370751 7.33358332946889 -0.184133540532355 0.725171982841899 0.393676378677645 0.53407803121213
1703155589000550 -3.31815584579616 -5.34757190704485 7.33899938601815 -0.183838177240541 0.726253067404142 0.393509138409205 0.532832585962416
1703155589000710 -3.2921737071167 -5.34692794747644 7.34723764981442 -0.182927097077189 0.726977548834499 0.394708910847197 0.531268478589984
1703155589000870 -3.2675537294315 -5.34635080551641 7.35365637447163 -0.182214345382314 0.727635243142406 0.395877092529102 0.529741647300541
1703155589000990 -3.24826137138442 -5.34588967600724 7.35928178101232 -0.181578088591052 0.727852476342774 0.39704647533128 0.52878565303185
1703155590000150 -3.21788372687393 -5.34547996922691 7.3693149338311 -0.181103987617344 0.727947990944793 0.39859174583711 0.527652999895823
1703155590000270 -3.20054340010533 -5.34474755587913 7.37263651955031 -0.180481773291499 0.728073005243206 0.399974608360186 0.526646315104169
1703155590000390 -3.18063513192016 -5.34422064060644 7.37777941515422 -0.180672156175116 0.728989245523741 0.399423612450066 0.525730948024845
1703155590000470 -3.16710748639409 -5.34388322704221 7.38128344369942 -0.180885672063261 0.729677364560002 0.398903516869685 0.525097420980136
1703155590000590 -3.14522016065047 -5.34335633698536 7.38735974528769 -0.180802557407985 0.730407076996511 0.398891953121395 0.524119401322966
1703155590000790 -3.0993007280603 -5.34273001333604 7.40148839809702 -0.180129488663656 0.73068209274316 0.400928574207123 0.522411069027533
1703155590000990 -3.06752623627508 -5.34140095083317 7.40810319339109 -0.179238493311919 0.731147555159289 0.401865552368833 0.521345272270843
1703155591000150 -3.03494209684332 -5.34061792646945 7.41687834176608 -0.179240236739511 0.731854812997286 0.401826647159683 0.52038141382901
1703155591000230 -3.01792205970176 -5.34025076101638 7.42164157305503 -0.179308580142422 0.7321874769741 0.401762633954242 0.519939147985378
1703155591000350 -2.99245397810351 -5.33966605782919 7.42865261797543 -0.179380927226162 0.732597341166317 0.40163522790306 0.519435041531453
1703155591000510 -2.95224312075651 -5.33830895245126 7.43944710479342 -0.178555367849579 0.73259340509093 0.40307934384775 0.518605751985693
1703155591000670 -2.92418127468126 -5.33815949791487 7.44775750937042 -0.178038806496045 0.731913680790331 0.404604804692611 0.518555203689122
1703155591000830 -2.89224862813161 -5.33743194824494 7.4566112073644 -0.178625015313111 0.732494395112382 0.403585764352182 0.518327691567412
1703155591000990 -2.86208209633555 -5.33680655116188 7.46475736564455 -0.178797067305967 0.733082665617811 0.402704406296653 0.518122162470136
1703155592000150 -2.83182262520575 -5.33621845870103 7.47280222946117 -0.178093910998593 0.732895573391756 0.403583984431206 0.517944596340793
1703155592000270 -2.80884422090371 -5.33574057278439 7.47889905825826 -0.177527301474924 0.732603719966038 0.404460850715334 0.517868001484533
1703155592000390 -2.78604128674176 -5.33522742441953 7.48495851135226 -0.17721192498141 0.732657201674473 0.404716845317191 0.517700331847889
1703155592000510 -2.76304406008573 -5.33469011562641 7.49107038892359 -0.177331865890358 0.733217243222586 0.403882812442322 0.517517688001671
1703155592000590 -2.74736596630989 -5.3343196139808 7.49513245889889 -0.177635427369584 0.733597330628593 0.403164724536896 0.517434842590752
1703155592000670 -2.73150790578882 -5.33395818192643 7.49932279893396 -0.177589082118724 0.733600266795679 0.403228890442761 0.517396587137794
1703155592000750 -2.71550453079373 -5.33365509839502 7.50351098700194 -0.177290436119119 0.733431215295434 0.403741320457687 0.51733905695012
1703155592000830 -2.69936612861384 -5.33332960000889 7.50777402062088 -0.176573741458423 0.732920960619617 0.405088368551914 0.517254282704106
1703155592000910 -2.68364997417264 -5.33300532264372 7.51188668496669 -0.176060681514924 0.73270583000771 0.40577879917758 0.517192777632494
1703155592000990 -2.66759972334826 -5.33264976269898 7.51611314534478 -0.175872444600448 0.732640034966793 0.405973812620039 0.517196989415899
1703155593000030 -2.65951426731486 -5.33243722498317 7.51823470356136 -0.175791000891709 0.732649193803493 0.406011516676561 0.51718210637123
1703155593000110 -2.64271710794395 -5.33100028090448 7.5205797939104 -0.176135943980653 0.73278830031014 0.405448076366979 0.517309668899525
1703155593000190 -2.62546603306743 -5.33151793579168 7.52726254633725 -0.176596038375877 0.732911160437261 0.405183026585931 0.517186412334197
1703155593000270 -2.60780098090612 -5.33100511298881 7.53199359343014 -0.177198989234039 0.732898091803077 0.404811599873353 0.517289545471218
1703155593000390 -2.58160750071022 -5.33031652795624 7.53896139454474 -0.177887135703144 0.732745979372115 0.404623984401488 0.517415623954664
1703155593000470 -2.56429725699105 -5.32989657989675 7.54357862248711 -0.177859077669606 0.732237242138025 0.405379198579631 0.51755432089352
1703155593000550 -2.54729916635871 -5.32950846946543 7.54809797222503 -0.177807586632355 0.731888096712532 0.405875689795232 0.517676733550707
1703155593000630 -2.53053498408904 -5.32912797545498 7.55255217455922 -0.177904093258089 0.73182942243623 0.405858845756808 0.517739729381107
1703155593000750 -2.50592612954002 -5.32856100802626 7.55916033496919 -0.178061521731679 0.732075593333029 0.405272697762107 0.517796736734904
1703155593000830 -2.48952691741968 -5.32816170288667 7.5635624496897 -0.177950098722656 0.73212917669644 0.405154681995287 0.517851633821587
1703155593000910 -2.47321573705006 -5.32776908454984 7.56790205071584 -0.177596654616503 0.73201856401189 0.405479245063925 0.517875305487129
1703155594000030 -2.44890087056142 -5.3272122010895 7.57441103455634 -0.177832540522118 0.732433576826419 0.404599204525194 0.517895864789716
1703155594000150 -2.42358746937697 -5.32659026520881 7.58121205870225 -0.1783337920048 0.732550467061792 0.404053171259151 0.51798446562823
1703155594000230 -2.40758262871302 -5.32623602423509 7.58543314627529 -0.17883418105388 0.733000895699852 0.402989194618691 0.518003601928193
1703155594000350 -2.38355314584972 -5.32569166917992 7.59185992360123 -0.178412694840831 0.732914773346821 0.403319299284343 0.518013887993746
1703155594000470 -2.35888970974352 -5.32508912593032 7.59846598942328 -0.178184936409868 0.732690843272879 0.403725649870519 0.518092517082921
1703155594000550 -2.34213874426721 -5.32467514379357 7.60295011618819 -0.177689945305355 0.732113289512262 0.404903362291378 0.518159899897756
1703155594000630 -2.32544373396045 -5.32427517477886 7.6073806038126 -0.177619630949582 0.732008812347578 0.405102484779536 0.518175976066305
1703155594000750 -2.3005903640201 -5.32365527525914 7.61400316590986 -0.177840566093155 0.73208120695038 0.404883266630086 0.518169257950229
1703155594000830 -2.28423799646176 -5.32329255687069 7.61832772188483 -0.178150435853363 0.73242005592355 0.404149059964889 0.518157139500844
1703155594000910 -2.2682095621707 -5.32294599018614 7.62255354485298 -0.178599328161443 0.732883037757388 0.403187362809016 0.518097175652306
1703155595000030 -2.24386077215804 -5.32238632857635 7.62903213189634 -0.178628347006822 0.732883925256158 0.403132990620994 0.51812822507533
1703155595000110 -2.22789859135398 -5.32202040841524 7.63323866723115 -0.178491192351906 0.732815694047099 0.403262689145467 0.518171068619458
1703155595000190 -2.21212150510528 -5.32166774928403 7.63737167327821 -0.178508389248939 0.733034013372203 0.402937345547134 0.518109434164849
1703155595000270 -2.19607828993818 -5.32128743859122 7.64160035433839 -0.178499175481146 0.733187865127554 0.402699512905735 0.518079821154746
1703155595000390 -2.17117751205797 -5.32069463410814 7.64826027844912 -0.178289431080521 0.732914217883518 0.403201385557536 0.518148888519178
1703155595000470 -2.15536952444161 -5.31953057882894 7.65119572955732 -0.178475080174751 0.732665861582704 0.403448388197396 0.518243937821577
1703155595000630 -2.12013406849382 -5.31934205373872 7.66188337229028 -0.178802493274786 0.732634602528321 0.403423145179833 0.518194918452603
1703155595000710 -2.10350544508991 -5.31894732190349 7.66630883241923 -0.178950068874547 0.732876641331837 0.403024771902059 0.518111700961534
1703155595000830 -2.07845830590508 -5.31834110375163 7.67294833175087 -0.179066462282625 0.732961586781969 0.402921472754672 0.518031660403927
1703155595000950 -2.05350117651093 -5.31771357484508 7.67954657002929 -0.179485636955248 0.733361912594045 0.402152397918341 0.51791761905896
1703155596000070 -2.02883676336502 -5.31713829794369 7.68606351954713 -0.17900514062503 0.733096310371354 0.402913686112872 0.517868246654164
1703155596000150 -2.01273864283035 -5.31677344484927 7.69023209323874 -0.178662940270639 0.733168271287802 0.403032995008365 0.517791700093092
1703155596000230 -1.99671144457224 -5.31642415473316 7.6943392486624 -0.178503416078863 0.733333835102563 0.402939795729115 0.51768478610031
1703155596000310 -1.98046064548031 -5.31602816396942 7.69857561133673 -0.17832170768209 0.733395281094474 0.403020939512123 0.517597191407051
1703155596000390 -1.96376382580597 -5.31560835153886 7.70294720147635 -0.178362639359179 0.733419452531633 0.403055181911198 0.517522169441619
1703155596000470 -1.94714902258561 -5.3152013218036 7.70731592172341 -0.178262095896015 0.733302867502604 0.403358380550575 0.517485793543006
1703155596000550 -1.93042411199189 -5.31476799811155 7.71170463946009 -0.178208595236159 0.733273269057668 0.403479900978025 0.517451426682929
1703155596000630 -1.91411625473487 -5.31433063922641 7.71594189820262 -0.178478487245951 0.733622663567184 0.402848636302796 0.517354997385707
1703155596000750 -1.88900166386866 -5.31369083878929 7.72255570580705 -0.178675090109463 0.73382414285519 0.402455261753168 0.517307550519427
1703155596000830 -1.87188201185511 -5.31325810231629 7.72705354585248 -0.178623464801325 0.733715817488532 0.402735015876124 0.517261311115342
1703155596000950 -1.84626708963918 -5.31263658084351 7.73373204018025 -0.178531001040957 0.733364489230701 0.403470596625004 0.517218218222996
1703155597000030 -1.82930076611171 -5.31221651518687 7.7381741742034 -0.178317249604666 0.733172831672971 0.40394889966776 0.517190336188981
1703155597000110 -1.81243691934422 -5.31179243023747 7.74258507031016 -0.178226450855052 0.733091647387688 0.404185947263223 0.517151514336899
1703155597000190 -1.79601462866106 -5.31136868208175 7.74685898631042 -0.178332778585347 0.733341147063284 0.403844185084723 0.517028100086632
1703155597000270 -1.77975407765965 -5.3109301435622 7.75107888877643 -0.178562780191269 0.733745600453776 0.403140208549876 0.516924268723626
1703155597000350 -1.76329385486755 -5.31045906154475 7.7553338873895 -0.17908896515427 0.734375628777975 0.401917665241433 0.516799544101775
1703155597000470 -1.73785679888078 -5.30980894875523 7.76200269871827 -0.179127557587649 0.734289265627752 0.402095707121065 0.516770388868548
1703155597000590 -1.71241161037224 -5.30922068984254 7.76874672195017 -0.178207393753931 0.733532587070676 0.403860489688299 0.516786970990523
1703155597000710 -1.68763484994998 -5.30861596614343 7.77517975603464 -0.177843925848069 0.73338063368094 0.404452452059811 0.516664879978788
1703155597000830 -1.66384670549025 -5.30804457350829 7.78131386253213 -0.178115616575051 0.734131888702887 0.403188177208539 0.516492488697441
1703155597000950 -1.63941956262171 -5.30744482080328 7.78763880239294 -0.178314277040171 0.734520096143448 0.402561639508394 0.516360700829734
1703155598000030 -1.62288104240388 -5.30701301098471 7.79197159697855 -0.178301293893744 0.734682714598474 0.402351062477625 0.51629795659983
1703155598000110 -1.60625459607247 -5.30660905498051 7.79627887964108 -0.178214320240562 0.734690924508502 0.402414872591362 0.516266570507247
1703155598000190 -1.58981734772167 -5.30619589326112 7.80055318657199 -0.177828118299757 0.734370188321419 0.403158726595653 0.516275728672677
1703155598000270 -1.57257241823384 -5.30579661514404 7.80515492967321 -0.177451938609097 0.733717357718616 0.404424309720187 0.516343515669207
1703155598000390 -1.5475241932014 -5.30521262950557 7.81163191977377 -0.177074670059656 0.733476075374591 0.405098621455459 0.516287240759674
1703155598000470 -1.53106584112355 -5.30479796768838 7.81586958173179 -0.17737095513336 0.733765617611599 0.404524758697107 0.516224062096291
1703155598000550 -1.51453609333998 -5.30437224418284 7.82014258827007 -0.17748028693213 0.73388895284726 0.404256826941022 0.516221048109061
1703155598000630 -1.49770777804823 -5.30395304261294 7.82461448453014 -0.177199038808206 0.733527035672494 0.404967582785773 0.516274970801046
1703155598000710 -1.48097900399951 -5.30354410434731 7.8289861543992 -0.177062276675377 0.733356161141145 0.405318915600956 0.516288938241873
1703155598000830 -1.45682103089709 -5.30295371406917 7.83518130138025 -0.177216321368303 0.733608196232911 0.404849419062561 0.516246392476778
1703155598000950 -1.43247474652747 -5.30235154205022 7.84154012449361 -0.177432472284618 0.733650939218547 0.404637599289799 0.516277474236192
1703155599000070 -1.40805750965504 -5.30174830331994 7.84791085309353 -0.177142359076934 0.733277386450673 0.405447501534079 0.516272391902281
1703155599000190 -1.38434674376324 -5.30116492226488 7.85393145243431 -0.17719361179807 0.733280528888805 0.405434309420811 0.51626070026197
1703155599000350 -1.35719004016674 -5.30019233368288 7.86036364715478 -0.177061093506378 0.733694052177307 0.404901988958572 0.516136402807786
1703155599000550 -1.31329744765494 -5.29940662415093 7.87238154230018 -0.177531495459444 0.733644061911014 0.404681862178781 0.51621850893411
1703155599000670 -1.28913212334706 -5.29879282923715 7.87870167248881 -0.177544974593982 0.733568886000152 0.40477716010074 0.516245989959921
1703155599000750 -1.27341809884195 -5.2983947217149 7.88277693306276 -0.177482968456529 0.733569203303203 0.404806749365789 0.516243659080542
1703155599000950 -1.23411415302091 -5.29743374235046 7.8929404483419 -0.177531453451522 0.733706288379728 0.404602694315852 0.516192139788845
1703155600000150 -1.19260891719324 -5.29641225737717 7.90385022679342 -0.177253453823977 0.73319638401987 0.405555814921691 0.516264231330103
1703155600000350 -1.15252941676501 -5.29545564483938 7.91430911131282 -0.177057896021039 0.733168756010564 0.40570262898386 0.516255221283146
1703155600000550 -1.11257580289157 -5.29441452325903 7.92442917050856 -0.178862521802235 0.734636298562043 0.402346928697697 0.516173087342935
1703155600000670 -1.08814002689579 -5.29374114139707 7.93103348295431 -0.178517795620836 0.734163789472548 0.403233461750431 0.516272895084323
1703155600000830 -1.0555807827331 -5.29286404007817 7.93965482551898 -0.177551379833439 0.733178758454305 0.405384556847152 0.516321389001544
1703155600000950 -1.03196972510364 -5.29228429044414 7.945824609104 -0.177191982895601 0.732831362420677 0.406057267762039 0.516409421629589
1703155601000150 -0.993151423796839 -5.29129924644986 7.95588598698208 -0.177837847021069 0.733592001029436 0.404632653556821 0.5162256210884
1703155601000270 -0.969609122577635 -5.29073014328913 7.96198417482736 -0.178844435533819 0.734385513404366 0.4028331159589 0.516157017066743
1703155601000470 -0.936138833555514 -5.28986640471966 7.97023929765736 -0.178411515147209 0.73431247295961 0.403170547961765 0.516147297362903
1703155601000630 -0.901720878786522 -5.28905389086255 7.9797254849236 -0.177831744541121 0.733886108562062 0.404249925624843 0.51610953093835
1703155601000710 -0.886198122432675 -5.28871332525449 7.98375312493719 -0.17769583629523 0.733754440702998 0.404536572990173 0.516118951042622
1703155601000790 -0.872960615845855 -5.28832535284761 7.98725620764672 -0.177193114824729 0.733615116972751 0.405127174714023 0.516026581210698
1703155601000910 -0.850948920841324 -5.28783967288011 7.99290795705257 -0.176877740881312 0.733700086621923 0.405149470238939 0.515996467465441
1703155602000030 -0.82974388483527 -5.28738965851248 7.99803543977754 -0.177513301309757 0.734398415992305 0.403770400141718 0.515865736810947
1703155602000150 -0.804702634227876 -5.28673591209628 8.00500156875326 -0.178611730538976 0.735014783484839 0.402378478646008 0.515696303743911
1703155602000230 -0.789657114076545 -5.28629404815102 8.00884563695907 -0.178413555347097 0.734755212648582 0.402925588542197 0.515707621479526
1703155602000350 -0.765336209074345 -5.28564433252738 8.01519722233945 -0.177968191329367 0.73431997860673 0.404024904834561 0.515621341846309
1703155602000430 -0.751575433168186 -5.28525241888923 8.01797783974388 -0.177944774109546 0.734330684627122 0.40401633918808 0.51562088849389
1703155602000550 -0.726989027727596 -5.28464473887605 8.02495083500617 -0.17856537425742 0.735025872161329 0.403107720952112 0.515126721961287
1703155602000630 -0.711242290081115 -5.28415994097864 8.0289447130223 -0.178434569054154 0.734955164761153 0.40358795828971 0.514896854021181
1703155602000750 -0.6886013954975 -5.28353226014845 8.03452481135422 -0.178637247409255 0.735520299566876 0.403301601852178 0.514243561657864
1703155602000830 -0.673911759305046 -5.28318734865193 8.03803289909606 -0.17874758099219 0.736348155739507 0.402448064455603 0.513688866186922
1703155602000910 -0.659629854048637 -5.28285111002437 8.04141061135497 -0.178627729302386 0.736968233255406 0.40214204419928 0.513080630879692
1703155602000990 -0.644410373354537 -5.28238385919124 8.04503805397921 -0.178362666418558 0.7373314904877 0.402357371231603 0.51248178326536
1703155603000080 -0.628911669836558 -5.28186640220468 8.0487954189542 -0.177851659001611 0.737495041284725 0.403317320975654 0.511668828512974
1703155603000160 -0.61311626688078 -5.28122499677221 8.05242912150656 -0.177821531067031 0.738342194450488 0.403381560093151 0.510405352597159
1703155603000270 -0.589404284393145 -5.28056423732283 8.05895591718143 -0.177652709480327 0.739842111679975 0.40286084024404 0.508700607427474
1703155603000350 -0.573614513751083 -5.27985147114304 8.0631158252477 -0.177380701555584 0.741085293249169 0.402464846889988 0.507297468812196
1703155603000430 -0.557802815830849 -5.2792528314071 8.06694730864128 -0.176791334358686 0.742005270245781 0.402935299764423 0.505782707520647
1703155603000520 -0.541170467755842 -5.27849815702953 8.07067439227121 -0.17627364503316 0.742786136868042 0.403636375075957 0.504255920797085
1703155603000560 -0.53182274626665 -5.27771483271079 8.07195231352493 -0.175787386745674 0.743046968890572 0.404365617603994 0.503456496614555
1703155603000640 -0.514057366404128 -5.27706801133298 8.07648169967532 -0.175220251258293 0.743347106786609 0.40571963637081 0.502120024540046
1703155603000720 -0.49387028153688 -5.27568653094631 8.08053775133021 -0.174306003653069 0.743600652705651 0.407360952377449 0.500732005032996
1703155603000840 -0.465521004489107 -5.27422297221886 8.08542596320721 -0.1730239944825 0.744214532887801 0.409787357188786 0.498278785681412
1703155603000960 -0.437630358299959 -5.27319459152806 8.09105390644121 -0.171670132228514 0.745984506385854 0.410638400874437 0.495391345968199
1703155604000080 -0.409153271109437 -5.2721371642797 8.09666021844067 -0.171770922034899 0.749898241327714 0.40772430047985 0.49184171518396
1703155604000240 -0.361075702769879 -5.27002001892491 8.10427751759333 -0.172045468756661 0.754229237977151 0.405206496141257 0.487182007822161
1703155604000360 -0.325823768379136 -5.2691030292424 8.11115772433353 -0.170646936275407 0.755299762640668 0.407520813425032 0.484075075086674
1703155604000480 -0.286877529120653 -5.26741126128061 8.11708524109796 -0.169304671397558 0.756693328283816 0.409437403676424 0.480741248120479
1703155604000600 -0.243736458535409 -5.26544009848814 8.12353050455922 -0.168135192346353 0.758321044944714 0.411088469031921 0.477164563350637
1703155604000720 -0.197987273753068 -5.26351435745752 8.13066267725955 -0.16776943606641 0.760230292462722 0.41201331336949 0.473443078257881
1703155604000840 -0.151167998954969 -5.2613009771638 8.13769883020168 -0.167298085760389 0.762874182228425 0.412024973953487 0.469329046010205
1703155604000960 -0.102557206104278 -5.25838184269014 8.14340570849411 -0.166939937523793 0.765362473581068 0.41241260073447 0.465045361280866
1703155605000080 -0.0565031458945775 -5.25684992042463 8.15028055781871 -0.166672815929418 0.768556843894362 0.411888261074767 0.460313600192412
1703155605000160 -0.0255887269335204 -5.25523473252717 8.15353971676175 -0.166053292024665 0.770761786996756 0.41180080048599 0.456916483213767
1703155605000240 0.00636360185078644 -5.25320102676011 8.15595053826265 -0.165566453024173 0.773116675719558 0.411673762182588 0.453214153450406
1703155605000320 0.037406135770258 -5.25196287146169 8.15836027426648 -0.164492237948424 0.77497718998045 0.412501245192921 0.449661407482357
1703155605000400 0.0696560397448103 -5.25014663746997 8.16001767368387 -0.163436138368618 0.777115844447125 0.413235005433047 0.445664025100899
1703155605000480 0.104295127952943 -5.24829246852136 8.16178369052204 -0.163066961669821 0.780034859734163 0.412659545436195 0.441210701560684
1703155605000560 0.13986483797837 -5.24678336968055 8.1630966883733 -0.163454611699065 0.783581225947775 0.410667676731561 0.436617809467722
1703155605000640 0.176480304090925 -5.24460641768462 8.1634548751395 -0.16384475757756 0.787076144398772 0.408938058350969 0.431782008384848
1703155605000720 0.216900375522936 -5.24317645058104 8.16564371034589 -0.164546615503338 0.790725665095957 0.406742803917613 0.426892990509555
1703155605000760 0.236988100566377 -5.24220541917738 8.16604867825039 -0.165066509174554 0.792639843679501 0.405434139302793 0.42437988223815
1703155605000800 0.257413788922902 -5.24122012865701 8.16609582078834 -0.165955445749495 0.794891883485558 0.403461536790144 0.421692390168241
1703155605000880 0.298671605406664 -5.23902042615718 8.16582008292441 -0.167894702251317 0.800053414894238 0.398409663053931 0.415927448790366
1703155605000960 0.344030226911371 -5.23687165177612 8.16562377323106 -0.169732312778199 0.805289400160528 0.393009541246115 0.410174870607134
1703155606000040 0.39120535960128 -5.23456241649715 8.16557820040778 -0.171333758779958 0.810780461015416 0.387523433523419 0.403863065417205
1703155606000080 0.414927211267774 -5.2334650784305 8.16548745370851 -0.172298902862866 0.813750608706039 0.384388356045614 0.400460518202922
1703155606000160 0.46554288224832 -5.23110082817157 8.16526205167717 -0.173551000808 0.819416991400282 0.379169122492435 0.393276773877341
1703155606000240 0.523226570445612 -5.22789581611249 8.16450664341944 -0.174886997264063 0.826105563180181 0.372077155038507 0.385386464953255
1703155606000320 0.582922085772417 -5.22471394914185 8.16369693801573 -0.175671027403133 0.83349672985997 0.364123432709283 0.376612555812831
1703155606000400 0.64547297903194 -5.22196627529073 8.16246762505716 -0.177256335166011 0.842082724179021 0.353762626477137 0.366509046806149
1703155606000440 0.677902781719956 -5.22060967983058 8.1606744460596 -0.178050546525476 0.846840583382967 0.347649021780411 0.360969786647995
1703155606000480 0.706544110513036 -5.21980471018425 8.15590967840527 -0.179171150574116 0.852066557784945 0.340539275036501 0.354842615907498
1703155606000520 0.707225676641695 -5.22023409141391 8.16009566023271 -0.177316638654316 0.854014398565888 0.343011278881748 0.348656678207069
1703155606000560 0.707031942800901 -5.22048010877321 8.16089394713056 -0.176155087738694 0.85576286447571 0.345041533232749 0.342907633616539
1703155606000600 0.706887595395214 -5.22061096061605 8.16139113644734 -0.174595902965719 0.857605605971498 0.347073829450556 0.336999483952677
1703155606000680 0.707137084083992 -5.22091473056382 8.16301459982717 -0.171696685147302 0.860803714134349 0.350699706802235 0.326415271840588
1703155606000760 0.707356621463321 -5.22113208903879 8.16443697330446 -0.168156414255174 0.86428295410013 0.354046749685014 0.315260677272431
1703155606000840 0.707812686877592 -5.22094454444721 8.16427707493815 -0.163418244124718 0.868715178313986 0.357677278654653 0.301156737909507
1703155606000920 0.708113232560077 -5.22149819503847 8.16779181378416 -0.159674869281425 0.87243185565278 0.360167107684287 0.289216610699562
1703155606001000 0.708666602645199 -5.22156650337437 8.16924109658925 -0.154984531042338 0.877294373268692 0.362235208756039 0.274080337321283
1703155607000080 0.70956472883798 -5.22177317118872 8.17171247450095 -0.150451060004909 0.882145093261148 0.364151758242668 0.258027149632464
1703155607000120 0.710106378896482 -5.22181507294588 8.17281616295238 -0.14814217452432 0.884983164149732 0.364516465860064 0.248970764178495
1703155607000160 0.710463519636772 -5.22171025278582 8.17335892439772 -0.144369419865631 0.888890321610851 0.365325454985285 0.235730309239208
1703155607000200 0.711433752017387 -5.22174080383033 8.17511786543724 -0.142666011754092 0.890929274691266 0.364624060482528 0.230088528843812
1703155607000240 0.712233375020754 -5.22163425850859 8.17617593086948 -0.13910656098173 0.894185859663249 0.364880267738522 0.218959821166344
1703155607000280 0.713886111927131 -5.22124171670147 8.17695840123409 -0.13541674984501 0.898075547260793 0.36445599495761 0.205656128070863
1703155607000320 0.71419025302414 -5.22134591213083 8.17845612477033 -0.132509227967065 0.900373174281752 0.3639959188643 0.198182800937689
1703155607000360 0.715312791451109 -5.22116434557512 8.17960500522498 -0.128899543588608 0.903713625485625 0.363200816644274 0.186471868020912
1703155607000400 0.716581097293819 -5.22092933034658 8.18069783232212 -0.125237744415153 0.907043279216882 0.362029713916536 0.174706849444439
1703155607000440 0.717877364116798 -5.22062876759666 8.18156250253323 -0.120978464813744 0.910622486192711 0.360810484898232 0.161079771166398
1703155607000480 0.71947965311459 -5.22032086232721 8.18266892147636 -0.11666675996234 0.913341237010753 0.359499886122468 0.151513972205507
1703155607000520 0.721123784054407 -5.21993689098082 8.18347003768019 -0.111965977480185 0.916161896951778 0.358286286027049 0.140505998824145
1703155607000560 0.722811320241422 -5.21951655503788 8.18412356612882 -0.107125037510008 0.918750273644437 0.35701816209038 0.130231305584946
1703155607000600 0.724610540102111 -5.21908693756938 8.18471065920477 -0.102114362653357 0.921356632930317 0.355543211384241 0.119430468197143
1703155607000640 0.726742593381619 -5.21853267353667 8.18512571410264 -0.0981875896746136 0.923566451394267 0.353578363662386 0.111204981195627
1703155607000680 0.728412945323876 -5.21815840619099 8.18555828454542 -0.0917964558797278 0.926163928419154 0.352337984477467 0.0982432342580286
1703155607000720 0.730432921532663 -5.21767509526227 8.18585514797254 -0.0864089244910685 0.928481017940831 0.350424817644365 0.0875153944787301
1703155607000760 0.733170618438229 -5.21701332106744 8.18584230017059 -0.0820867146673545 0.930492106309398 0.347896860520978 0.0800873636141595
1703155607000800 0.734530824537812 -5.21669281676695 8.18617635770079 -0.0757215760470485 0.932991192960188 0.345516107755074 0.0664251161945658
1703155607000840 0.736623472906531 -5.21617509730917 8.186187637669 -0.0705055004099406 0.93516125927463 0.342553946043238 0.0562066509769053
1703155607000880 0.738607604126791 -5.21571090334035 8.18610802904274 -0.065651077128441 0.937125187431912 0.339595897721667 0.0464859699607767
1703155607000920 0.740539039771365 -5.21525361303007 8.18590941528155 -0.0609565407440778 0.938965939470712 0.336523971354273 0.0371332917790311
1703155607000960 0.742413272703975 -5.21485345880403 8.1856305709148 -0.0567456593974776 0.940651295687708 0.333407026986826 0.0281926305333037
1703155607001000 0.744541231255658 -5.2144751325741 8.18498847241959 -0.0529034090077718 0.941959252735921 0.330867102448754 0.0209989527764473
1703155608000080 0.747480053310067 -5.21393446039503 8.18403452278856 -0.0447824323826227 0.944165103392632 0.326364089599105 0.00576821511595205
1703155608000160 0.75051647921119 -5.21351353990289 8.18256471064379 -0.0368432188935902 0.945603605114394 0.323145093120877 -0.00732448005797962
1703155608000240 0.753197024984588 -5.21321060799064 8.18097704063659 -0.0293478789308909 0.946622065556324 0.320435459682586 -0.019143750472293
1703155608000320 0.75565941411983 -5.21290138739992 8.179387050846 -0.0210240366172512 0.947547777812644 0.317394886961149 -0.0311718523279732
1703155608000440 0.758862050282004 -5.21267982845281 8.1770074954486 -0.0135737278239182 0.949072940217632 0.311327520218895 -0.0463840836276313
1703155608000560 0.761726105787473 -5.2126275196833 8.17464275635479 -0.0103833321838221 0.950567952741809 0.303573150531744 -0.0644677897033634
1703155608000640 0.763332859185442 -5.21273075088921 8.17311783886257 -0.0110409118709258 0.951209091004733 0.299053705494505 -0.0751414977559911
1703155608000760 0.765361849474149 -5.21293677776752 8.17095642374364 -0.0104471814422014 0.951486922871677 0.293997003626577 -0.0901623749836683
1703155608000920 0.767698370770879 -5.2132140026724 8.16822495693479 -0.00897583012128302 0.951649015849249 0.288815619775873 -0.104255085632634
1703155609000160 0.770044348124821 -5.21349890418085 8.16513265234405 -0.0105259622503363 0.951831444077374 0.280227814799377 -0.124009991521051
1703155609000680 0.771799167655778 -5.21369473770297 8.1619580997639 0.00562283245708485 0.950186515709999 0.282065650131485 -0.132487501802823
1703155610000040 0.770637418513486 -5.21353537300514 8.16434166584839 0.00363417298005755 0.949567440364405 0.284144871284463 -0.132552484357248
1703155610000480 0.770962026984822 -5.21366312347409 8.16318630444263 0.00396069790088885 0.949439172836957 0.286043649972752 -0.129339090243742
1703155610000960 0.772037720087584 -5.21369671643187 8.16203014489536 0.00438115343107242 0.949340483377759 0.287970715810468 -0.125723183821851
1703155611000480 0.773119243049176 -5.21375320025574 8.16040877440438 0.00496407008731289 0.949358059362374 0.291012615009024 -0.118348177161649
1703155611000880 0.773948668440889 -5.21387796144189 8.15894295450616 0.00513434763033645 0.949234622032662 0.293329681098504 -0.113511977322085
1703155612000400 0.774750884063163 -5.21401746763796 8.15734122617224 0.00549061304917386 0.948589411430451 0.296523237011442 -0.110552935748584
1703155612000840 0.775157788302595 -5.21412816392438 8.15613137674924 0.00579530010410748 0.948115008982123 0.298374770008675 -0.109621352216629
1703155613000320 0.775402129498303 -5.21415056878111 8.15569305423432 0.00837319982697358 0.946992814574191 0.299954460502359 -0.114724976767261
1703155613000760 0.775971188601553 -5.21402311733478 8.1529436403246 0.0101083441532236 0.9459428410188 0.30385258591185 -0.112975966198318
1703155613000960 0.77554706113741 -5.21394462341525 8.15139895743641 0.0118941898452362 0.945404887088925 0.306540827376691 -0.110003858421041
1703155614000240 0.775067788016974 -5.21413098090099 8.15000572955265 0.0146001880597937 0.944279193827884 0.310539720929334 -0.108114385432795
1703155614000560 0.773901641158027 -5.21457518224318 8.14929860469557 0.0182341775002165 0.942848705977879 0.315364947560686 -0.10606027652602
1703155614000840 0.772864394401345 -5.21496046503445 8.14851902001599 0.0213647075431974 0.941445166069304 0.320249756234702 -0.10326975446833
1703155615000080 0.771348393321331 -5.21630204384551 8.14785540435928 0.0233711878775296 0.940125291927258 0.324152093581941 -0.10268224424079
1703155615000320 0.771627287643174 -5.21560015539174 8.14685837251598 0.0259115835367648 0.938522265576382 0.328827688767122 -0.101867060211167
1703155615000520 0.771398297718523 -5.21592025088984 8.1457943599583 0.0287232757175681 0.936994420206398 0.332908696552371 -0.101922665261116
1703155615000760 0.771574635966784 -5.21629785344509 8.14397196042602 0.0333299412309525 0.934591256733211 0.339378042308323 -0.101246443168879
1703155615001000 0.772097526053013 -5.21669843635277 8.14170740715982 0.038911592735153 0.931538446092332 0.347384208000757 -0.100230850711663
1703155616000280 0.773106519499825 -5.21708401454702 8.13866308168105 0.0458699409440676 0.927939995770133 0.356395185511373 -0.0990241612548589
1703155616000560 0.774126891214842 -5.21738485852743 8.13594203632298 0.052098071360722 0.924047166329443 0.366072877814978 -0.0970220257842564
1703155616000800 0.775149313532858 -5.21755529275814 8.13355248817113 0.0559347237892132 0.921331287630134 0.372671244593076 -0.095582993057715
1703155616001000 0.775997107966332 -5.21778891960586 8.13089690237845 0.0603215387913536 0.919062942333322 0.377896875373936 -0.0942261724261173
1703155617000240 0.776789142234779 -5.2177467581813 8.12988206571662 0.0626760644307736 0.917233568331274 0.382620634019409 -0.0914097505539431
1703155617000440 0.777528651857967 -5.21778672838575 8.12833314575447 0.0658443683057735 0.915424001005781 0.386810538731993 -0.0896717607212351
1703155617000640 0.778175741372178 -5.21782198317115 8.12693715559278 0.0687898378955085 0.913743097850521 0.390646359875984 -0.0879598251958646
1703155617000880 0.779140860400896 -5.2177963889517 8.12505694416923 0.0723896649327136 0.911742788389325 0.395020203229064 -0.0862778260728451
1703155618000160 0.779980604716523 -5.21785056684968 8.12328638824322 0.0763276262143849 0.909352476947593 0.400335915924266 -0.083566264526025
1703155618000400 0.780807090133274 -5.21784730291663 8.12161596307315 0.0797486703576463 0.907240257159028 0.404800193852886 -0.0818050635527835
1703155618000600 0.781491597678086 -5.21785738902778 8.12023712629452 0.0829295512173055 0.905225010261874 0.408940004316153 -0.080364439904673
1703155618000800 0.78234306865366 -5.21784038391411 8.11863069927776 0.0854063390897436 0.903346694454782 0.412746147556738 -0.0794425864255379
1703155619000040 0.783039018297742 -5.21782505649085 8.11720747660524 0.0895156055411582 0.900730980462604 0.417765315592911 -0.0783760058119221
1703155619000240 0.783747544038294 -5.21779847028242 8.1158642398275 0.0919012551152268 0.898842050928368 0.42137959892406 -0.077951012833251
1703155619000400 0.784276747647406 -5.21779729966715 8.11482904490082 0.0942854217261127 0.89710885301491 0.424525662059596 -0.0779995342618338
1703155619000600 0.784940928833312 -5.21777921789359 8.1135535423941 0.0969178364710129 0.895042734283395 0.428242081978891 -0.0781930687635887
1703155619000840 0.785760496857647 -5.21770704752002 8.11202951681991 0.0999425883065969 0.892850654540044 0.432097281290318 -0.0782376330898974
1703155620000120 0.786660264398112 -5.21769380840827 8.11033209976715 0.103488591993078 0.889906660862364 0.437260474499655 -0.0784826332408961
1703155620000440 0.786975926634853 -5.21827977900978 8.10870127393135 0.107264340753056 0.886713527503388 0.442930363682181 -0.0777571493412761
1703155620000920 0.789495402354496 -5.2173111928428 8.10491374524154 0.114855888992678 0.880980783674426 0.452388365252159 -0.0776257080133583
1703155621000280 0.790748760518133 -5.21709600473386 8.1022773601121 0.120133574941712 0.876425969785454 0.459955517526814 -0.0767226534603177
1703155621000800 0.792017315188605 -5.21684970743445 8.09892050535156 0.127889240323189 0.869916685646108 0.470317906658641 -0.0754345340032115
1703155622000280 0.793309529415743 -5.21652537416362 8.09566729757736 0.13600451094158 0.86279512184783 0.480992940673275 -0.0757175127801015
1703155622000800 0.793949569298172 -5.21727067423953 8.09262049225929 0.147855875659436 0.851880387918355 0.4968508133543 -0.0746840945732374
1703155623000280 0.796757451356948 -5.21612091717006 8.08717890723186 0.162012186855222 0.838574747870519 0.514761322186776 -0.0746004338111131
1703155623000680 0.798374448163832 -5.21570884240392 8.08309814208003 0.173962493691924 0.827047900700893 0.529512226730302 -0.0731137639425774
1703155624000040 0.79957794833067 -5.21551989627986 8.07975260500025 0.184901899101234 0.81560930118276 0.543443078535113 -0.0725422354577388
1703155624000480 0.800907811156135 -5.21455909667679 8.07619783687097 0.193872500583619 0.805283887361009 0.555514689305422 -0.0730393335135061
1703155625000160 0.801955367422696 -5.2145708548899 8.07317248523446 0.207523895127304 0.789288867211282 0.573135828937264 -0.0739745810121156
1703155625000640 0.800682619699466 -5.21559499331439 8.07749145727303 0.191229725683306 0.806475363793366 0.554221189998361 -0.076599948865817
1703155626000600 0.801078612608875 -5.21700177886887 8.07890250190529 0.187466503733562 0.807787303450357 0.552538800442334 -0.0838859724153095
1703155626000880 0.799241797150009 -5.2186717946251 8.0827247042654 0.181726091378427 0.812223829287407 0.546981871299311 -0.0898827643095444
1703155627000240 0.794378697964192 -5.22052207167383 8.08851407263555 0.176612410668051 0.817956757913788 0.540054547272114 -0.0899771334945599
1703155627000440 0.791766285218676 -5.22246376657039 8.09189903410701 0.176074378806404 0.817697930314629 0.54010762340778 -0.0930143162309522
1703155628000040 0.789753592103851 -5.22265588459591 8.09177412025918 0.177540360528918 0.816502683121719 0.541417553386405 -0.0931118774559688
1703155629000080 0.783334154203551 -5.22749419964899 8.10087528106218 0.178550343426908 0.816911264020762 0.54085476343862 -0.0908398945611922
1703155629000280 0.779247992149152 -5.22983182096772 8.10509708774005 0.178256538245244 0.815163333398017 0.542625313065929 -0.0963904356062268
1703155629000920 0.775406274104652 -5.23405866584661 8.11113834848825 0.178052386020479 0.812796001641799 0.544828772959341 -0.104026995069251
1703155630000560 0.772787952791771 -5.23381558212138 8.11230394996513 0.179243393067077 0.813713769411413 0.543999054835023 -0.0990289647056475
1703155630000800 0.770345928647495 -5.23357467238676 8.11341473184936 0.179321274081534 0.815094730346097 0.542736844250251 -0.0943460604216031
1703155631000680 0.766860974480991 -5.23212206115981 8.1141585848713 0.1819629925813 0.816062421377696 0.541195581106966 -0.089660117869225
1703155632000120 0.768050217740751 -5.23249684149434 8.11405714555927 0.181931748688488 0.816517404130539 0.541113726002464 -0.0860005994328271
1703155633000640 0.768204476118682 -5.23342064106199 8.11515987487103 0.181727978034213 0.814565749624454 0.542822407598098 -0.0938158587220322
1703155633000920 0.768856543178672 -5.23404864441182 8.11587002531641 0.182137804650027 0.814031628586468 0.542880122044473 -0.0972599653871491
1703155635000040 0.769157634026917 -5.23598202404113 8.11777458768312 0.179749184321957 0.81220499238756 0.544347194042961 -0.108163826734585
1703155635000560 0.769412958149829 -5.23772723183468 8.11989385448423 0.179327767109826 0.80945305923656 0.546008469340544 -0.120424450359445
1703155636000120 0.767270436306258 -5.24008583061654 8.12271939385388 0.173657206441837 0.807441512348855 0.548425216485227 -0.130809635385714
1703155636000640 0.767752265071153 -5.24172821846443 8.12332860213795 0.171951448306418 0.804372368557882 0.55096255408351 -0.140918615248954
1703155637000520 0.76756144026206 -5.24330464731576 8.12450509680143 0.168628165283971 0.801367918137889 0.552841283359851 -0.154079580299728
1703155638000560 0.767754322811725 -5.24702155559257 8.12788046617895 0.168386719443476 0.796801575116049 0.555632063602937 -0.167410192353959
1703155638001000 0.768548880389851 -5.24987921607252 8.13084207805407 0.166501131364149 0.793026216620449 0.556625529639712 -0.183179728028037
1703155639000320 0.769092273514244 -5.25242504141637 8.13284023344371 0.164507120032114 0.788833727826769 0.55795428120079 -0.198408108179513
1703155639000520 0.770165939078084 -5.25591766344042 8.13585978505935 0.161091362099549 0.784928632554151 0.55950268979319 -0.211880520500985
1703155639000680 0.771565952874098 -5.25851276529541 8.13750455766141 0.158573927496988 0.780386602839037 0.560702858544825 -0.226855381349415
1703155639000800 0.772564576307085 -5.26086839369511 8.13890326861071 0.157849759723001 0.775706016331237 0.562394117020579 -0.238906857841205
1703155639000920 0.774559547038719 -5.26514107618364 8.14001902887842 0.158496652526457 0.769465651967061 0.565556961967327 -0.250891897739049
1703155640000040 0.77550519209718 -5.26700524831919 8.1418434402185 0.15463507321179 0.76461745507656 0.566027609511076 -0.266572479442658
1703155640000160 0.776217975355941 -5.27015217080992 8.14314384470137 0.152575064508393 0.759574402966255 0.56826019579998 -0.277214584605655
1703155640000320 0.777011465140477 -5.27379536101916 8.143031891077 0.148082128344903 0.752715343045486 0.571440745976292 -0.29145629079987
1703155640000440 0.777177853036676 -5.27579721183362 8.1406131645175 0.142010543589448 0.74771034505684 0.574367925906131 -0.301436114449978
1703155640000560 0.777398884540009 -5.27776406654263 8.13838664276383 0.13576259771581 0.743101458922562 0.576441297884022 -0.311583325777232
1703155640000680 0.777152937857206 -5.27865589343006 8.13390875480567 0.129041305194516 0.737985764721902 0.579784420735401 -0.320273911041848
1703155640000880 0.776853205320048 -5.28017248224354 8.13126064123286 0.123479388594878 0.731662558895481 0.582919557888302 -0.331100482533712
1703155641000160 0.775099945991567 -5.28263589255693 8.1304966149824 0.118733705084113 0.725418036288055 0.585604556026548 -0.34166984629307
1703155641000520 0.775293900816123 -5.28750337365722 8.13489719554998 0.115185251285167 0.721156342508691 0.583552989610536 -0.355150384854734
1703155641000960 0.775751918672732 -5.29217922676623 8.13792087057032 0.109249864034151 0.712332612632647 0.584500587567455 -0.372834788239734
1703155642000320 0.77734326532777 -5.29297402167453 8.13835143458581 0.106068492408096 0.710010087398428 0.579992841146687 -0.385023966694729
1703155642000840 0.776862190696578 -5.29101012548765 8.131615659228 0.105875240965944 0.700566508035257 0.582337965882695 -0.398596907490883
1703155643000280 0.77606848614654 -5.28623536320991 8.124754986788 0.107113659443663 0.70006903799696 0.578877037197619 -0.40414277403401
1703155644000280 0.772433360239777 -5.27538251272561 8.10858882990316 0.110732640842369 0.697132004741754 0.576706745871534 -0.411284061790732
1703155646000400 0.768829048874082 -5.26728472033024 8.09555178677956 0.108415105698824 0.693475777305052 0.577132718181645 -0.417439021596847
1703155646000600 0.76644046632172 -5.26115521136483 8.0865877537262 0.111319859781803 0.693313876873807 0.577225419626459 -0.41681479327086
1703155646000840 0.763728510073624 -5.25314978946409 8.07541514161995 0.109042170905065 0.693891485132833 0.575720989204783 -0.4185328594191
1703155647000040 0.761592785605858 -5.24889638721524 8.06861376456456 0.108917920314439 0.694125933455299 0.576229271243098 -0.417475630548463
1703155647000200 0.759757160626252 -5.24421863959674 8.06172197794982 0.10864841877368 0.694029904300359 0.576122364039001 -0.417852886419283
1703155647000320 0.758377937745632 -5.2407474069188 8.05659847883939 0.108146626843106 0.693966503085853 0.576060494030855 -0.41817353684108
1703155647000480 0.756579448501449 -5.23594299658633 8.04957074046568 0.10883772272465 0.693714621065377 0.575958963291071 -0.41855184533927
1703155647000640 0.754700840043748 -5.23137369316055 8.04283450712549 0.107231738917336 0.694110909019256 0.575818297443191 -0.418502913345716
1703155647000760 0.753285255571164 -5.22770302037004 8.03747815253522 0.105855502814002 0.694228845429613 0.575882499394991 -0.418569312764372
1703155647000880 0.751841783608453 -5.22395684930293 8.03197244604993 0.107048407943413 0.693888583941825 0.57626988947787 -0.418296887285996
1703155648000000 0.750462584145612 -5.22012262301518 8.02643051668013 0.108508450963732 0.693769593764026 0.576112622795046 -0.418334689804901
1703155648000160 0.748590420380923 -5.21571351114218 8.01980612421753 0.108895496503332 0.69384829828156 0.575884089253005 -0.418418242382324
1703155648000280 0.747171368412101 -5.21213812543501 8.01457421749405 0.107071988773519 0.694214849061536 0.575641897108295 -0.418614069109143
1703155648000360 0.746210558583446 -5.20961322230574 8.01088340508334 0.106567633346472 0.694281884593729 0.57570879354065 -0.418539591063834
1703155648000480 0.744742404449624 -5.20576349313593 8.00524562752179 0.106957202151205 0.694156724329498 0.575962322088735 -0.418298939169441
1703155648000600 0.743261707191552 -5.20195221256842 7.9996471390412 0.107396500517444 0.694015164253852 0.576153609726657 -0.41815781884505
1703155648000680 0.741763436566273 -5.19734394459325 7.99357225841686 0.107017089406546 0.694414264040483 0.575629231151883 -0.418314667105468
1703155648000800 0.740805341209986 -5.19559732250565 7.99032281945958 0.106791227841887 0.694070801906153 0.576350927548806 -0.417948518254345
1703155648000920 0.739344480011141 -5.191912026736 7.98488932874582 0.106658084072238 0.69421563416966 0.576152149601148 -0.41801603663787
1703155649000040 0.737880520168994 -5.18824074913094 7.97946389332677 0.106975564750553 0.694305218039526 0.575961865031318 -0.418048349810201
1703155649000160 0.736403283976228 -5.1844040836581 7.97383197184806 0.107334921084698 0.694172477416283 0.576156682632366 -0.417908199694082
1703155649000280 0.734940777444192 -5.18063635226912 7.96830518068931 0.107468041955189 0.694127663367575 0.576247716359994 -0.417822900636238
1703155649000400 0.733511459670032 -5.17697629237936 7.96293531998187 0.106478926359708 0.694324060282894 0.576157912652933 -0.41787366181775
1703155649000520 0.732081548998428 -5.17335428792401 7.95761027302488 0.105598767025144 0.694558924126853 0.576020246401751 -0.417896490836887
1703155649000640 0.730631917424287 -5.16959786030782 7.95209229705698 0.106457361654982 0.694379586404518 0.576219243257793 -0.41770229091252
1703155649000800 0.728724389328979 -5.16471709596454 7.94490599418964 0.107599823296618 0.694148676439347 0.576412908448953 -0.41752610936019
1703155649000920 0.727347190284806 -5.16119991462208 7.93971229289527 0.107683673341789 0.694215609380994 0.576298713348742 -0.417550843826208
1703155650000000 0.726439478476269 -5.15894787297327 7.93640580936765 0.106635200366604 0.694530891225435 0.57596155036963 -0.417760778044312
1703155650000120 0.725066031195363 -5.15489944436411 7.93089649448918 0.104797468359905 0.695071480886032 0.575469277322417 -0.418005069278195
1703155650000280 0.723207053153732 -5.15062895861918 7.9241773848971 0.104640136985827 0.694960298326114 0.575881064127777 -0.417662094834
1703155650000400 0.721799201807968 -5.14704659206423 7.91888813599856 0.105972542098747 0.694787493803231 0.57589042865997 -0.417600733899726
1703155650000520 0.720403950515026 -5.14346689258162 7.91360711511945 0.107220340435468 0.694613040892234 0.57594799096735 -0.417493034337124
1703155650000640 0.719005902503912 -5.13981740268516 7.90824319898923 0.107388750905248 0.694512194839287 0.576155200131718 -0.417331586103552
1703155650000760 0.71763132724454 -5.13633038559349 7.90311516395902 0.106967916954886 0.694659042207799 0.576027823543153 -0.417371089470046
1703155650000840 0.716714236139502 -5.13400058629992 7.89967491451353 0.106991856279831 0.694729081175391 0.575934447325023 -0.417377238051397
1703155651000000 0.714890680261258 -5.12927936296658 7.89270064647904 0.10779198348157 0.694649045758364 0.575988677785571 -0.417229714410339
1703155651000160 0.713056708719458 -5.12453160711806 7.88570148375323 0.108881082542433 0.694448497669275 0.576118199898302 -0.417101922430496
1703155651000280 0.711682452137046 -5.12100930676736 7.88051693313087 0.108566993513647 0.694555574192532 0.576067902376312 -0.417074974230348
1703155651000400 0.710313364258496 -5.11747568066133 7.87532306220601 0.108836144699627 0.69450172393915 0.576107339514323 -0.417040024949883
1703155651000520 0.708959364039247 -5.11399256931275 7.8701700119746 0.109289729843161 0.694394968487306 0.576205275850543 -0.416963862669562
1703155651000640 0.707626547501278 -5.11065966709227 7.8652406024133 0.108593650589465 0.694585343258267 0.57600895688458 -0.417099870020583
1703155651000800 0.705863354225587 -5.10611280986929 7.85854126191981 0.10831209622093 0.694668823142259 0.575894470555176 -0.417192131697557
1703155651000960 0.70410783603247 -5.10158085672865 7.85183810378149 0.108929011291589 0.694629643576943 0.575784864747383 -0.41724802970301
1703155652000120 0.702321676871039 -5.09696543076134 7.8450608384021 0.10900779981214 0.694531131132527 0.575929570102144 -0.417191727806111
1703155652000200 0.701414641092285 -5.09467389305052 7.84169253792974 0.108234307174208 0.694642609152373 0.57594204363917 -0.417190295511819
1703155652000400 0.699191634773511 -5.08897980740955 7.83331613740623 0.10788900731033 0.694664832595567 0.575986588562492 -0.417181234300762
1703155652000560 0.69742295088014 -5.08439957747394 7.82657155478767 0.108758589597999 0.69449170043095 0.576076968098439 -0.417118896776077
1703155652000760 0.69525091038558 -5.07882778562682 7.81836734065569 0.108048811152 0.694584625414799 0.576042567726523 -0.417196132188515
1703155652000960 0.693052295870089 -5.07322992513807 7.8101183008859 0.107438151365094 0.694707587090495 0.57597845849958 -0.417237615052385
1703155653000120 0.691303634595242 -5.06873852269193 7.80351380290584 0.1078656587015 0.694671281164746 0.57594433073005 -0.41723487234139
1703155653000200 0.690429333354908 -5.06645226831969 7.80016796321935 0.107921427875314 0.694649938407017 0.575968424789852 -0.417222724838398
1703155653000360 0.688640465775247 -5.06191092479841 7.79350894058404 0.107382990582075 0.694685974712567 0.576025705434246 -0.417222574353641
1703155653000520 0.686907338939866 -5.05740268406215 7.78690252595055 0.107844104367498 0.694565750605588 0.576144364622395 -0.417139950559431
1703155653000720 0.684823453703961 -5.05211781608779 7.7790843694697 0.107168109882033 0.694688596118066 0.575984947018495 -0.417329715519905
1703155653000920 0.682791825857771 -5.04702221243701 7.77153166564771 0.107228943421442 0.69467516152365 0.575910303381951 -0.417439452032653
1703155654000040 0.681460040858418 -5.04347736974723 7.76651262380797 0.108376208267491 0.694544782195115 0.575813393983332 -0.417493806321121
1703155654000360 0.678366176274075 -5.03580373328503 7.75499686809628 0.106904367970925 0.694763971921697 0.575646376856745 -0.417738827786008
1703155654000600 0.675901164735775 -5.02963201345491 7.7459046728613 0.105658877421483 0.694799174973329 0.575439925289153 -0.418281245648938
1703155654000720 0.674646805214566 -5.02654629987273 7.74138431183286 0.106003718308102 0.694490445808579 0.575366190014408 -0.41880780768004
1703155654000840 0.673382968437648 -5.02341714181693 7.73681811549509 0.106346168176391 0.694176022848104 0.575242316404099 -0.419411992240366
1703155655000040 0.671245868177248 -5.01829685943144 7.72933156125605 0.103782347430474 0.694036067780888 0.574735447617541 -0.420977821545182
1703155655000320 0.669704487568724 -5.0135811800866 7.7226246171867 0.102057340734294 0.692244116207563 0.572930508259477 -0.426770448231588
1703155655000440 0.668635757942484 -5.01126516105209 7.71919560921619 0.102331434840696 0.690936159435239 0.572539191373698 -0.429341793178208
1703155655000560 0.6677772214616 -5.00899858780089 7.71577545883783 0.102283373567452 0.689670883278696 0.571636635551743 -0.432578017407644
1703155655000760 0.665816652365427 -5.00398242756413 7.70850928949045 0.100237583252397 0.687381266968427 0.57004972714434 -0.438751329692871
1703155655000920 0.663912072071305 -4.99935419536139 7.70157031358244 0.0994063622502066 0.685050107021425 0.568934443262833 -0.444002618554581
1703155656000120 0.661808121817627 -4.99426899149212 7.69416827986434 0.099741951023671 0.681580423807279 0.566016839950332 -0.452906840289834
1703155656000320 0.659261887368778 -4.988169703066 7.68512441926695 0.0966409646595901 0.678024428995794 0.561458982903389 -0.464442900851852
1703155656000480 0.655680253225968 -4.98079604422541 7.67407152207441 0.0912370217470503 0.674649357600222 0.557812686453312 -0.474730509851721
1703155656000680 0.652469762658233 -4.97542598109766 7.66665415594178 0.0902975440365562 0.66984067947525 0.554225287785729 -0.485792288987719
1703155656000800 0.649667328576283 -4.97089558404644 7.66011026286099 0.0893239212261181 0.66700802562091 0.551911275888076 -0.492458601713567
1703155656000920 0.646823681354251 -4.96706120774535 7.65463495006384 0.0890994958889538 0.66428737836939 0.549842123956055 -0.498454809882452
1703155657000000 0.644741394125784 -4.9641496198706 7.65037937399112 -0.0894023001759942 -0.66227420927659 -0.548420164426746 0.502628514611388
1703155657000080 0.642044544504932 -4.9605628053819 7.64466036902799 -0.0868147565592686 -0.660169200113073 -0.547294236567472 0.507059014204115
1703155657000160 0.640310506968857 -4.95830144949512 7.64176796748513 -0.0847488270780131 -0.658433399191753 -0.545087782059299 0.512017973305009
1703155657000240 0.637976889731787 -4.95528345801905 7.63738140593777 -0.0822747038466171 -0.656581369893672 -0.543326976162229 0.516650340936604
1703155657000320 0.635455152311838 -4.95193996292149 7.63241559936806 -0.0794422926816351 -0.654890379745797 -0.541868760394548 0.520754989566464
1703155657000400 0.633103956923092 -4.94918596554123 7.62857297032451 -0.0770331670657345 -0.65287771626553 -0.539854404080248 0.525712660272596
1703155657000480 0.630761258991887 -4.94641113381384 7.6246067547766 -0.0757985615363535 -0.651029640550905 -0.538394806174704 0.529665949327766
1703155657000520 0.629602007361896 -4.94515209454024 7.62282090746375 -0.075626338745637 -0.649948601779638 -0.537479590977655 0.531942817617755
1703155657000560 0.628425044678051 -4.94384572790254 7.62099904464979 -0.0762544663213323 -0.649138848467007 -0.536897240844496 0.533427937542218
1703155657000640 0.626046290875042 -4.94133772912604 7.61724820709044 -0.0759308366556291 -0.646869480941386 -0.535771669607699 0.537348211793039
1703155657000720 0.623292521790353 -4.9383585383121 7.61306800216564 -0.0736138261951475 -0.645035160964713 -0.533520611496923 0.542094459315059
1703155657000800 0.620409725517822 -4.93543199481151 7.60872084272046 -0.0708868009457189 -0.643082739826362 -0.532034863115451 0.546222075367543
1703155657000880 0.61723429171137 -4.93255697062467 7.60416973537272 -0.0668194583890864 -0.640430539809542 -0.530137245812215 0.551668726920865
1703155657000960 0.613891206101648 -4.92905515230708 7.59903287017015 -0.0610517491807987 -0.638611700507095 -0.528011164579807 0.556463826296443
1703155658000040 0.61025239692438 -4.92560801951309 7.59375127787642 -0.0537073063773334 -0.636463355535806 -0.525840688153836 0.561712998766892
1703155658000120 0.606333620862296 -4.92192760171258 7.58815643368547 -0.0465906982913388 -0.634282602873049 -0.52367994119072 0.566810555406125
1703155658000200 0.602222142246895 -4.91813641075075 7.58228871475557 -0.0384331754106957 -0.631941723236396 -0.521383506003474 0.57212917171596
1703155658000280 0.597838357046743 -4.9141131367461 7.57609911380513 -0.0308289954781656 -0.629424553741361 -0.518785443571261 0.577698855567384
1703155658000360 0.593003948758111 -4.90929382556907 7.56894218212935 -0.0225483764877401 -0.626789195566005 -0.516052743436487 0.583366472323498
1703155658000440 0.587857039243424 -4.90413139977697 7.5613206978646 -0.0138730482052327 -0.623924878400504 -0.512503297095986 0.589801369201661
1703155658000480 0.58519878714689 -4.90158169800918 7.55757588898781 -0.00933692542497488 -0.622503351685718 -0.510519473453801 0.593103925284692
1703155658000560 0.579764465725008 -4.89604597239075 7.5495912168442 -6.71734268266385e-05 -0.619434567884008 -0.506330687676388 0.599941702430527
1703155658000640 0.573906052813736 -4.89032098514153 7.54125762066937 0.0117060658793042 -0.616148903893027 -0.501368845284621 0.607332509611512
1703155658000720 0.567950216401298 -4.88424251204345 7.53241347506895 0.0237241080906862 -0.612425151926506 -0.49595916762134 0.615139906066454
1703155658000800 0.5628689410924 -4.87908652017375 7.5246215092781 0.0360751509131178 -0.607866505265318 -0.490337284145832 0.623511221261987
1703155658000880 0.557133945300114 -4.87332554446931 7.51608062531913 0.049571567594861 -0.602999461740588 -0.483581487759499 0.632521346298336
1703155658000960 0.551642451351684 -4.86844347759544 7.50867584527585 0.0610228705892201 -0.598284356612905 -0.477593846148976 0.640496804065377
1703155659000040 0.546833706187939 -4.8640977249788 7.50191498490269 0.0699723868935229 -0.593398829131547 -0.471884071325025 0.648310973135155
1703155659000120 0.542479035971453 -4.86038152753866 7.49626637293279 0.0769312705346795 -0.588866817961923 -0.466614972718937 0.65542956719378
1703155659000200 0.537612105698537 -4.85655620912957 7.49022413075996 0.085208297986897 -0.58432409521651 -0.460961024890468 0.662434775080167
1703155659000240 0.53522931421784 -4.85467081603007 7.4872723705336 0.0904359190516272 -0.58180898865029 -0.45780379864269 0.666134616439753
1703155659000400 0.529437834281151 -4.85075308139001 7.48100311324653 0.0984928607058552 -0.575567991015365 -0.450445386458013 0.675366269462138
1703155659000480 0.526154219377863 -4.84864771000379 7.47743108134435 0.101493454815529 -0.572408544960019 -0.446451549484319 0.680241538168181
1703155659000600 0.521158950421718 -4.84543226905411 7.47197705365916 0.106115341852449 -0.567833304333767 -0.439655362440938 0.687755796042361
1703155659000680 0.518001211665355 -4.84350386780718 7.4685904973143 0.111211418373245 -0.564022147124462 -0.43526132367191 0.692862625700001
1703155659000760 0.514270042701263 -4.84117353025158 7.46463915782974 0.118494845036229 -0.559641512785533 -0.430526288326896 0.698145732584842
1703155659000920 0.507279946501178 -4.83739655129368 7.45777760202602 0.131130937477251 -0.552046967396616 -0.423225308960588 0.706349177729933
1703155660000320 0.496184924189748 -4.83241704578084 7.44775453618408 0.146675949111223 -0.540053246018427 -0.411199916806063 0.719543803973024
1703155661000120 0.494636090000908 -4.83196246720001 7.44767990553547 0.155732235359466 -0.53455182969814 -0.408134273271267 0.723483398024896
1703155661000800 0.49226949693182 -4.83120515390302 7.44702251442199 0.153855072863728 -0.536073100807203 -0.412033724346446 0.720543168135154
1703155662000280 0.490911924545699 -4.83102773196493 7.44655392103993 0.152268955601999 -0.539084626314107 -0.417831827293027 0.715275118351412
1703155662000600 0.489498178729148 -4.83044652077008 7.44610275222754 0.150706723881092 -0.541297433588261 -0.420531033590243 0.712346981151259
1703155663000040 0.488264462474655 -4.83025542985591 7.44605066688235 0.149310380404421 -0.541945387030975 -0.421878953773115 0.711350656246718
1703155663000400 0.48642034960011 -4.82942703681912 7.44587986414512 0.148383012705513 -0.542353375903791 -0.420887080403664 0.711821159235574
1703155663000680 0.485042251806909 -4.82928711486312 7.44609135473033 0.14580166137677 -0.541509605019054 -0.419510506015186 0.713806807585053
1703155663000880 0.483871251875263 -4.82926219310658 7.44636758641198 0.146570543946329 -0.539610003935491 -0.417568410495023 0.716222550508344
1703155664000040 0.48179707392522 -4.82852125756937 7.44636002308185 0.14610578093949 -0.538732531461267 -0.415804976611024 0.718001797871636
1703155664000440 0.484396795862592 -4.8314121306688 7.44849952070179 0.143861489396771 -0.530390010257933 -0.409019280808054 0.728487156245321
1703155664000760 0.484495201855602 -4.831706636768 7.44921710949959 0.148453342558928 -0.519918661633942 -0.398823413834441 0.740665967184462
1703155665000440 0.487062560891095 -4.83406130266509 7.4516297328659 0.152056438030421 -0.503364129400549 -0.381753584415055 0.760110250998225
1703155665000760 0.486665196827406 -4.83385463147201 7.45161263590324 0.152464827234165 -0.495381472657126 -0.375723718390896 0.768233922996786
1703155666000000 0.48729773218864 -4.83374860500805 7.45162364312255 0.151664703336054 -0.489681753187784 -0.370267881891529 0.774668505876214
1703155666000640 0.488179178473923 -4.83444654845241 7.45225463844375 0.151785974489505 -0.481926989989694 -0.364367672133637 0.782268236458351
1703155667000080 0.488953655301096 -4.83558049645482 7.45268133662564 0.147839191370414 -0.478643911388643 -0.365581106903278 0.78447054365406
1703155668000720 0.48659588565595 -4.83472756527422 7.45242127610351 0.150318870753927 -0.464584801269795 -0.35630394849129 0.796625819198628
