1702924902000050 -0.000215702912052171 -0.000201023314194741 0.000104986794418663 4.22268352122803e-05 1.13790554835638e-05 -1.70284985269531e-05 0.999999998898721
1702924902000330 -0.081606578102523 -0.0412610393511304 0.0433183883096088 -0.000417903150774524 0.00275846504607897 0.00356301465647332 0.999989760524629
1702924902000530 -0.149905038467377 -0.0759218536277185 0.0789924368174112 -0.000687700017579923 0.00555486963711853 0.00640369650081804 0.999963830927462
1702924902000690 -0.208839840551268 -0.105521859387744 0.109458490155673 -0.00111139057159305 0.00771156139610925 0.00939619428711432 0.999925501307347
1702924902000890 -0.276301600818927 -0.140208396657566 0.14608445508331 -0.00012615216742704 0.011692628114463 0.0116874773371304 0.999863325363473
1702924903000090 -0.357034076981604 -0.18339403136168 0.191329441426459 -1.52829025328763e-05 0.0157981138313716 0.0144564850767026 0.999770688410613
1702924903000610 -0.473538296208587 -0.257041966599234 0.268783106032313 -0.000750700487988284 0.0202297362943913 0.0198380684756016 0.999598241923921
1702924904000370 -0.494938579981737 -0.278310454902234 0.290637854625531 -0.000973593669764113 0.022272057107183 0.0205110698742517 0.999541046480931
1702924905000050 -0.544378701371666 -0.350750999885141 0.357708244963808 -0.000993825307799259 0.0226703698427741 0.0196136641728819 0.999550084197967
1702924905000690 -0.62559525647082 -0.434297796926129 0.445100677601421 -0.00140256090144866 0.0235556505390893 0.0200653879624703 0.99952015705363
1702924906000130 -0.694008646887885 -0.500050928494841 0.517083817420561 -0.000892126600043703 0.0249808880117843 0.0191564727908164 0.99950397142507
1702924906000690 -0.774875421594709 -0.579018191081083 0.603361706387184 -0.000858968047693173 0.025512339216123 0.0193013972378745 0.999487788212683
1702924907000250 -0.84920836444064 -0.65418425403948 0.684417755184247 0.000419489456792072 0.0270243811413915 0.0182638844960893 0.999467827083811
1702924907000530 -0.890189591413915 -0.694386438513758 0.727957017084559 0.00076527665257484 0.0272668120807449 0.0184154407737691 0.999458256682942
1702924907000850 -0.934082021037306 -0.739147341925766 0.775665871410303 0.00100414292428621 0.0274428032326111 0.0188210555754365 0.999445672417841
1702924908000170 -0.981410554093235 -0.786750003455466 0.826919236924891 0.000819943706485409 0.027186948558231 0.0196260774529764 0.999437349014044
1702924908000410 -1.01670340816307 -0.823665713679689 0.86644028684764 0.00181044791468987 0.0277220975656663 0.0193703500681937 0.999426334015241
1702924908000650 -1.05638473927377 -0.86277928629906 0.908786910274987 0.00116034380944946 0.0275259279263358 0.0194014025185187 0.999432119993325
1702924908000810 -1.08233036166982 -0.888543491838105 0.936741397403948 0.000558376145666541 0.0271218858908964 0.0199934840277708 0.999432014755497
1702924909000010 -1.11300999955118 -0.91915645755057 0.969639574454109 0.0005603384475689 0.0268574780929408 0.0205806767691402 0.999427234787523
1702924909000170 -1.13817480603098 -0.944136116358426 0.996967664943067 0.000411418024915067 0.0267319813380644 0.0207306501210726 0.999427572190455
1702924909000330 -1.16283644762634 -0.968882557955403 1.02348083796594 0.000323193150545219 0.026803126432276 0.0205728242645057 0.999428960387593
1702924909000490 -1.18693257071769 -0.993221465334259 1.04968412628971 0.000339044703144698 0.0267393550626276 0.020562364874481 0.99943087859556
1702924909000650 -1.21006439567903 -1.01675132146507 1.07502046469715 5.99392443174622e-06 0.026204320672998 0.0210915479612846 0.999434079940611
1702924909000810 -1.2348429843414 -1.04157114470509 1.10190231531273 -0.000923427129893916 0.0254523125718341 0.0217423432694024 0.999439141506994
1702924910000010 -1.2670723924147 -1.07391454591156 1.13673234575354 -0.00160088299285355 0.0248366943085348 0.0222889764576861 0.99944173282785
1702924910000330 -1.3147812481098 -1.1211930260783 1.18783235427961 -0.001090246038046 0.0254444498122926 0.0215666145470848 0.999442981102126
1702924910000610 -1.35900101547957 -1.16551022512439 1.23560607997928 -0.00186173935590369 0.0246798588088895 0.0224025166139521 0.999442627540523
1702924910000770 -1.38564818790713 -1.1920898647691 1.26445664790588 -0.00189575630755114 0.0245467156901028 0.0225138213572897 0.999443341417983
1702924910000890 -1.40641352223412 -1.21265788099259 1.2868546583812 -0.00157558100820239 0.0248278444767933 0.0220870494744743 0.999446475769781
1702924911000050 -1.43360155562184 -1.23978769894964 1.31607164714514 -0.00175539596601588 0.0245805091795156 0.0222929069584664 0.999447719219379
1702924911000210 -1.46109997193521 -1.26705182091441 1.34554186066132 -0.00207375717553506 0.0244661798549795 0.0221782725261284 0.999452465003833
1702924911000330 -1.48002692595082 -1.2862540609299 1.36613224753884 -0.00168392157216041 0.0247506014282251 0.0218279782971978 0.99945390664129
1702924911000490 -1.50620569564556 -1.31246398120992 1.39447858907503 -0.00115888145843244 0.0250692975930273 0.0213300753625124 0.999457460423898
1702924911000650 -1.53689683292798 -1.34200540267949 1.42707259213421 -0.00208116999624409 0.0246934830975019 0.0212429784271333 0.999467176295202
1702924911000850 -1.57151303313361 -1.37616793856656 1.46409059353752 -0.0021985879041364 0.024712465921635 0.0211280468015093 0.99946889190092
1702924912000050 -1.60199606515464 -1.40723957742507 1.49660157691566 -0.000593140200282664 0.0253698088752556 0.0211690207102251 0.999453797603724
1702924912000290 -1.64120663499643 -1.44711101771462 1.53922402611967 -0.000276245096616759 0.0250557238473978 0.0217083023176578 0.999450290910766
1702924912000530 -1.68312024352922 -1.48915388811912 1.58464246265117 0.000103858027503245 0.0253991443248057 0.0211986253684015 0.999452595656026
1702924912000730 -1.71227480241703 -1.51863229297101 1.61598752539623 0.00145566400327046 0.025821816222584 0.0210349912123467 0.999444167522115
1702924913000050 -1.77956982851783 -1.58498386929716 1.68785073164983 0.000923182424254121 0.026394517253894 0.0192321142226794 0.999466158994726
1702924913000330 -1.83206555088768 -1.63705816398725 1.74398828416227 0.00149476923518153 0.0268937842076665 0.0184383865977243 0.999467115985112
1702924913000490 -1.8641680774639 -1.66895727765953 1.77840621316094 0.00129861598073227 0.027056085420835 0.0178960572343789 0.999472867552541
1702924913000610 -1.88761880362163 -1.69238176927549 1.80367905625971 0.00130634294234146 0.0271708111781054 0.0175601562638198 0.999475703256478
1702924913000770 -1.920997690338 -1.72465678557426 1.83923068951757 0.00129522673923556 0.0275390024118523 0.0169775400567636 0.999475706992158
1702924913000850 -1.93914939411467 -1.74164303035244 1.85851592224293 0.000961726515889882 0.02758440392383 0.0164499496871109 0.999483654142261
1702924913000970 -1.96352541920313 -1.76569439550227 1.88475024168902 0.00112143936106006 0.0280404950201618 0.0159194055712787 0.999479387250703
1702924914000130 -1.98982588590861 -1.79524013950075 1.91396709933199 0.00174515137560663 0.0280601687422618 0.0164803460274461 0.999468848724985
1702924914000290 -2.01969551298955 -1.82710974814719 1.9471709433955 0.0025362492281681 0.0283784395572089 0.0163165553740566 0.999460855476029
1702924914000410 -2.04452119485947 -1.85157870216471 1.97423031292403 0.00315195744791768 0.0290477175736844 0.0153854639202071 0.999454642676678
1702924914000570 -2.07575929770956 -1.88215071781302 2.00785581583668 0.00427028141870913 0.0300386099401164 0.0144277576084617 0.999435483870701
1702924914000770 -2.11501478084329 -1.92148051113534 2.0503902964675 0.00568497826579548 0.0307030054719988 0.0140189045930415 0.999414066736663
1702924914000930 -2.15443204244096 -1.96018986215952 2.09340604255297 0.00276089499150015 0.0291904893183895 0.0149460608735868 0.999458307312797
1702924915000090 -2.18378592829273 -1.99014815254427 2.12570066773855 0.00276272554896861 0.02928027635658 0.0146793147384158 0.999459629241138
1702924915000290 -2.21482806319711 -2.0231049153738 2.16076753308188 0.00513285346264533 0.0307772097096962 0.0131829561192339 0.99942614877027
1702924915000450 -2.2449023895835 -2.05339140879763 2.19371441617303 0.00552852536277418 0.0311478097237046 0.0124806458625347 0.999421574129548
1702924915000610 -2.27449930982849 -2.08327907312524 2.22632060181228 0.00537611272735513 0.0311208188583581 0.0123616779331364 0.999424725011447
1702924915000810 -2.30941750804358 -2.11857386462407 2.26417781367207 0.00555332774553375 0.0312712556774875 0.0120393156320045 0.99942299553213
1702924916000010 -2.34610539795732 -2.15407429080891 2.30326140776048 0.00587673865534365 0.0317129321509142 0.0108958532633998 0.999420349131851
1702924916000210 -2.37707556383201 -2.18538136234985 2.33705340360786 0.00647213133931914 0.0320270000950064 0.0102048941721526 0.999413949730429
1702924916000330 -2.39771877714213 -2.20508033938228 2.35850104716997 0.00647174901219155 0.0320730951757239 0.0100647859428169 0.999413894797595
1702924916000490 -2.42307516846524 -2.22952808412286 2.38526713311965 0.00651636471962773 0.0320397346178674 0.00973836696465891 0.999417908887628
1702924916000690 -2.45323855474427 -2.25915494084594 2.41728317123929 0.00653850827581404 0.0319427608924529 0.00936168817169494 0.999424467746648
1702924916000890 -2.48168546279796 -2.28747299162903 2.44777922022345 0.00696862716842404 0.0321227882962347 0.00908114233319048 0.999418379639572
1702924917000050 -2.50532617337519 -2.31051721139945 2.47304646526637 0.0071343920647149 0.0320600256191392 0.00874144569117508 0.999422254272135
1702924917000170 -2.52338899426835 -2.32796835560899 2.49222072272654 0.00723491185941121 0.0322144154091037 0.008261083739173 0.999420653171471
1702924917000290 -2.53903731168816 -2.34311510152737 2.50871157873824 0.00804713470513847 0.0326536260330192 0.00769906857170464 0.999404677131872
1702924917000410 -2.55725993774559 -2.36093868251831 2.52801938703816 0.00861453153267484 0.0329091569183402 0.00749585568864824 0.999393110535034
1702924917000530 -2.57518916627354 -2.37826041324331 2.54696538141665 0.00876988487492998 0.0329832315546972 0.00735254142999858 0.999390382027969
1702924917000690 -2.59910159103728 -2.40132449074862 2.57216129461513 0.00881075351439402 0.0330352821453096 0.00705348223662856 0.999390458801977
1702924917000850 -2.6223810945458 -2.42390533124564 2.59664094695045 0.0089510427184505 0.0329531028757066 0.0070248589290085 0.999392126846186
1702924918000050 -2.65140028796279 -2.45244752690633 2.6274503615566 0.00933914337833246 0.0330749561643197 0.00698598876841001 0.999384822596689
1702924918000210 -2.67607340322212 -2.47629312870196 2.65341195590267 0.00973348408203869 0.0334429314882809 0.00642380645505681 0.999372585341284
1702924918000370 -2.70142080677714 -2.50103089990048 2.68038474633723 0.00906246301480016 0.0330308385567411 0.00670029390285126 0.99939078519364
1702924918000490 -2.71959544622914 -2.51873534872973 2.69968178234486 0.00897030981967443 0.0329520196784961 0.00689859797543283 0.999392869339591
1702924918000610 -2.73769907224931 -2.53665406842447 2.71914083193658 0.00910708712062705 0.033035238308444 0.00670607137425246 0.999390195369559
1702924918000730 -2.75660390118864 -2.55503067531917 2.73917135643542 0.00903347164231694 0.0331228655808532 0.00665560268423987 0.999388300471198
1702924918000810 -2.7699971351283 -2.56784773900012 2.75319267151763 0.00896732430644035 0.0331037059930964 0.00660387896365775 0.999389874136685
1702924918000970 -2.79571978338976 -2.59277534460788 2.7804611840358 0.00885945883221293 0.033109794003974 0.00649349949448983 0.999391357774586
1702924919000090 -2.81382512749438 -2.6105449594387 2.79973711051072 0.00924073350117389 0.0334951840496846 0.00616483115589805 0.999377144198654
1702924919000290 -2.84281663862359 -2.63930528481544 2.83069346921617 0.00962093683565456 0.0335626373816656 0.00633104320796089 0.999370254129214
1702924919000450 -2.86664410044615 -2.66314579036082 2.85644996256862 0.00954062718791873 0.0334900354809468 0.00663376995842193 0.999371496017614
1702924919000610 -2.89096120303559 -2.68687277632544 2.88233733731079 0.00980117405350624 0.0335776023700366 0.00648509988635062 0.999367012206085
1702924919000770 -2.91493258178883 -2.71035235968107 2.90793214137459 0.0100398120873271 0.0336911388377683 0.00656284446439318 0.999360314606099
1702924919000930 -2.93923887048552 -2.73393117740622 2.93349625026625 0.010849378088524 0.0343597816213557 0.00571423551063986 0.999334300379284
1702924920000090 -2.96319260212933 -2.75744015596902 2.95898009592038 0.0113445156271241 0.0347911381173161 0.00521002287098401 0.999316633672917
1702924920000250 -2.98733773628918 -2.78095214699017 2.98437498515417 0.010759413324055 0.0341417614901943 0.00583263403547789 0.999342061322087
1702924920000410 -3.00637254977186 -2.8004305737239 3.00439351791186 0.0126938292365861 0.0351404156397221 0.00521568417901822 0.999288153900828
1702924920000570 -3.02836626143606 -2.82196618541269 3.02750877341829 0.0140998644298486 0.0360037634224993 0.0042196802494573 0.999243272252092
1702924920000730 -3.05261937058883 -2.84568715679468 3.0533099798786 0.0143097607577694 0.0360298729772439 0.00382110718307372 0.999240950992399
1702924920000890 -3.07504956712559 -2.86751686614695 3.07713490941331 0.0151953567263442 0.0365074335713813 0.00299319459000356 0.999213365209922
1702924921000050 -3.10012461786252 -2.89174541298104 3.10321201618374 0.0163873960792603 0.0374337924713273 0.00176881512814884 0.999163167717865
1702924921000210 -3.12592322986591 -2.9169492250679 3.13033691638564 0.015612648169209 0.0368128113112617 0.00205039385691039 0.999198107496976
1702924921000330 -3.14900043197478 -2.93854611533611 3.15440565167303 0.0142358695470443 0.0361666610988464 0.00207832680116377 0.999242209477216
1702924921000490 -3.17618937864394 -2.96431009547461 3.18285549728086 0.0139709831759248 0.036091886096981 0.001638719937855 0.99924946934388
1702924921000650 -3.20306953909873 -2.9900707404485 3.21105342419166 0.0139074112451216 0.0361235319811295 0.00124202882047268 0.999249784445349
1702924921000810 -3.23108680022285 -3.01668088350035 3.2404521718307 0.0136094188281332 0.0360666043308989 0.000816100199709265 0.999256382392258
1702924921000930 -3.25196516358097 -3.03656507208703 3.26234870009826 0.0134913284833326 0.0361380484688058 0.000454509572107749 0.99925563242329
1702924922000050 -3.27184899735722 -3.05592682795672 3.28332240546165 0.0135708096613237 0.0362985240059747 8.45853702362267e-05 0.999248839441627
1702924922000210 -3.29832359437484 -3.08176900552956 3.31138235790124 0.0134353591858366 0.0361176593787922 0.000207322236602608 0.999257205539212
1702924922000330 -3.31770837308148 -3.100763886163 3.3319963446364 0.0134739499558004 0.0359060229713093 0.00051039443198605 0.999264204144478
1702924922000450 -3.33758278005067 -3.11965548060854 3.35261433959182 0.0137195333037642 0.0359929619124664 0.000684317911855807 0.999257630847866
1702924922000570 -3.35674167389847 -3.13840005215059 3.37299365424266 0.0139651558797781 0.0362349647741947 0.000586886236864896 0.999245544054919
1702924922000650 -3.37007330811735 -3.15118021677825 3.38688342291487 0.0139917971770408 0.0362626580802797 0.000662584398330916 0.999244119433597
1702924922000770 -3.38990029031773 -3.17033980456063 3.40761663921101 0.0137712115372061 0.0359975479665347 0.00102501568075052 0.999256463384675
1702924922000850 -3.40306567078737 -3.18339737160079 3.42167547965609 0.0140087895387195 0.0360800191734751 0.000978922746391567 0.999250232795749
1702924922000970 -3.42206159372163 -3.20184009094433 3.44162036614953 0.0140165165789392 0.036056649594965 0.00113354336592656 0.999250804534285
1702924923000090 -3.44185011996907 -3.22109432673177 3.46252174059594 0.0143709501770283 0.0363770748175933 0.000767281679958909 0.999234504757291
1702924923000210 -3.46188548620941 -3.24051588480653 3.48369883347835 0.0147395863569258 0.0367483324603929 0.000374896235567183 0.999215774549331
1702924923000330 -3.4816000648619 -3.25978131162386 3.50465946383727 0.015004750355795 0.0369594531732914 0.000181689975157775 0.999204094905863
1702924923000450 -3.50185371608853 -3.27940576612613 3.52600840422533 0.0149317402293478 0.0369860838828276 0.000333782535266937 0.999204163983495
1702924923000570 -3.52241488670296 -3.29933352856575 3.54771447993111 0.0145792917695034 0.0367594670435215 0.000652713109004305 0.999217573804511
1702924923000690 -3.54354389126524 -3.31983505663336 3.57004013040511 0.0139936660407564 0.0363717439091787 0.000962456110291397 0.999239884729378
1702924923000810 -3.5652938589832 -3.34085493677758 3.5929879278379 0.0131676486668036 0.0358695538194322 0.0013011684354392 0.999268880281021
1702924923000930 -3.58701449677978 -3.36179973317944 3.61610458604492 0.0123028938201782 0.0353404368204073 0.001657181850325 0.999298226795839
1702924924000090 -3.6148678471239 -3.38879434743673 3.64544697292738 0.0121234334842278 0.0352689254400572 0.00175500425758194 0.999302779551279
1702924924000250 -3.64191653055958 -3.41507269331911 3.67421789864348 0.0120337016416155 0.0353495462893405 0.0015958460691824 0.999301282335444
1702924924000370 -3.66212491172917 -3.43473491976161 3.6955733121059 0.0117780807027088 0.0351663939448746 0.00176846097845127 0.999310499343243
1702924924000530 -3.68884202205291 -3.46074885612922 3.72388415176565 0.01147677726675 0.0347884123681092 0.00234846598255954 0.999326040217108
1702924924000650 -3.70851084898921 -3.47993896361108 3.74469589940001 0.011393830416453 0.0345742191790952 0.00280624791666886 0.999333242201633
1702924924000770 -3.72801582630445 -3.49906377527087 3.76536242750143 0.0111574122446268 0.0342688088885643 0.00337491098297099 0.999344670704367
1702924924000850 -3.74113590193648 -3.51192533217531 3.77932769315499 0.0110028467144671 0.0340866960103248 0.00369025376445079 0.999351497995791
1702924924000930 -3.75437947310127 -3.5248954663956 3.79338992677895 0.0108168688610228 0.0339470998673539 0.00390574149072244 0.999357461042868
1702924925000010 -3.76799373165176 -3.53788119692127 3.80761432846137 0.0107375344609559 0.0339367649124434 0.00409662718523347 0.999357903349287
1702924925000130 -3.78779781304958 -3.55725789508385 3.82871457330473 0.0104545501464187 0.0337417908430313 0.00443238831889704 0.999366073001146
1702924925000210 -3.80100620597485 -3.57014630888375 3.84272171342038 0.0103681424642611 0.0336986114178087 0.00468940808226964 0.999367257149338
1702924925000330 -3.82081944587905 -3.58958332097887 3.86380672042544 0.010152627198591 0.0335570270077656 0.00510079476370054 0.999372218941544
1702924925000450 -3.84070430499243 -3.609319723701 3.8852358400117 0.0101807433363212 0.0336698679911235 0.00511041400324931 0.999368088405516
1702924925000570 -3.86050380022552 -3.62873410056749 3.90633357100868 0.0101694468439271 0.0337733207004488 0.00526613719237829 0.99936390417046
1702924925000650 -3.87353784562504 -3.6416336201181 3.92029476737878 0.0102100093866762 0.0338458932086328 0.00533445382843664 0.999360673042314
1702924925000770 -3.89329587363725 -3.66105084766971 3.94139294181279 0.0102183141845126 0.0339158872402828 0.00550390889840991 0.999357296283351
1702924925000890 -3.91356023213272 -3.6809026153142 3.96300278175385 0.0102483771716024 0.0339077872002845 0.00571731443907187 0.999356065198052
1702924926000010 -3.93247052600552 -3.69956578743538 3.98330777334506 0.0104245027135891 0.0340961725769117 0.00564055579253628 0.999348270068614
1702924926000130 -3.95244003791952 -3.71919049955351 4.00460481182355 0.0101957188693809 0.0339545943706435 0.00592754251713898 0.999353789744938
1702924926000250 -3.97217021166494 -3.73853528595937 4.02557899096332 0.00983403507139533 0.0336815571660094 0.00636651731621939 0.999363953681715
1702924926000410 -3.99814701705682 -3.76417970916234 4.05343077212659 0.00974813583048091 0.0337410163450161 0.00637839155977088 0.999362713825639
1702924926000530 -4.01727766623764 -3.78287871122286 4.07385873646378 0.00984442338251013 0.0338970551804957 0.00631387043324651 0.999356899219948
1702924926000650 -4.03621477632337 -3.80147987582129 4.09410859222254 0.00976100749114926 0.0338809739549609 0.006401082913607 0.99935770796755
1702924926000810 -4.06054997306601 -3.82540038727102 4.12011760013475 0.00966120523608314 0.0339740430999915 0.00642747387350139 0.999355348756603
1702924926000970 -4.08497408753957 -3.84945950207738 4.14629010675443 0.0094639740732708 0.0338620269271908 0.0066922027107122 0.999359300126837
1702924927000090 -4.10267089339411 -3.86685984674439 4.16521635232478 0.00942643477728369 0.0338648552562137 0.00684313294354355 0.999358536981289
1702924927000250 -4.12619443443442 -3.88994020542299 4.19033564652568 0.00930987425266642 0.0338389453802956 0.00695639489333552 0.999359725317684
1702924927000410 -4.14933710744278 -3.9129694436692 4.21525785763016 0.00929208932732977 0.0339400094301807 0.00700777400216543 0.999356104669075
1702924927000610 -4.17870233886994 -3.94191352626157 4.2466776628273 0.00924287329714101 0.033909775438315 0.00729521945337936 0.999355530427517
1702924927000730 -4.19637706049622 -3.95948779991669 4.26573248231182 0.00923723750618614 0.0339509144106904 0.00739919755521162 0.999353421332749
1702924927000890 -4.21990482200748 -3.98277088661973 4.29101509281601 0.00919594652933531 0.0338881541603222 0.00768523994707896 0.999353773526668
1702924928000050 -4.24333171433557 -4.00608035845813 4.3162143285639 0.00941456801506197 0.0340710524051085 0.00774907630468155 0.999345026061331
1702924928000210 -4.26676169434684 -4.02949061746884 4.34146734912214 0.00979978816554326 0.0343893830285593 0.00757645744776781 0.999331742605711
1702924928000330 -4.28430763680176 -4.04694567464385 4.36031470998234 0.0101406663973806 0.0346716766062572 0.00746463212078349 0.999319428908309
1702924928000450 -4.30172644025112 -4.06431566406966 4.37906073334247 0.0104586663214104 0.0349023293456904 0.00749340622426364 0.999307906787583
1702924928000570 -4.31984165325362 -4.08233772328585 4.39851694087759 0.0106342185559842 0.0350018829351571 0.00756622161479153 0.999302023352887
1702924928000690 -4.33695882637857 -4.09938929728099 4.41697814229654 0.0110275391358637 0.035386412748335 0.00722255299907337 0.99928676059557
1702924928000810 -4.35455340690329 -4.11699313172176 4.43592466520965 0.0113752742204992 0.0357172929508697 0.00694325170855177 0.999273070474924
1702924928000930 -4.3726846733813 -4.13499092379723 4.45546495120884 0.0114074922138967 0.0357538165891678 0.00690704449077078 0.999271647980218
1702924929000050 -4.3917741418631 -4.15374236001125 4.47591637911237 0.0110185924799568 0.035525954660903 0.00711503460962782 0.999282679449462
1702924929000170 -4.41088985195975 -4.17243818171607 4.49635331886107 0.0105821756367764 0.035270181544038 0.0074288173719282 0.99929417316679
1702924929000290 -4.43016328069211 -4.19153048669401 4.51714536093942 0.0107046886719814 0.0355296532775061 0.00718889774831242 0.999285431259548
1702924929000450 -4.45513609513289 -4.21602387899798 4.54381727550548 0.0106054881489167 0.0356443289903138 0.00687568159413296 0.999284609325376
1702924929000610 -4.4808224720764 -4.24122049494217 4.5714318859378 0.0107438493653333 0.0359992482346802 0.00638097040604335 0.999273689758732
1702924929000770 -4.50614052315667 -4.26618615934161 4.59866416183322 0.0107010178277782 0.0360608331855776 0.00625574893054654 0.999272720598701
1702924929000930 -4.53128193133035 -4.29091866461116 4.6256041067672 0.0104547589694145 0.0358777043270585 0.00642804483113261 0.999280825687534
1702924930000090 -4.55613728734874 -4.3154232571712 4.65220673885637 0.0101088436039984 0.0354471568184381 0.006895434248033 0.999296634308857
1702924930000250 -4.58108960170183 -4.33989413980594 4.67885201183488 0.00984496399876004 0.0351473397958509 0.00718786814364408 0.999307798298746
1702924930000410 -4.60583519741173 -4.36428594655199 4.70529717516317 0.0102332215617785 0.0353569147211892 0.00684409181326656 0.999298918324801
1702924930000530 -4.62422022607168 -4.38239283479885 4.72490424021582 0.0107033328613251 0.0356172432521742 0.00646513582545744 0.999287272343411
1702924930000690 -4.64902547663942 -4.40708871871939 4.75155700498948 0.0110495712103383 0.0357522644298899 0.00624807284852863 0.999280062920242
1702924930000850 -4.67414572010997 -4.43172058396387 4.77823874718196 0.0109676398114683 0.0355104619629231 0.00644178151733361 0.999288357491985
1702924931000010 -4.69930580406176 -4.45632930751867 4.80495736529282 0.0110729395453622 0.0354360613680924 0.0064743343282548 0.999289626964849
1702924931000170 -4.72463953567404 -4.48103993391784 4.83172727508741 0.0113040801512148 0.035519984655528 0.00633092990038009 0.999284978266261
1702924931000290 -4.74384862200426 -4.49977846607537 4.85203796273027 0.011391976803905 0.0355680072254327 0.00621266223641278 0.999283014242936
1702924931000410 -4.76311778798403 -4.51870326500514 4.87259302908586 0.0114747747406979 0.0356237600214396 0.00604440577027966 0.999281112813341
1702924931000530 -4.7824126390885 -4.53767438502339 4.8931429657237 0.0116918948769863 0.0358361756107064 0.00578749551945406 0.999272521891499
1702924931000650 -4.80142500998854 -4.55638537703517 4.91355086909106 0.0119126016550888 0.0360767199688562 0.00542881608602827 0.999263272693438
1702924931000810 -4.82790005300242 -4.58231712260443 4.94163364069387 0.0121325962549972 0.0363328502637511 0.00516518178813303 0.999252743302174
1702924931000930 -4.84739059289189 -4.6013712010896 4.96237085518151 0.0124503461170996 0.0366084720417577 0.0048616251392745 0.999240298055146
1702924932000050 -4.86738998723003 -4.62090325484674 4.98373951896711 0.0123848790047295 0.0366508511047512 0.00475132785200143 0.999240088651861
1702924932000170 -4.88744647229458 -4.64047219284025 5.00514811356074 0.0121962888644428 0.0365933672388513 0.00474848153272893 0.999244528599077
1702924932000290 -4.90712846343228 -4.65970583080052 5.02608277268334 0.0120967224535889 0.0366042054577861 0.00463937633919236 0.999245854450179
1702924932000410 -4.92645980164423 -4.67855015495394 5.04667866853305 0.0121141388964209 0.0366740783928294 0.00452740830889028 0.999243595019172
1702924932000570 -4.95215685494825 -4.70359996557788 5.07414167972838 0.0118447784760831 0.0365056471046223 0.00466603012356881 0.999252354070388
1702924932000690 -4.97069836578433 -4.72178976064383 5.09386869404545 0.0117154634622611 0.036473512284546 0.00464760945274879 0.999255137862132
1702924932000850 -4.9947702483329 -4.74549289593961 5.11963300279203 0.0117974832225485 0.0365973843089099 0.00452285325523319 0.99925021623705
1702924933000010 -5.0182328241425 -4.76859420669633 5.14467060099244 0.0120985244620915 0.0368231092309472 0.00428312955109691 0.99923938029566
1702924933000170 -5.04159108008531 -4.79164303017901 5.16969083901842 0.0121633599800163 0.0368416638241284 0.00429376151341053 0.999237863620436
1702924933000330 -5.06487369812635 -4.81449003284126 5.19455428424152 0.0121544473391974 0.0368459431891298 0.00422802205679338 0.999238094605019
1702924933000490 -5.08678198122155 -4.83611924900035 5.21796172743246 0.0120008008456042 0.0366750732925843 0.00438647599479866 0.999245554709349
1702924933000650 -5.11016271819347 -4.85918700483719 5.24300979720791 0.0117098352213567 0.0363368163110517 0.00484002516851537 0.999259270507827
1702924933000770 -5.12708169071502 -4.87580881982068 5.2610892948516 0.0115717285691599 0.0362447463754497 0.00492627510883828 0.999263801641815
1702924933000890 -5.14375921690061 -4.89221312134245 5.27894695356107 0.011488132740749 0.036182282876163 0.00494877881334594 0.999266918696029
1702924934000010 -5.16007787676042 -4.90826983634361 5.29636688721608 0.0115460590655626 0.0362337914677832 0.0049350779260305 0.999264452425777
1702924934000130 -5.17596538665862 -4.92397392962149 5.31335917393256 0.0118316211773433 0.0364048212497933 0.00481245797829064 0.999255493844439
1702924934000250 -5.19180487775128 -4.93963159342452 5.33028382346908 0.0120213308194038 0.0365535871432721 0.00473624360606371 0.999248162804813
1702924934000370 -5.2076273010238 -4.95522998669119 5.34716250923869 0.0120539285366232 0.0365047666835074 0.00488894050694154 0.999248819402323
1702924934000530 -5.22857385407869 -4.97587906702995 5.36955415045555 0.0118913999328929 0.0363047676876617 0.00518073399028469 0.999256582888551
1702924934000690 -5.24894096225392 -4.9960234722671 5.39128915497905 0.012155353539948 0.0364196861398551 0.00523710310788755 0.999248931244277
1702924934000850 -5.26949153253253 -5.01633223844389 5.41328521551925 0.0125341851358972 0.0366994652885538 0.00494101116319156 0.999235522716841
1702924934000970 -5.28515929045974 -5.03175660276687 5.4300750588486 0.0124955248687217 0.0366727227152937 0.00497973075496013 0.99923679653449
1702924935000130 -5.3057641324737 -5.05212870553216 5.4522193043441 0.0125417506425039 0.0367583120775447 0.00471921846655373 0.999234336860526
1702924935000250 -5.32183790413331 -5.06768687174187 5.46925049853848 0.0125630419268661 0.0367953900106546 0.00470442647497485 0.999232774494036
1702924935000370 -5.33760045807776 -5.08310654529724 5.48605473015611 0.0126168265428427 0.0368859857202998 0.00449222678587085 0.99922973316647
1702924935000490 -5.35338477940332 -5.09852508335434 5.50287189990739 0.0124629939945964 0.036816051490965 0.00448182328395046 0.999234289540424
1702924935000610 -5.3691910064591 -5.11391450905336 5.5196271814827 0.0121490727016806 0.0365333261484466 0.00471894695476248 0.999247440653544
1702924935000730 -5.38510620821708 -5.1293574401803 5.53648472049737 0.0119997174961332 0.0363965780971483 0.00480560429040866 0.999253822634787
1702924935000850 -5.40083391687112 -5.14481472955331 5.55324641957509 0.012032081789185 0.0364304231520332 0.00458557712617406 0.999253234049909
1702924935000970 -5.41662856041831 -5.16027461398209 5.57004095911476 0.0121561236460723 0.0365073824875619 0.00433013575917958 0.999250063600756
1702924936000090 -5.43241760459107 -5.17572805522488 5.58689620442233 0.0121081098302338 0.0364313893256624 0.00434112812266242 0.999253372350959
1702924936000210 -5.44804649365944 -5.19101475427453 5.60356270000911 0.0120050302021555 0.0362295586278521 0.00450305117400158 0.999261237545819
1702924936000330 -5.46337244902054 -5.20608195066456 5.6198637353776 0.0122678300649745 0.0363184246617754 0.00436446111930913 0.999255434738647
1702924936000450 -5.47876577158086 -5.22111332179734 5.6361729185172 0.0125583445326457 0.0364722596300771 0.00410717013880403 0.999247313438233
1702924936000570 -5.49447373979367 -5.23640462288635 5.65277911330649 0.0127461874388901 0.0365460240455614 0.00389013415411168 0.999243108401803
1702924936000690 -5.51017810163831 -5.25175147384695 5.66941712326867 0.0127908456650826 0.036456312628256 0.00389562270288492 0.999245793416454
1702924936000810 -5.52611938545356 -5.26721260485662 5.68625523096778 0.0128129691404686 0.0363550667078919 0.00391290960124973 0.999249131140439
1702924936000930 -5.54199975562403 -5.28264779540125 5.70301683257282 0.0128069212253605 0.0362773990735385 0.00383659481587054 0.999252327305474
1702924937000050 -5.55790847247655 -5.29828010958961 5.71999401487175 0.0130522592537248 0.0365111185026651 0.00340734126069679 0.999242196256539
1702924937000210 -5.57926221663934 -5.31897455661856 5.74250201680355 0.0129391703765592 0.0362372635557526 0.00349178452803313 0.999253344272996
1702924937000370 -5.59993688752103 -5.33912801886531 5.76447382787244 0.0126712830100533 0.0359918285085414 0.00360860119216875 0.999265232490817
1702924937000490 -5.61704102013611 -5.35566273684853 5.78248918099738 0.0124734048921452 0.035767071690178 0.00366920106645674 0.999275571459965
1702924937000610 -5.63279295414224 -5.3710905362024 5.7991974387946 0.0125760363975947 0.0357704159704241 0.00357851640479454 0.999274494255792
1702924937000730 -5.64849301128857 -5.38646080657005 5.81577625401334 0.0128690476672332 0.035927162424223 0.00333583831094525 0.999265980004846
1702924937000850 -5.66403986778255 -5.40167817386788 5.83218657307289 0.0132239351886833 0.0361249281493942 0.00307143854238034 0.999255064220145
1702924937000970 -5.67949836356811 -5.4167927154094 5.84854581826819 0.0133989932196214 0.036198763314989 0.00299353369733745 0.999250296607996
1702924938000090 -5.69494065408374 -5.43196191722996 5.86496210594184 0.0135321640348706 0.0362184976124032 0.00297896014621153 0.999247830502364
1702924938000210 -5.71051258618611 -5.44711692314705 5.88138606772893 0.0135805823000342 0.0362097188431565 0.00296493225780402 0.999247533508289
1702924938000330 -5.72503104223469 -5.46133653498189 5.89673715548039 0.0136054357518831 0.0361718649724087 0.00297488740406536 0.999248536825225
1702924938000450 -5.74167898759159 -5.4775242844402 5.9143104341858 0.0136490741102906 0.036112412528101 0.00316538039410813 0.999249506782111
1702924938000570 -5.75736124868701 -5.49280200857227 5.93085688717229 0.0136363957406525 0.0360117287578773 0.00328211677678721 0.999252936854597
1702924938000690 -5.77321726030111 -5.50823153711711 5.94760612245735 0.0135767933185314 0.0359315284364648 0.00330128632878512 0.999256572385682
1702924938000810 -5.78928139622049 -5.52384523608573 5.96460178342357 0.0134244443511739 0.0358664510055669 0.00320618257980767 0.999261278334847
1702924938000930 -5.80532700685782 -5.53947226334771 5.98160381099709 0.0133801053364598 0.0358569916845595 0.00303287935439454 0.999262753519484
1702924939000090 -5.82665940073268 -5.56020991654565 6.00419254051163 0.0133294425780697 0.0358497799865857 0.00295247410296331 0.999263930166672
1702924939000250 -5.84802915972935 -5.58093359807969 6.02678669292423 0.0132395466111368 0.0357811638034166 0.00290108821065454 0.999267735098857
1702924939000370 -5.86375120571591 -5.59615866706725 6.04334803272097 0.0131721637768568 0.0356967562769677 0.00287755475793734 0.999271712484324
1702924939000530 -5.88498625961544 -5.61670782606222 6.06571110882081 0.0130631692338242 0.0355648392895174 0.00294471447419488 0.999277651342481
1702924939000650 -5.90055774653948 -5.63207150878539 6.08233859393639 0.0129759627473938 0.0355300429776623 0.00288496090268599 0.999280199662424
1702924939000770 -5.91775424179785 -5.64835159360221 6.10030413756165 0.01280420841452 0.035331326718 0.00295144416123518 0.999289266717394
1702924939000890 -5.93395630214379 -5.66405999629148 6.11744478900236 0.0127906239081836 0.035304377490395 0.0028999912866828 0.999290543796244
1702924940000010 -5.94997632862645 -5.6796705780583 6.13437065794366 0.0129515607026971 0.0353579683509633 0.00282896208540084 0.999286779719904
1702924940000170 -5.97150805655854 -5.70056375856788 6.15705514164082 0.0128928454005723 0.0351916623818658 0.00300361687729625 0.999292899865666
1702924940000330 -5.99316964344249 -5.72158209248154 6.17985419511123 0.0127093863201858 0.034962818472794 0.0031494019084761 0.999302834025513
1702924940000450 -6.00942354831931 -5.73731143305929 6.19693940359704 0.0127620101535913 0.0349633279567918 0.0030789577191928 0.99930236505994
1702924940000570 -6.02567308869585 -5.75312427203913 6.21407538991538 0.0126564613299885 0.0348175951778241 0.00314200902873158 0.999308599398554
1702924940000690 -6.04201173890958 -5.76899458731859 6.23133254474693 0.0125756885083071 0.0346850348400634 0.00323788969481956 0.999313922892606
1702924940000810 -6.05840627265266 -5.78496358568809 6.24865530762097 0.0124899796319621 0.0345333352595418 0.00334801113925548 0.99931988871735
1702924940000930 -6.07464423774759 -5.80072132361393 6.26577867544707 0.0125767431767113 0.0345408874763856 0.00331602014523622 0.9993186461954
1702924941000050 -6.09077030607627 -5.81649739674907 6.28281529994026 0.012775850840069 0.0346294784965267 0.00313773257471688 0.999313630192574
1702924941000170 -6.10720146752042 -5.83250866549495 6.30011720946919 0.0127654944419123 0.0346043607548932 0.0030579217096712 0.999314880046933
1702924941000290 -6.12365000290314 -5.84854005524724 6.31746884853239 0.0127211436243871 0.0345388345235158 0.00300893931021318 0.99931786119276
1702924941000410 -6.14001827843825 -5.86446296650514 6.33467479300092 0.0126495228124156 0.0344732414550302 0.00306548177767587 0.999320863395572
1702924941000530 -6.15624765383052 -5.88030131607612 6.35181656411872 0.0128855873238304 0.0345721696541971 0.00287120965590525 0.999315006832097
1702924941000650 -6.17222195777554 -5.89591389217868 6.36864239286596 0.0131287825420078 0.0346845576433818 0.00273464167460841 0.999308329928736
1702924941000770 -6.18718622796396 -5.91034929797873 6.38418009562165 0.0129978834210927 0.0344985321662253 0.00293867484564384 0.999315901252001
1702924941000890 -6.20454294295585 -5.92728085597362 6.40252341155836 0.0133026939143889 0.0346663828139531 0.00275680836233244 0.999306599720461
1702924942000010 -6.22067158146105 -5.94297141107432 6.41946224300715 0.0132594556278257 0.0345363657940512 0.00287720486525729 0.999311336854714
1702924942000130 -6.23702168909662 -5.95877519323885 6.436622948768 0.0133005608938956 0.0345470391782227 0.0027523654883738 0.999310773307355
1702924942000250 -6.2533612001054 -5.97462877535416 6.45383184307277 0.0133097440722761 0.0345616340477352 0.00268794162684717 0.999310321739194
1702924942000370 -6.2698104877209 -5.9905397587533 6.47113968902006 0.0132747915159215 0.0345505542552566 0.00265825379378459 0.99931124920999
1702924942000490 -6.28607187778633 -6.0063239095591 6.48823504309543 0.013419370724241 0.0346888339039551 0.00245710356944737 0.999305042483924
1702924942000610 -6.30235726501682 -6.0221570265127 6.50537311817288 0.0135385239575902 0.0347578053052348 0.00222082223739054 0.999301591756965
1702924942000730 -6.31870172266394 -6.03801269840047 6.52256757788135 0.0135240516190174 0.0347622489328995 0.00212075352046535 0.999301850534381
1702924942000850 -6.33512349812644 -6.05383832358944 6.53977972723529 0.0133474410694461 0.0346157147131095 0.00224532936079574 0.999309039590786
1702924942000970 -6.35159579886047 -6.06969089581912 6.55704739182447 0.0131253820846323 0.0344717972629071 0.00232838672195981 0.999316765672362
1702924943000090 -6.36800648013456 -6.08556464121188 6.57432585072465 0.0129758007034026 0.0343949590774691 0.00230528517911453 0.999321420287991
1702924943000210 -6.38420969426572 -6.10124138489912 6.59134929993671 0.0128917748926863 0.0343493042175884 0.00227403472045926 0.999324149716184
1702924943000330 -6.40038720096795 -6.11690091963 6.60835125968074 0.0127855994467808 0.0342815057063354 0.00228452248499734 0.999327817970814
1702924943000450 -6.41669048056786 -6.1326679661276 6.62557559455088 0.0126852472827135 0.0341966324720558 0.00225587982503007 0.99933206985224
1702924943000570 -6.43292661411195 -6.14840706002075 6.64267779412857 0.0125800296759976 0.0341466634283413 0.00225552455599587 0.999335109379751
1702924943000690 -6.4491732224233 -6.16406474839396 6.65970767456305 0.0125515684926019 0.0341752104314077 0.00214693234980912 0.999334730609234
1702924943000810 -6.46556419974534 -6.17993557395427 6.67695606647618 0.0124516269321958 0.0341555047227156 0.00200093029577852 0.999336957568282
1702924943000930 -6.4818885876168 -6.1957344836463 6.69414932644919 0.0123138980603199 0.034040536896439 0.00204288905613214 0.999342502031544
1702924944000050 -6.4979950473674 -6.2113123228733 6.71108369549189 0.0121057717396057 0.0338415314220917 0.00223764354324969 0.999351386646844
1702924944000170 -6.51335135783589 -6.22597942524511 6.72709549114927 0.0120015967253943 0.0337351442334613 0.00245692262843927 0.999355725080307
1702924944000290 -6.53016126197469 -6.24247899949672 6.74496065086331 0.0120286695919594 0.0337074578445619 0.00242919372422906 0.999356401596225
1702924944000410 -6.54607688175657 -6.25794137940937 6.76170181169068 0.0120013530804096 0.0336448233830458 0.00244315120536737 0.999358806633509
1702924944000530 -6.56199353984574 -6.27325779882613 6.77827994840512 0.0118357483968462 0.0334074803707288 0.00276542127795262 0.999367904107552
1702924944000690 -6.58279279320352 -6.29363829701411 6.80031733272743 0.0121162924873902 0.0335843255597064 0.00257313264470072 0.999359128402524
1702924944000810 -6.59835274353297 -6.30882833876214 6.81671055732786 0.0123651091166494 0.0337154058124951 0.00245525867951689 0.99935196362055
1702924944000930 -6.61409517427066 -6.32415137094326 6.83330183263979 0.0125280575825434 0.0337698610583866 0.00249998886819963 0.999347984594438
1702924945000010 -6.62442300535011 -6.33416411123685 6.8441665764571 0.0127112672522966 0.033946110332619 0.00232449130244888 0.99934012329052
1702924945000170 -6.64551628227083 -6.3547846043388 6.86643976440115 0.0127529749296852 0.0338633383379578 0.00241163194760416 0.999342193634593
1702924945000290 -6.66131018301075 -6.37012679632256 6.88298949148189 0.0128934342856868 0.0339670787055101 0.00237045745981288 0.999336969119008
1702924945000410 -6.67698406548497 -6.3852585923501 6.89941534269847 0.0132320235881343 0.0342092753659371 0.00214758923481665 0.999324785488271
1702924945000530 -6.69329707978231 -6.4010117913567 6.91653032688207 0.0131558082671918 0.0341064796636531 0.00222512664653442 0.999329135753179
1702924945000650 -6.70952857720062 -6.41667603151154 6.93357474864893 0.0131137275989139 0.0340860100751354 0.00223971967103928 0.999330354648259
1702924945000810 -6.73096644860328 -6.43739274441416 6.956033041063 0.0133094928477836 0.0343013203731431 0.001943143618499 0.999321019999916
1702924946000010 -6.75804426835764 -6.46356656804537 6.98446556167022 0.0131676811961084 0.0341808322903264 0.00196603109467566 0.999326982322399
1702924946000210 -6.78525716765508 -6.48969741257911 7.012927626921 0.0130783056509713 0.0341426254978514 0.00187910858909188 0.999329629299724
1702924946000370 -6.80698671360616 -6.51067732799805 7.03575416591293 0.0129376835919611 0.0340445000735084 0.00186232208816172 0.999334838837544
1702924946000490 -6.82325992050194 -6.52631177780813 7.05274327253741 0.0128222378174074 0.0340120952754014 0.00183296636532497 0.99933748444989
1702924946000650 -6.84493279647789 -6.54720611327719 7.07549980024717 0.0128461607992305 0.0340579134950768 0.0017135476718294 0.999335828655942
1702924946000810 -6.8665048562986 -6.5680229092153 7.09815636592134 0.0126102687261399 0.0339525538296097 0.00183388410770185 0.999342204692758
1702924946000970 -6.88852584880488 -6.58920084070742 7.12129607311831 0.0125268591516973 0.033855991027414 0.00181650519184525 0.999346561499179
1702924947000130 -6.90990547885832 -6.60992631027937 7.14375715070906 0.0123854710721657 0.0337117701738218 0.00194909163142757 0.999352949512774
1702924947000290 -6.93069858438611 -6.63010397904201 7.16555722670277 0.0126266874049301 0.0338135652289846 0.00194811691598093 0.999346493670821
1702924947000450 -6.95157282801634 -6.65032531179403 7.18733839633962 0.0126497960714328 0.0338206524740166 0.00192261834217358 0.999346010981328
1702924947000650 -6.97778041785843 -6.67582141915368 7.2150370930952 0.0127275435275312 0.0337801779121697 0.00202447400519668 0.999346191627796
1702924947000810 -6.99842918520875 -6.69590794137642 7.23677009841658 0.0131330559602246 0.0340511640377018 0.00178180984159424 0.999332210139607
1702924947000970 -7.01905949604622 -6.71590963414413 7.25841073534953 0.013284024937721 0.0341000395958905 0.0017774410573898 0.999328555923576
1702924948000130 -7.03976251744333 -6.73583967371385 7.2799795710352 0.0133290824309613 0.0340574806294182 0.00192876465754694 0.999329126685308
1702924948000250 -7.05551441349866 -6.75098517753424 7.2963918211302 0.0133224229299544 0.0340522149504309 0.00196077580069069 0.999329332633894
1702924948000370 -7.07134768972848 -6.76636070870895 7.3131001570616 0.013401862781049 0.0341756664346369 0.00193827454829303 0.999324100074406
1702924948000530 -7.09188026030405 -6.78663901158507 7.33499212991791 0.0133263689165488 0.0342211652952148 0.00201382511440017 0.999323403231279
1702924948000730 -7.11880249217097 -6.81281052736206 7.36350368358405 0.0135163743127172 0.0345287336492753 0.0020412126582153 0.999310215913407
1702924948000890 -7.13987151926448 -6.83343585328762 7.3858543229725 0.0136785137211833 0.0347770871934165 0.00201876984549628 0.999299443128551
1702924949000010 -7.15621340453364 -6.84932340433069 7.40309328976547 0.0134727767277408 0.0346738123099772 0.00223824699126614 0.999305359375973
1702924949000170 -7.17833249550913 -6.8707596681087 7.42648285692464 0.013258810297934 0.0346750049670235 0.00244242511605279 0.999307701631271
1702924949000290 -7.19448697832705 -6.886597582153 7.44367897543676 0.0132552022654843 0.0347592308888438 0.00246256797210807 0.99930477395032
1702924949000450 -7.21675196572863 -6.90845154482362 7.46733954031446 0.0128849348840572 0.0346422387696995 0.00269624709011008 0.999313076066598
1702924949000610 -7.23864539070218 -6.92976242184694 7.49059289216881 0.0127736575302074 0.0346736076097789 0.00291438587768742 0.999312804362868
1702924949000770 -7.26094152414822 -6.95152305165372 7.51429417812471 0.0127572793167651 0.0349051434490157 0.00279935786307987 0.999305281873759
1702924949000890 -7.27736076131315 -6.96764617214277 7.53183411423267 0.0127004886701343 0.0349877544448633 0.00280430035325273 0.999303102429876
1702924950000050 -7.29893600423108 -6.98878606399484 7.55482915276814 0.012482301244051 0.0349461752099305 0.00307812837541993 0.999306500589061
1702924950000250 -7.32544189973991 -7.01484562564024 7.58306815438093 0.0123114631823102 0.0349256235277968 0.00346399600994379 0.999308075333702
1702924950000410 -7.34656526153277 -7.03568038346962 7.60564721994513 0.012103046596217 0.0348631812882673 0.00378085336018965 0.999311653089976
1702924950000530 -7.36236381627139 -7.05123395108966 7.62244828507925 0.0119911287545481 0.0348288029402822 0.00399267524770903 0.999313377205221
1702924950000690 -7.3834086985713 -7.07193283530219 7.64488389356021 0.0117852603970074 0.0347414513366348 0.00431825761750199 0.999317513029542
1702924950000810 -7.39906885744452 -7.08740002001889 7.66163110564191 0.0117024326800554 0.0347212125159298 0.00455313531305486 0.999318147253223
1702924950000930 -7.41451195599562 -7.10263426332439 7.67811891034595 0.0117697654024067 0.0348314330136693 0.00462101523093864 0.999313209216621
1702924951000090 -7.43541923627471 -7.12331878377063 7.70058839077887 0.0116111855263654 0.0347936822104392 0.00483606588055289 0.999315361893186
1702924951000250 -7.45602366856321 -7.14371963380064 7.72268722834477 0.0116127524229729 0.034859653191728 0.00506806561574499 0.999311894891395
1702924951000410 -7.47677150676375 -7.16417081877049 7.74487587981967 0.0116403897030668 0.0349065940542959 0.00520218631086114 0.999309245567495
1702924951000530 -7.4922066921257 -7.17942658593874 7.76139812112807 0.011634176054001 0.0349200777453457 0.00532405320618503 0.999308204997468
1702924951000810 -7.52799789923497 -7.21479015971992 7.79957057249262 0.0118573758429231 0.0351504983995722 0.00540912298825804 0.999297046172398
1702924951000970 -7.54859757338406 -7.23516560969244 7.82164228503688 0.0118972756791759 0.035252262215975 0.00547748641467231 0.999292614794409
1702924952000210 -7.57911103459062 -7.26528866709588 7.85428225371144 0.0125610474128151 0.0358893959720727 0.00504462342821963 0.999264090778369
1702924952000410 -7.6040701390344 -7.29017234159905 7.88108000106745 0.0130927958589348 0.0363028543963213 0.00488341284157878 0.999243130443384
1702924952000650 -7.63470782743771 -7.32052510548681 7.91385865105486 0.0132057783946135 0.036458322264199 0.00499682894328658 0.999235422638321
1702924952000890 -7.66518937411379 -7.35073137290846 7.9464686302296 0.01336603739954 0.0366554783764593 0.00512996437960432 0.999225404208025
1702924953000130 -7.69538647104212 -7.38065319638144 7.97880523723244 0.0134791293500897 0.0367809113790703 0.0052368261393621 0.999218721442945
1702924953000330 -7.72028335138925 -7.40545531190048 8.00550772656705 0.0134882232958835 0.0367591668219083 0.00553689974920169 0.999217781180883
1702924953000490 -7.74072610965923 -7.42561915109708 8.02740309787834 0.0134758327745855 0.0368993220185687 0.00541194605352477 0.999213467085745
1702924953000650 -7.76090714633556 -7.44565619234407 8.0491471495764 0.0135416821292548 0.0371267167244675 0.00511702315276368 0.999205707461895
1702924953000810 -7.78039223676315 -7.46510626479789 8.07010253779924 0.0133310723626165 0.0369857536011044 0.00541771928595027 0.999212182100458
1702924954000210 -7.82787552981473 -7.51227294783697 8.12125524274466 0.0130742244060371 0.0370098286040901 0.00562282491436701 0.999213551290643
1702924954000610 -7.87195233510178 -7.55583941299203 8.16853508866202 0.0126284514703271 0.0368108778558651 0.00571088534269566 0.999226134202636
1702924954000810 -7.89217900501769 -7.57579089275405 8.19024268608859 0.0128426600742538 0.0371169667600713 0.0052621375466445 0.999214544914749
1702924955000050 -7.91448460784998 -7.59765466312507 8.21402650535547 0.0125347673883945 0.0368588955352908 0.00543651557913776 0.999227074155217
1702924955000770 -7.96481628030352 -7.64721279572349 8.26762089908935 0.0124112107629396 0.0365929873023009 0.00570560439298142 0.999236889434233
