0001 1703155430000782602
0002 1703155430000822631
0003 1703155430000862710
0004 1703155430000902648
0005 1703155430000942654
0006 1703155430000982659
0007 1703155431000022629
0008 1703155431000062639
0009 1703155431000102720
0010 1703155431000142732
0011 1703155431000182725
0012 1703155431000222694
0013 1703155431000262745
0014 1703155431000302744
0015 1703155431000342709
0016 1703155431000382749
0017 1703155431000422724
0018 1703155431000462779
0019 1703155431000502748
0020 1703155431000542754
0021 1703155431000582717
0022 1703155431000622756
0023 1703155431000662775
0024 1703155431000702722
0025 1703155431000742756
0026 1703155431000782808
0027 1703155431000822779
0028 1703155431000862832
0029 1703155431000902765
0030 1703155431000942781
0031 1703155431000982798
0032 1703155432000022810
0033 1703155432000062803
0034 1703155432000102814
0035 1703155432000142868
0036 1703155432000182839
0037 1703155432000222872
0038 1703155432000262840
0039 1703155432000302891
0040 1703155432000342844
0041 1703155432000382819
0042 1703155432000422827
0043 1703155432000462838
0044 1703155432000502875
0045 1703155432000542918
0046 1703155432000582831
0047 1703155432000622898
0048 1703155432000662879
0049 1703155432000702957
0050 1703155432000742873
0051 1703155432000782892
0052 1703155432000822893
0053 1703155432000862939
0054 1703155432000902961
0055 1703155432000942973
0056 1703155432000982904
0057 1703155433000022871
0058 1703155433000062948
0059 1703155433000102942
0060 1703155433000142881
0061 1703155433000182959
0062 1703155433000222979
0063 1703155433000262909
0064 1703155433000302965
0065 1703155433000343008
0066 1703155433000382991
0067 1703155433000422960
0068 1703155433000463002
0069 1703155433000503044
0070 1703155433000542986
0071 1703155433000582953
0072 1703155433000622981
0073 1703155433000662948
0074 1703155433000702982
0075 1703155433000742987
0076 1703155433000783003
0077 1703155433000823039
0078 1703155433000862975
0079 1703155433000902970
0080 1703155433000943031
0081 1703155433000983018
0082 1703155434000023031
0083 1703155434000063024
0084 1703155434000103006
0085 1703155434000143073
0086 1703155434000183133
0087 1703155434000223104
0088 1703155434000263031
0089 1703155434000303079
0090 1703155434000343055
0091 1703155434000383127
0092 1703155434000423112
0093 1703155434000463126
0094 1703155434000503129
0095 1703155434000543143
0096 1703155434000583075
0097 1703155434000623162
0098 1703155434000663155
0099 1703155434000703171
0100 1703155434000743095
0101 1703155434000783160
0102 1703155434000823179
0103 1703155434000863176
0104 1703155434000903183
0105 1703155434000943153
0106 1703155434000983184
0107 1703155435000023117
0108 1703155435000063206
0109 1703155435000103211
0110 1703155435000143135
0111 1703155435000183161
0112 1703155435000223253
0113 1703155435000263177
0114 1703155435000303239
0115 1703155435000343263
0116 1703155435000383220
0117 1703155435000423235
0118 1703155435000463192
0119 1703155435000503254
0120 1703155435000543215
0121 1703155435000583236
0122 1703155435000623293
0123 1703155435000663220
0124 1703155435000703280
0125 1703155435000743236
0126 1703155435000783254
0127 1703155435000823297
0128 1703155435000863294
0129 1703155435000903242
0130 1703155435000943241
0131 1703155435000983241
0132 1703155436000023314
0133 1703155436000063284
0134 1703155436000103340
0135 1703155436000143282
0136 1703155436000183288
0137 1703155436000223317
0138 1703155436000263289
0139 1703155436000303355
0140 1703155436000343356
0141 1703155436000383304
0142 1703155436000423350
0143 1703155436000463290
0144 1703155436000503409
0145 1703155436000543404
0146 1703155436000583326
0147 1703155436000623302
0148 1703155436000663300
0149 1703155436000703389
0150 1703155436000743380
0151 1703155436000783434
0152 1703155436000823416
0153 1703155436000863364
0154 1703155436000903370
0155 1703155436000943441
0156 1703155436000983414
0157 1703155437000023470
0158 1703155437000063388
0159 1703155437000103432
0160 1703155437000143413
0161 1703155437000183382
0162 1703155437000223407
0163 1703155437000263496
0164 1703155437000303429
0165 1703155437000343483
0166 1703155437000383442
0167 1703155437000423448
0168 1703155437000463473
0169 1703155437000503406
0170 1703155437000543423
0171 1703155437000583444
0172 1703155437000623483
0173 1703155437000663432
0174 1703155437000703467
0175 1703155437000743498
0176 1703155437000783558
0177 1703155437000823500
0178 1703155437000863521
0179 1703155437000903483
0180 1703155437000943521
0181 1703155437000983526
0182 1703155438000023499
0183 1703155438000063565
0184 1703155438000103505
0185 1703155438000143597
0186 1703155438000183585
0187 1703155438000223571
0188 1703155438000263527
0189 1703155438000303530
0190 1703155438000343633
0191 1703155438000383561
0192 1703155438000423550
0193 1703155438000463656
0194 1703155438000503580
0195 1703155438000543572
0196 1703155438000583568
0197 1703155438000623564
0198 1703155438000663621
0199 1703155438000703603
0200 1703155438000743680
0201 1703155438000783677
0202 1703155438000823637
0203 1703155438000863653
0204 1703155438000903657
0205 1703155438000943708
0206 1703155438000983641
0207 1703155439000023632
0208 1703155439000063681
0209 1703155439000103630
0210 1703155439000143689
0211 1703155439000183683
0212 1703155439000223688
0213 1703155439000263653
0214 1703155439000303752
0215 1703155439000343731
0216 1703155439000383678
0217 1703155439000423754
0218 1703155439000463761
0219 1703155439000503704
0220 1703155439000543761
0221 1703155439000583680
0222 1703155439000623777
0223 1703155439000663739
0224 1703155439000703761
0225 1703155439000743712
0226 1703155439000783745
0227 1703155439000823797
0228 1703155439000863762
0229 1703155439000903746
0230 1703155439000943732
0231 1703155439000983751
0232 1703155440000023771
0233 1703155440000063789
0234 1703155440000103739
0235 1703155440000143853
0236 1703155440000183786
0237 1703155440000223829
0238 1703155440000263789
0239 1703155440000303831
0240 1703155440000343888
0241 1703155440000383882
0242 1703155440000423806
0243 1703155440000463826
0244 1703155440000503906
0245 1703155440000543802
0246 1703155440000583830
0247 1703155440000623827
0248 1703155440000663910
0249 1703155440000703902
0250 1703155440000743933
0251 1703155440000783936
0252 1703155440000823911
0253 1703155440000863896
0254 1703155440000903906
0255 1703155440000943958
0256 1703155440000983956
0257 1703155441000023922
0258 1703155441000063925
0259 1703155441000103899
0260 1703155441000143973
0261 1703155441000183985
0262 1703155441000223936
0263 1703155441000263968
0264 1703155441000303900
0265 1703155441000343935
0266 1703155441000383985
0267 1703155441000423945
0268 1703155441000463922
0269 1703155441000503953
0270 1703155441000543972
0271 1703155441000584006
0272 1703155441000623953
0273 1703155441000663975
0274 1703155441000704031
0275 1703155441000743955
0276 1703155441000783978
0277 1703155441000824049
0278 1703155441000863956
0279 1703155441000904060
0280 1703155441000944021
0281 1703155441000984042
0282 1703155442000024051
0283 1703155442000064054
0284 1703155442000104036
0285 1703155442000144005
0286 1703155442000184022
0287 1703155442000224080
0288 1703155442000264037
0289 1703155442000304015
0290 1703155442000344029
0291 1703155442000384041
0292 1703155442000424066
0293 1703155442000464053
0294 1703155442000504083
0295 1703155442000544077
0296 1703155442000584116
0297 1703155442000624127
0298 1703155442000664142
0299 1703155442000704165
0300 1703155442000744103
0301 1703155442000784174
0302 1703155442000824083
0303 1703155442000864175
0304 1703155442000904158
0305 1703155442000944129
0306 1703155442000984086
0307 1703155443000024152
0308 1703155443000064163
0309 1703155443000104214
0310 1703155443000144157
0311 1703155443000184193
0312 1703155443000224214
0313 1703155443000264186
0314 1703155443000304149
0315 1703155443000344154
0316 1703155443000384174
0317 1703155443000424231
0318 1703155443000464183
0319 1703155443000504258
0320 1703155443000544192
0321 1703155443000584182
0322 1703155443000624210
0323 1703155443000664254
0324 1703155443000704266
0325 1703155443000744282
0326 1703155443000784219
0327 1703155443000824187
0328 1703155443000864253
0329 1703155443000904295
0330 1703155443000944282
0331 1703155443000984260
0332 1703155444000024271
0333 1703155444000064285
0334 1703155444000104272
0335 1703155444000144312
0336 1703155444000184284
0337 1703155444000224256
0338 1703155444000264254
0339 1703155444000304294
0340 1703155444000344250
0341 1703155444000384347
0342 1703155444000424351
0343 1703155444000464310
0344 1703155444000504322
0345 1703155444000544291
0346 1703155444000584298
0347 1703155444000624278
0348 1703155444000664329
0349 1703155444000704289
0350 1703155444000744353
0351 1703155444000784318
0352 1703155444000824342
0353 1703155444000864298
0354 1703155444000904323
0355 1703155444000944411
0356 1703155444000984631
0357 1703155445000024328
0358 1703155445000064351
0359 1703155445000104412
0360 1703155445000144386
0361 1703155445000184398
0362 1703155445000224436
0363 1703155445000264383
0364 1703155445000304359
0365 1703155445000344448
0366 1703155445000384444
0367 1703155445000424461
0368 1703155445000464406
0369 1703155445000504408
0370 1703155445000544430
0371 1703155445000584392
0372 1703155445000624467
0373 1703155445000664530
0374 1703155445000704406
0375 1703155445000744462
0376 1703155445000784444
0377 1703155445000824499
0378 1703155445000864545
0379 1703155445000904452
0380 1703155445000944475
0381 1703155445000984438
0382 1703155446000024474
0383 1703155446000064758
0384 1703155446000104542
0385 1703155446000144520
0386 1703155446000184574
0387 1703155446000224494
0388 1703155446000264534
0389 1703155446000304547
0390 1703155446000344527
0391 1703155446000384581
0392 1703155446000424500
0393 1703155446000464528
0394 1703155446000504579
0395 1703155446000544573
0396 1703155446000584556
0397 1703155446000624628
0398 1703155446000664564
0399 1703155446000704569
0400 1703155446000744543
0401 1703155446000784571
0402 1703155446000824624
0403 1703155446000864645
0404 1703155446000904579
0405 1703155446000944641
0406 1703155446000984604
0407 1703155447000024672
0408 1703155447000064641
0409 1703155447000104590
0410 1703155447000144684
0411 1703155447000184651
0412 1703155447000224605
0413 1703155447000264603
0414 1703155447000304643
0415 1703155447000344719
0416 1703155447000384668
0417 1703155447000424724
0418 1703155447000464678
0419 1703155447000504733
0420 1703155447000544654
0421 1703155447000584741
0422 1703155447000624644
0423 1703155447000664646
0424 1703155447000704666
0425 1703155447000744671
0426 1703155447000784718
0427 1703155447000824773
0428 1703155447000864735
0429 1703155447000904716
0430 1703155447000944740
0431 1703155447000984787
0432 1703155448000024746
0433 1703155448000064795
0434 1703155448000104746
0435 1703155448000144825
0436 1703155448000184798
0437 1703155448000224763
0438 1703155448000264773
0439 1703155448000304792
0440 1703155448000344752
0441 1703155448000384810
0442 1703155448000424764
0443 1703155448000464857
0444 1703155448000504823
0445 1703155448000544782
0446 1703155448000584837
0447 1703155448000624797
0448 1703155448000664808
0449 1703155448000704781
0450 1703155448000744841
0451 1703155448000784836
0452 1703155448000824817
0453 1703155448000864898
0454 1703155448000904815
0455 1703155448000944840
0456 1703155448000985111
0457 1703155449000024869
0458 1703155449000064915
0459 1703155449000104928
0460 1703155449000144879
0461 1703155449000184928
0462 1703155449000224931
0463 1703155449000264867
0464 1703155449000304869
0465 1703155449000344854
0466 1703155449000384880
0467 1703155449000424939
0468 1703155449000464949
0469 1703155449000504882
0470 1703155449000544981
0471 1703155449000584966
0472 1703155449000624953
0473 1703155449000664927
0474 1703155449000704935
0475 1703155449000744980
0476 1703155449000784959
0477 1703155449000824914
0478 1703155449000864961
0479 1703155449000904924
0480 1703155449000945017
0481 1703155449000984972
0482 1703155450000025005
0483 1703155450000065005
0484 1703155450000104992
0485 1703155450000145022
0486 1703155450000184956
0487 1703155450000224963
0488 1703155450000264962
0489 1703155450000305073
0490 1703155450000344968
0491 1703155450000385018
0492 1703155450000424977
0493 1703155450000465073
0494 1703155450000504989
0495 1703155450000545062
0496 1703155450000585057
0497 1703155450000625106
0498 1703155450000665020
0499 1703155450000705044
0500 1703155450000745100
0501 1703155450000785019
0502 1703155450000825101
0503 1703155450000865116
0504 1703155450000905348
0505 1703155450000945099
0506 1703155450000985119
0507 1703155451000025114
0508 1703155451000065054
0509 1703155451000105178
0510 1703155451000145177
0511 1703155451000185064
0512 1703155451000225117
0513 1703155451000265100
0514 1703155451000305106
0515 1703155451000345214
0516 1703155451000385099
0517 1703155451000425118
0518 1703155451000465128
0519 1703155451000505253
0520 1703155451000545141
0521 1703155451000585185
0522 1703155451000625228
0523 1703155451000665221
0524 1703155451000705246
0525 1703155451000745158
0526 1703155451000785195
0527 1703155451000825211
0528 1703155451000865181
0529 1703155451000905174
0530 1703155451000945215
0531 1703155451000985252
0532 1703155452000025188
0533 1703155452000065274
0534 1703155452000105243
0535 1703155452000145222
0536 1703155452000185187
0537 1703155452000225283
0538 1703155452000265195
0539 1703155452000305322
0540 1703155452000345251
0541 1703155452000385214
0542 1703155452000425298
0543 1703155452000465313
0544 1703155452000505222
0545 1703155452000545281
0546 1703155452000585260
0547 1703155452000625339
0548 1703155452000665328
0549 1703155452000705292
0550 1703155452000745307
0551 1703155452000785371
0552 1703155452000825298
0553 1703155452000865392
0554 1703155452000905388
0555 1703155452000945286
0556 1703155452000985297
0557 1703155453000025377
0558 1703155453000065336
0559 1703155453000105397
0560 1703155453000145336
0561 1703155453000185325
0562 1703155453000225326
0563 1703155453000265334
0564 1703155453000305445
0565 1703155453000345353
0566 1703155453000385421
0567 1703155453000425339
0568 1703155453000465341
0569 1703155453000505389
0570 1703155453000545409
0571 1703155453000585426
0572 1703155453000625398
0573 1703155453000665443
0574 1703155453000705392
0575 1703155453000745394
0576 1703155453000785435
0577 1703155453000825384
0578 1703155453000865429
0579 1703155453000905437
0580 1703155453000945497
0581 1703155453000985432
0582 1703155454000025424
0583 1703155454000065519
0584 1703155454000105430
0585 1703155454000145502
0586 1703155454000185453
0587 1703155454000225482
0588 1703155454000265522
0589 1703155454000305486
0590 1703155454000345524
0591 1703155454000385582
0592 1703155454000425508
0593 1703155454000465579
0594 1703155454000505486
0595 1703155454000545565
0596 1703155454000585515
0597 1703155454000625590
0598 1703155454000665562
0599 1703155454000705501
0600 1703155454000745508
0601 1703155454000785523
0602 1703155454000825592
0603 1703155454000865574
0604 1703155454000905612
0605 1703155454000945528
0606 1703155454000985567
0607 1703155455000025628
0608 1703155455000065556
0609 1703155455000105638
0610 1703155455000145616
0611 1703155455000185657
0612 1703155455000225560
0613 1703155455000265552
0614 1703155455000305632
0615 1703155455000345682
0616 1703155455000385578
0617 1703155455000425636
0618 1703155455000465671
0619 1703155455000505689
0620 1703155455000545648
0621 1703155455000585666
0622 1703155455000625665
0623 1703155455000665635
0624 1703155455000705657
0625 1703155455000745615
0626 1703155455000785715
0627 1703155455000825732
0628 1703155455000865662
0629 1703155455000905719
0630 1703155455000945639
0631 1703155455000985651
0632 1703155456000025672
0633 1703155456000065762
0634 1703155456000105775
0635 1703155456000145693
0636 1703155456000185794
0637 1703155456000225707
0638 1703155456000265688
0639 1703155456000305771
0640 1703155456000345696
0641 1703155456000385791
0642 1703155456000425753
0643 1703155456000465840
0644 1703155456000505800
0645 1703155456000545825
0646 1703155456000585826
0647 1703155456000625791
0648 1703155456000665733
0649 1703155456000705813
0650 1703155456000745765
0651 1703155456000785830
0652 1703155456000825775
0653 1703155456000865775
0654 1703155456000905791
0655 1703155456000945874
0656 1703155456000985878
0657 1703155457000025886
0658 1703155457000065833
0659 1703155457000105837
0660 1703155457000145810
0661 1703155457000185800
0662 1703155457000225823
0663 1703155457000265906
0664 1703155457000305825
0665 1703155457000345922
0666 1703155457000385839
0667 1703155457000425821
0668 1703155457000465877
0669 1703155457000505910
0670 1703155457000545861
0671 1703155457000585934
0672 1703155457000625846
0673 1703155457000665889
0674 1703155457000705967
0675 1703155457000745959
0676 1703155457000785963
0677 1703155457000825941
0678 1703155457000865908
0679 1703155457000905966
0680 1703155457000945928
0681 1703155457000985988
0682 1703155458000025983
0683 1703155458000065933
0684 1703155458000105947
0685 1703155458000145992
0686 1703155458000186037
0687 1703155458000225988
0688 1703155458000265957
0689 1703155458000305983
0690 1703155458000346003
0691 1703155458000386002
0692 1703155458000425972
0693 1703155458000465972
0694 1703155458000506004
0695 1703155458000546044
0696 1703155458000586048
0697 1703155458000625986
0698 1703155458000666048
0699 1703155458000706003
0700 1703155458000746083
0701 1703155458000786141
0702 1703155458000826054
0703 1703155458000866121
0704 1703155458000906070
0705 1703155458000946128
0706 1703155458000986114
0707 1703155459000026065
0708 1703155459000066119
0709 1703155459000106122
0710 1703155459000146155
0711 1703155459000186080
0712 1703155459000226094
0713 1703155459000266085
0714 1703155459000306082
0715 1703155459000346145
0716 1703155459000386195
0717 1703155459000426213
0718 1703155459000466180
0719 1703155459000506147
0720 1703155459000546207
0721 1703155459000586135
0722 1703155459000626129
0723 1703155459000666120
0724 1703155459000706150
0725 1703155459000746183
0726 1703155459000786153
0727 1703155459000826183
0728 1703155459000866155
0729 1703155459000906259
0730 1703155459000946173
0731 1703155459000986244
0732 1703155460000026150
0733 1703155460000066250
0734 1703155460000106260
0735 1703155460000146224
0736 1703155460000186208
0737 1703155460000226173
0738 1703155460000266290
0739 1703155460000306250
0740 1703155460000346283
0741 1703155460000386219
0742 1703155460000426205
0743 1703155460000466269
0744 1703155460000506311
0745 1703155460000546308
0746 1703155460000586288
0747 1703155460000626297
0748 1703155460000666273
0749 1703155460000706255
0750 1703155460000746255
0751 1703155460000786255
0752 1703155460000826275
0753 1703155460000866280
0754 1703155460000906325
0755 1703155460000946285
0756 1703155460000986350
0757 1703155461000026352
0758 1703155461000066276
0759 1703155461000106392
0760 1703155461000146315
0761 1703155461000186356
0762 1703155461000226412
0763 1703155461000266337
0764 1703155461000306355
0765 1703155461000346331
0766 1703155461000386423
0767 1703155461000426356
0768 1703155461000466378
0769 1703155461000506430
0770 1703155461000546376
0771 1703155461000586463
0772 1703155461000626387
0773 1703155461000666360
0774 1703155461000706457
0775 1703155461000746470
0776 1703155461000786368
0777 1703155461000826388
0778 1703155461000866477
0779 1703155461000906450
0780 1703155461000946499
0781 1703155461000986457
0782 1703155462000026470
0783 1703155462000066492
0784 1703155462000106443
0785 1703155462000146421
0786 1703155462000186488
0787 1703155462000226500
0788 1703155462000266431
0789 1703155462000306521
0790 1703155462000346467
0791 1703155462000386503
0792 1703155462000426509
0793 1703155462000466531
0794 1703155462000506548
0795 1703155462000546495
0796 1703155462000586499
0797 1703155462000626591
0798 1703155462000666485
0799 1703155462000706498
0800 1703155462000746520
0801 1703155462000786522
0802 1703155462000826556
0803 1703155462000866572
0804 1703155462000906518
0805 1703155462000946607
0806 1703155462000986550
0807 1703155463000026575
0808 1703155463000066635
0809 1703155463000106609
0810 1703155463000146608
0811 1703155463000186586
0812 1703155463000226625
0813 1703155463000266609
0814 1703155463000306607
0815 1703155463000346591
0816 1703155463000386617
0817 1703155463000426579
0818 1703155463000466592
0819 1703155463000506651
0820 1703155463000546572
0821 1703155463000586645
0822 1703155463000626684
0823 1703155463000666633
0824 1703155463000706689
0825 1703155463000746627
0826 1703155463000786701
0827 1703155463000826698
0828 1703155463000866641
0829 1703155463000906685
0830 1703155463000946667
0831 1703155463000986746
0832 1703155464000026673
0833 1703155464000066668
0834 1703155464000106677
0835 1703155464000146738
0836 1703155464000186667
0837 1703155464000226675
0838 1703155464000266685
0839 1703155464000306668
0840 1703155464000346762
0841 1703155464000386771
0842 1703155464000426783
0843 1703155464000466714
0844 1703155464000506719
0845 1703155464000546726
0846 1703155464000586741
0847 1703155464000626808
0848 1703155464000666726
0849 1703155464000706729
0850 1703155464000746853
0851 1703155464000786747
0852 1703155464000826752
0853 1703155464000866770
0854 1703155464000906823
0855 1703155464000946763
0856 1703155464000986765
0857 1703155465000026750
0858 1703155465000066878
0859 1703155465000106792
0860 1703155465000146779
0861 1703155465000186847
0862 1703155465000226831
0863 1703155465000266869
0864 1703155465000306791
0865 1703155465000346846
0866 1703155465000386901
0867 1703155465000426810
0868 1703155465000466901
0869 1703155465000506918
0870 1703155465000546858
0871 1703155465000586831
0872 1703155465000626852
0873 1703155465000666892
0874 1703155465000706920
0875 1703155465000746920
0876 1703155465000786852
0877 1703155465000826860
0878 1703155465000866875
0879 1703155465000906951
0880 1703155465000946860
0881 1703155465000986876
0882 1703155466000026879
0883 1703155466000066929
0884 1703155466000106994
0885 1703155466000146984
0886 1703155466000186940
0887 1703155466000226988
0888 1703155466000266931
0889 1703155466000306918
0890 1703155466000346942
0891 1703155466000387022
0892 1703155466000426977
0893 1703155466000467014
0894 1703155466000507025
0895 1703155466000546927
0896 1703155466000586992
0897 1703155466000627050
0898 1703155466000667007
0899 1703155466000707009
0900 1703155466000747072
0901 1703155466000786969
0902 1703155466000827011
0903 1703155466000866995
0904 1703155466000907035
0905 1703155466000947084
0906 1703155466000987016
0907 1703155467000027005
0908 1703155467000067114
0909 1703155467000107122
0910 1703155467000147068
0911 1703155467000187106
0912 1703155467000227046
0913 1703155467000267017
0914 1703155467000307057
0915 1703155467000347034
0916 1703155467000387070
0917 1703155467000427044
0918 1703155467000467147
0919 1703155467000507074
0920 1703155467000547160
0921 1703155467000587113
0922 1703155467000627074
0923 1703155467000667118
0924 1703155467000707100
0925 1703155467000747100
0926 1703155467000787087
0927 1703155467000827124
0928 1703155467000867187
0929 1703155467000907183
0930 1703155467000947190
0931 1703155467000987167
0932 1703155468000027150
0933 1703155468000067165
0934 1703155468000107194
0935 1703155468000147215
0936 1703155468000187168
0937 1703155468000227162
0938 1703155468000267213
0939 1703155468000307182
0940 1703155468000347185
0941 1703155468000387233
0942 1703155468000427209
0943 1703155468000467262
0944 1703155468000507267
0945 1703155468000547251
0946 1703155468000587261
0947 1703155468000627198
0948 1703155468000667241
0949 1703155468000707251
0950 1703155468000747283
0951 1703155468000787308
0952 1703155468000827226
0953 1703155468000867261
0954 1703155468000907277
0955 1703155468000947320
0956 1703155468000987258
0957 1703155469000027323
0958 1703155469000067329
0959 1703155469000107241
0960 1703155469000147329
0961 1703155469000187329
0962 1703155469000227261
0963 1703155469000267565
0964 1703155469000307340
0965 1703155469000347310
0966 1703155469000387330
0967 1703155469000427396
0968 1703155469000467334
0969 1703155469000507302
0970 1703155469000547359
0971 1703155469000587346
0972 1703155469000627312
0973 1703155469000667326
0974 1703155469000707375
0975 1703155469000747349
0976 1703155469000787328
0977 1703155469000827371
0978 1703155469000867359
0979 1703155469000907430
0980 1703155469000947390
0981 1703155469000987377
0982 1703155470000027455
0983 1703155470000067446
0984 1703155470000107436
0985 1703155470000147427
0986 1703155470000187454
0987 1703155470000227411
0988 1703155470000267471
0989 1703155470000307418
0990 1703155470000347468
0991 1703155470000387443
0992 1703155470000427447
0993 1703155470000467404
0994 1703155470000507452
0995 1703155470000547419
0996 1703155470000587499
0997 1703155470000627515
0998 1703155470000667476
0999 1703155470000707495
1000 1703155470000747504
1001 1703155470000787483
1002 1703155470000827557
1003 1703155470000867503
1004 1703155470000907550
1005 1703155470000947572
1006 1703155470000987581
1007 1703155471000027505
1008 1703155471000067558
1009 1703155471000107571
1010 1703155471000147509
1011 1703155471000187543
1012 1703155471000227583
1013 1703155471000267534
1014 1703155471000307542
1015 1703155471000347572
1016 1703155471000387596
1017 1703155471000427575
1018 1703155471000467626
1019 1703155471000507656
1020 1703155471000547568
1021 1703155471000587658
1022 1703155471000627583
1023 1703155471000667650
1024 1703155471000707652
1025 1703155471000747650
1026 1703155471000787607
1027 1703155471000827559
1028 1703155471000867606
1029 1703155471000907590
1030 1703155471000947651
1031 1703155471000987667
1032 1703155472000027616
1033 1703155472000067593
1034 1703155472000107678
1035 1703155472000147661
1036 1703155472000187666
1037 1703155472000227642
1038 1703155472000267726
1039 1703155472000307700
1040 1703155472000347630
1041 1703155472000387704
1042 1703155472000427671
1043 1703155472000467741
1044 1703155472000507689
1045 1703155472000547673
1046 1703155472000587688
1047 1703155472000627720
1048 1703155472000667783
1049 1703155472000707676
1050 1703155472000747730
1051 1703155472000787692
1052 1703155472000827758
1053 1703155472000867744
1054 1703155472000907790
1055 1703155472000947747
1056 1703155472000987763
1057 1703155473000027772
1058 1703155473000067823
1059 1703155473000107819
1060 1703155473000147764
1061 1703155473000187753
1062 1703155473000227850
1063 1703155473000267828
1064 1703155473000307853
1065 1703155473000347834
1066 1703155473000387793
1067 1703155473000427867
1068 1703155473000467830
1069 1703155473000507789
1070 1703155473000547854
1071 1703155473000587867
1072 1703155473000627781
1073 1703155473000667820
1074 1703155473000707892
1075 1703155473000747872
1076 1703155473000787867
1077 1703155473000827819
1078 1703155473000867881
1079 1703155473000907897
1080 1703155473000947900
1081 1703155473000987897
1082 1703155474000027911
1083 1703155474000067863
1084 1703155474000107950
1085 1703155474000147879
1086 1703155474000187858
1087 1703155474000227905
1088 1703155474000267872
1089 1703155474000307903
1090 1703155474000347864
1091 1703155474000387894
1092 1703155474000427961
1093 1703155474000467896
1094 1703155474000507941
1095 1703155474000547907
1096 1703155474000588008
1097 1703155474000627957
1098 1703155474000667992
1099 1703155474000708006
1100 1703155474000748027
1101 1703155474000788026
1102 1703155474000828034
1103 1703155474000868067
1104 1703155474000908042
1105 1703155474000948025
1106 1703155474000988009
1107 1703155475000027949
1108 1703155475000067959
1109 1703155475000108059
1110 1703155475000147963
1111 1703155475000188052
1112 1703155475000228083
1113 1703155475000268068
1114 1703155475000308078
1115 1703155475000348025
1116 1703155475000388051
1117 1703155475000428014
1118 1703155475000468027
1119 1703155475000508118
1120 1703155475000548012
1121 1703155475000588041
1122 1703155475000628106
1123 1703155475000668120
1124 1703155475000708065
1125 1703155475000748150
1126 1703155475000788070
1127 1703155475000828170
1128 1703155475000868164
1129 1703155475000908109
1130 1703155475000948155
1131 1703155475000988086
1132 1703155476000028072
1133 1703155476000068080
1134 1703155476000108133
1135 1703155476000148086
1136 1703155476000188138
1137 1703155476000228198
1138 1703155476000268132
1139 1703155476000308207
1140 1703155476000348198
1141 1703155476000388165
1142 1703155476000428125
1143 1703155476000468210
1144 1703155476000508189
1145 1703155476000548146
1146 1703155476000588231
1147 1703155476000628202
1148 1703155476000668162
1149 1703155476000708198
1150 1703155476000748152
1151 1703155476000788161
1152 1703155476000828246
1153 1703155476000868233
1154 1703155476000908251
1155 1703155476000948299
1156 1703155476000988300
1157 1703155477000028251
1158 1703155477000068238
1159 1703155477000108206
1160 1703155477000148316
1161 1703155477000188285
1162 1703155477000228248
1163 1703155477000268266
1164 1703155477000308339
1165 1703155477000348309
1166 1703155477000388312
1167 1703155477000428283
1168 1703155477000468270
1169 1703155477000508346
1170 1703155477000548303
1171 1703155477000588298
1172 1703155477000628338
1173 1703155477000668324
1174 1703155477000708306
1175 1703155477000748357
1176 1703155477000788349
1177 1703155477000828328
1178 1703155477000868334
1179 1703155477000908426
1180 1703155477000948390
1181 1703155477000988418
1182 1703155478000028328
1183 1703155478000068356
1184 1703155478000108450
1185 1703155478000148390
1186 1703155478000188387
1187 1703155478000228398
1188 1703155478000268467
1189 1703155478000308455
1190 1703155478000348444
1191 1703155478000388452
1192 1703155478000428463
1193 1703155478000468474
1194 1703155478000508431
1195 1703155478000548430
1196 1703155478000588518
1197 1703155478000628499
1198 1703155478000668486
1199 1703155478000708503
1200 1703155478000748490
1201 1703155478000788546
1202 1703155478000828504
1203 1703155478000868456
1204 1703155478000908449
1205 1703155478000948523
1206 1703155478000988477
1207 1703155479000028494
1208 1703155479000068566
1209 1703155479000108536
1210 1703155479000148601
1211 1703155479000188502
1212 1703155479000228484
1213 1703155479000268503
1214 1703155479000308553
1215 1703155479000348602
1216 1703155479000388572
1217 1703155479000428562
1218 1703155479000468506
1219 1703155479000508620
1220 1703155479000548605
1221 1703155479000588547
1222 1703155479000628620
1223 1703155479000668565
1224 1703155479000708553
1225 1703155479000748546
1226 1703155479000788582
1227 1703155479000828593
1228 1703155479000868594
1229 1703155479000908654
1230 1703155479000948669
1231 1703155479000988656
1232 1703155480000028707
1233 1703155480000068581
1234 1703155480000108661
1235 1703155480000148577
1236 1703155480000188592
1237 1703155480000228610
1238 1703155480000268643
1239 1703155480000308706
1240 1703155480000348691
1241 1703155480000388692
1242 1703155480000428648
1243 1703155480000468669
1244 1703155480000508681
1245 1703155480000548642
1246 1703155480000588681
1247 1703155480000628629
1248 1703155480000668671
1249 1703155480000708697
1250 1703155480000748663
1251 1703155480000788686
1252 1703155480000828794
1253 1703155480000868749
1254 1703155480000908733
1255 1703155480000948688
1256 1703155480000988811
1257 1703155481000028693
1258 1703155481000068789
1259 1703155481000108805
1260 1703155481000148776
1261 1703155481000188828
1262 1703155481000228761
1263 1703155481000268735
1264 1703155481000308776
1265 1703155481000348841
1266 1703155481000388748
1267 1703155481000428836
1268 1703155481000468836
1269 1703155481000508868
1270 1703155481000548762
1271 1703155481000588804
1272 1703155481000628791
1273 1703155481000668773
1274 1703155481000708874
1275 1703155481000748802
1276 1703155481000788887
1277 1703155481000828809
1278 1703155481000868791
1279 1703155481000908903
1280 1703155481000948797
1281 1703155481000988807
1282 1703155482000028901
1283 1703155482000068906
1284 1703155482000108807
1285 1703155482000148922
1286 1703155482000188839
1287 1703155482000228842
1288 1703155482000268954
1289 1703155482000308942
1290 1703155482000348866
1291 1703155482000388887
1292 1703155482000428946
1293 1703155482000468907
1294 1703155482000508964
1295 1703155482000548950
1296 1703155482000588929
1297 1703155482000628983
1298 1703155482000668952
1299 1703155482000708942
1300 1703155482000748900
1301 1703155482000788931
1302 1703155482000828978
1303 1703155482000868906
1304 1703155482000908927
1305 1703155482000948981
1306 1703155482000988964
1307 1703155483000028936
1308 1703155483000069015
1309 1703155483000109008
1310 1703155483000148977
1311 1703155483000188937
1312 1703155483000228948
1313 1703155483000268945
1314 1703155483000309045
1315 1703155483000349036
1316 1703155483000389078
1317 1703155483000429000
1318 1703155483000469008
1319 1703155483000509091
1320 1703155483000548985
1321 1703155483000589053
1322 1703155483000629110
1323 1703155483000669117
1324 1703155483000709080
1325 1703155483000749113
1326 1703155483000789066
1327 1703155483000829135
1328 1703155483000869019
1329 1703155483000909072
1330 1703155483000949122
1331 1703155483000989089
1332 1703155484000029115
1333 1703155484000069057
1334 1703155484000109142
1335 1703155484000149146
1336 1703155484000189066
1337 1703155484000229093
1338 1703155484000269188
1339 1703155484000309104
1340 1703155484000349182
1341 1703155484000389188
1342 1703155484000429166
1343 1703155484000469133
1344 1703155484000509193
1345 1703155484000549123
1346 1703155484000589210
1347 1703155484000629189
1348 1703155484000669146
1349 1703155484000709156
1350 1703155484000749131
1351 1703155484000789189
1352 1703155484000829230
1353 1703155484000869169
1354 1703155484000909187
1355 1703155484000949218
1356 1703155484000989177
1357 1703155485000029215
1358 1703155485000069280
1359 1703155485000109223
1360 1703155485000149197
1361 1703155485000189205
1362 1703155485000229279
1363 1703155485000269202
1364 1703155485000309306
1365 1703155485000349201
1366 1703155485000389320
1367 1703155485000429326
1368 1703155485000469252
1369 1703155485000509336
1370 1703155485000549323
1371 1703155485000589336
1372 1703155485000629274
1373 1703155485000669257
1374 1703155485000709316
1375 1703155485000749339
1376 1703155485000789333
1377 1703155485000829328
1378 1703155485000869375
1379 1703155485000909302
1380 1703155485000949340
1381 1703155485000989282
1382 1703155486000029387
1383 1703155486000069300
1384 1703155486000109342
1385 1703155486000149385
1386 1703155486000189404
1387 1703155486000229376
1388 1703155486000269354
1389 1703155486000309391
1390 1703155486000349323
1391 1703155486000389432
1392 1703155486000429359
1393 1703155486000469462
1394 1703155486000509389
1395 1703155486000549350
1396 1703155486000589372
1397 1703155486000629456
1398 1703155486000669376
1399 1703155486000709464
1400 1703155486000749447
1401 1703155486000789396
1402 1703155486000829444
1403 1703155486000869408
1404 1703155486000909465
1405 1703155486000949432
1406 1703155486000989441
1407 1703155487000029492
1408 1703155487000069445
1409 1703155487000109534
1410 1703155487000149520
1411 1703155487000189494
1412 1703155487000229438
1413 1703155487000269441
1414 1703155487000309480
1415 1703155487000349494
1416 1703155487000389458
1417 1703155487000429486
1418 1703155487000469453
1419 1703155487000509474
1420 1703155487000549486
1421 1703155487000589491
1422 1703155487000629500
1423 1703155487000669557
1424 1703155487000709525
1425 1703155487000749599
1426 1703155487000789495
1427 1703155487000829606
1428 1703155487000869518
1429 1703155487000909551
1430 1703155487000949588
1431 1703155487000989630
1432 1703155488000029576
1433 1703155488000069635
1434 1703155488000109547
1435 1703155488000149608
1436 1703155488000189568
1437 1703155488000229640
1438 1703155488000269559
1439 1703155488000309667
1440 1703155488000349593
1441 1703155488000389585
1442 1703155488000429615
1443 1703155488000469651
1444 1703155488000509655
1445 1703155488000549715
1446 1703155488000589597
1447 1703155488000629669
1448 1703155488000669623
1449 1703155488000709651
1450 1703155488000749731
1451 1703155488000789616
1452 1703155488000829628
1453 1703155488000869686
1454 1703155488000909721
1455 1703155488000949676
1456 1703155488000989690
1457 1703155489000029750
1458 1703155489000069706
1459 1703155489000109713
1460 1703155489000149743
1461 1703155489000189781
1462 1703155489000229781
1463 1703155489000269690
1464 1703155489000309746
1465 1703155489000349696
1466 1703155489000389772
1467 1703155489000429766
1468 1703155489000469697
1469 1703155489000509712
1470 1703155489000549828
1471 1703155489000589709
1472 1703155489000629726
1473 1703155489000669836
1474 1703155489000709764
1475 1703155489000749821
1476 1703155489000789788
1477 1703155489000829792
1478 1703155489000869743
1479 1703155489000909868
1480 1703155489000949849
1481 1703155489000989798
1482 1703155490000029808
1483 1703155490000069772
1484 1703155490000109788
1485 1703155490000149837
1486 1703155490000189868
1487 1703155490000229890
1488 1703155490000269829
1489 1703155490000309842
1490 1703155490000349811
1491 1703155490000389834
1492 1703155490000429814
1493 1703155490000469891
1494 1703155490000509942
1495 1703155490000549914
1496 1703155490000589887
1497 1703155490000629854
1498 1703155490000669857
1499 1703155490000709855
1500 1703155490000749970
