1703155800000500 -1.36823845944483e-05 -2.76848107961387e-05 2.91524794225777e-05 4.66026992620862e-06 1.70875085791099e-05 1.25267604781278e-05 0.99999999976469
1703155800000780 -0.0676883342252987 -0.0595665025949996 0.0638193197465734 0.000313419223416113 0.000278036089509491 -0.000235105743538884 0.9999998845948
1703155801000020 -0.124868165537442 -0.109982899644104 0.11763730876204 0.000326912542082264 0.000206028298261785 -0.000163949890462087 0.999999911900478
1703155801000300 -0.192295959643608 -0.168937095934937 0.180376985149873 -0.000789986699931437 -0.000823666303173585 0.000788472947085492 0.99999903790216
1703155801000580 -0.255841487904319 -0.2238590905848 0.239351617439342 -7.57720798980563e-05 -0.000475791987503813 5.85434125252777e-05 0.999999882226616
1703155801000700 -0.283493225854629 -0.247697735463067 0.265107442969756 0.000199891150378632 -0.000293318175565641 -0.000430843431499334 0.999999844190945
1703155801000900 -0.328216325473158 -0.286218236218112 0.306285076490251 -0.000150984806994911 -0.000785933337269158 -0.000199745898130202 0.999999659806919
1703155802000220 -0.396677132798256 -0.345232734353147 0.369289921553213 0.000140403411369387 -0.000915568146614669 -0.000636088391052335 0.999999368706506
1703155802000500 -0.457536782918083 -0.396828254370347 0.425075036602446 -0.000816526909685145 -0.00189317178520589 -0.000330589039327813 0.999997819945266
1703155802000780 -0.517028232191364 -0.446887654560018 0.479254306803327 -0.000876682797516405 -0.00217889204337294 -0.00100353962892019 0.999996738377155
1703155803000060 -0.573370519595 -0.494613760394674 0.530368140331513 -0.000640128337634099 -0.00237488781295295 -0.00146650685975249 0.999995899742203
1703155803000260 -0.613784234480037 -0.528633950125081 0.566982101140118 -0.000424074020459866 -0.00241870596212615 -0.00204828941972286 0.999994887253503
1703155803000500 -0.663548605791465 -0.570269820819124 0.612150691892036 2.24530615469395e-05 -0.00217317224662601 -0.00320098070940877 0.999992515242361
1703155803000740 -0.713887784924327 -0.612082936420989 0.657332470404875 -0.000214885524845055 -0.00270392375979864 -0.00340769668951494 0.99999051506691
1703155804000020 -0.770668591547763 -0.658997632749758 0.707758675636459 -0.000100259706093393 -0.00306731136785617 -0.00375247081548132 0.999988250186842
1703155804000340 -0.835471642921617 -0.713271749055377 0.765979931543803 0.000198421143228188 -0.0033979190993287 -0.00428068343118352 0.999985045150279
1703155804000620 -0.893322806218632 -0.761447551331697 0.817525897892127 0.000370094587486383 -0.00380407640906643 -0.0045753296250329 0.999982229037843
1703155804000860 -0.943110723791985 -0.803525219501797 0.862410798364763 0.00104617228936242 -0.00377999036817684 -0.00514791638182177 0.999979057857355
1703155805000180 -1.01154158237904 -0.862098566677349 0.924476950703678 0.00165223103858518 -0.00396546494140523 -0.00532733281630315 0.99997658209853
1703155805000380 -1.05637488842383 -0.900311893725829 0.965122337586673 0.0019589763692775 -0.00403003403960172 -0.00544511415975052 0.999975135675388
1703155805000540 -1.09247037178713 -0.931003046452531 0.997790187506462 0.00266128296942297 -0.00359918486675777 -0.0062209447954366 0.999970631212289
1703155805000740 -1.13873904018738 -0.970781013290627 1.04005413199438 0.00291247835623213 -0.00378902258440944 -0.00618917242120423 0.999969426993856
1703155805000980 -1.19817779610671 -1.02049812152603 1.0934421029832 0.00211364659590091 -0.00465744249021488 -0.00573667881185305 0.999970465185711
1703155806000180 -1.24583436072824 -1.06073645294396 1.13605326690298 0.00252729839863573 -0.00460048100258618 -0.00614073072273688 0.99996736934939
1703155806000340 -1.28552395393533 -1.09395598085635 1.17139056855665 0.00235248284882743 -0.00504306181488307 -0.00615131758597296 0.999965596730174
1703155806000460 -1.31532618783732 -1.11879302909164 1.19800584647301 0.00186645594391295 -0.00565192945102839 -0.00569869634000905 0.999966047871484
1703155806000580 -1.3450218985548 -1.1436584535946 1.22464844538732 0.00162571415713986 -0.00595014975570817 -0.00571079109850462 0.999964669194064
1703155806000660 -1.36455499996099 -1.15988366983821 1.24197828077074 0.00174519450547024 -0.00584741789214037 -0.00610867856529953 0.999962722328347
1703155806000780 -1.39287738184194 -1.18373141930778 1.26712462210228 0.00246496377303168 -0.00538441761768486 -0.00704813443101189 0.999957627003044
1703155806000900 -1.42146273499599 -1.20783159287589 1.29268312615555 0.00292058021867819 -0.00518846638702631 -0.00754312507982121 0.999953824579799
1703155806000980 -1.44116711135958 -1.22419549469823 1.31023411947406 0.00273353563280983 -0.00545793109984253 -0.00741215785614849 0.9999538982808
1703155807000060 -1.46096343842784 -1.24051104868255 1.32776850196331 0.00246931419495169 -0.00577099266221832 -0.00725873784045032 0.999953953367885
1703155807000140 -1.481038374202 -1.25707184731122 1.34552171169588 0.00231904996439378 -0.00604778613107267 -0.00713356769140465 0.999953578173591
1703155807000220 -1.50162840214663 -1.27395977361053 1.36367378685346 0.00208903758413068 -0.00638148933111478 -0.00683913493636301 0.999954068319746
1703155807000300 -1.52263785474454 -1.29127276858231 1.38224972636276 0.00176075181759465 -0.00676126312526914 -0.00655928020986377 0.999954079404208
1703155807000380 -1.54364106600633 -1.30865052378793 1.4009538005801 0.00157547870003151 -0.00695097110444168 -0.00662054885017624 0.999952683980844
1703155807000460 -1.5655221332106 -1.32647292844512 1.4202226490063 0.00117345088122884 -0.00729862199184347 -0.00655194220199403 0.999951211401552
1703155807000580 -1.59852635786331 -1.35325227508626 1.44916281554126 0.000103464330480666 -0.00828124138316593 -0.00572058511812994 0.999949341337946
1703155807000700 -1.62798993796354 -1.37816171836557 1.47552276990059 -4.06364721428109e-05 -0.0085996328490786 -0.00549880530051151 0.99994790254483
1703155807000820 -1.6563566859275 -1.40231161787658 1.50107189873313 0.000815983999607324 -0.00795421430420938 -0.0064730168478285 0.999947080948688
1703155807000980 -1.69863656507237 -1.43709108314285 1.53857297247642 0.00161754125944723 -0.00721479292577432 -0.00797406919403579 0.999940870523753
1703155808000100 -1.73108374456829 -1.46371128947933 1.56718230074491 0.000857208246000316 -0.00782471401488717 -0.00755905992909479 0.999940448055581
1703155808000260 -1.77244163541252 -1.49829385075188 1.60391855818204 3.90853916350093e-05 -0.00875731577201336 -0.00658254764471623 0.999939987178884
1703155808000420 -1.81315327731519 -1.53227623038128 1.64008901020145 0.000630034695412552 -0.00837319900851938 -0.00719300408733376 0.999938874775276
1703155808000580 -1.8543307041279 -1.56679079012655 1.67692168626926 0.00081357673947837 -0.00830614133416398 -0.00750109232928525 0.999937037879332
1703155808000700 -1.88619881662595 -1.59329156672535 1.70520115534935 0.00043159187928249 -0.00877754928181231 -0.00701439429489423 0.999936781316564
1703155808000820 -1.91886905038124 -1.62036863745193 1.73427583651773 7.06399706874049e-06 -0.00915253523481065 -0.0068448575756731 0.999934687353951
1703155808000900 -1.94020807293436 -1.63827157291496 1.75336763613629 0.000196236515038436 -0.0088947661539509 -0.00719435290142376 0.999934540813861
1703155808000980 -1.96189334800707 -1.6564462027222 1.77270114059756 0.000663000498583028 -0.00865265308819094 -0.00751499603854729 0.999934106258715
1703155809000060 -1.98377764648752 -1.6747329229427 1.79206855849397 0.00146774449568184 -0.008148272479747 -0.00818441147588663 0.99993223109893
1703155809000140 -2.00576880052424 -1.69309949410316 1.81161728878308 0.00194231479962693 -0.00786530473014961 -0.00847547193703543 0.999931263022697
1703155809000220 -2.02897652130874 -1.71225611187377 1.8321107197106 0.00195648176777967 -0.00783924692260814 -0.00863596343169238 0.999930066815867
1703155809000300 -2.0526265442616 -1.73169620395836 1.85311025722796 0.00162123464273741 -0.00812865190536394 -0.00851631782004226 0.999929381980159
1703155809000380 -2.07789924310232 -1.75229569178713 1.87555578952127 0.00102130873354867 -0.00843505797704307 -0.00847319056076668 0.999928003291795
1703155809000460 -2.10202301410866 -1.77210957175156 1.89701903847642 0.000527692526101866 -0.00865458022274747 -0.00817546938109436 0.999928988219746
1703155809000540 -2.12492729636972 -1.79122535121957 1.91739851277446 0.000631967027528356 -0.00865510275588873 -0.00818476163021829 0.999928847214149
1703155809000660 -2.15826953933127 -1.81919399190384 1.9470577961437 0.00148434191296505 -0.00807736544678414 -0.0089838827693384 0.999925918629431
1703155809000740 -2.17942143486797 -1.83724194151285 1.96585842273043 0.00193551985358486 -0.00781344245724895 -0.00905558904140821 0.999926597399518
1703155809000860 -2.2104048309549 -1.86379070733365 1.99365586212324 0.00247007374769995 -0.00765693889173942 -0.00882689089225962 0.999928675466238
1703155809000980 -2.24419343417819 -1.89236146613176 2.02379280832976 0.00244949019532957 -0.00783603530868733 -0.00847684102797145 0.999930367432958
1703155810000100 -2.27845659780286 -1.92079704454273 2.05434524644154 0.00222887121810457 -0.00798824736118755 -0.00830732015722032 0.999931101861021
1703155810000180 -2.30119509518676 -1.93978090553437 2.07469412578727 0.00205077890142395 -0.00801843213625293 -0.00827727314956744 0.999931490553818
1703155810000260 -2.32336022284658 -1.95873956208759 2.09481836495614 0.00241670156578221 -0.00764315440758094 -0.00877713139853292 0.999929349358572
1703155810000340 -2.3456172242535 -1.97764087639136 2.11475237179769 0.00278958673977683 -0.00732266284519487 -0.00904541567278016 0.999928386070714
1703155810000420 -2.36754486799205 -1.99592095471836 2.13398093757336 0.00352679147620203 -0.00691434487269302 -0.00917147671245824 0.999927816190638
1703155810000500 -2.38992686727021 -2.01447330123783 2.15375317427954 0.00339990270351497 -0.00726585369590536 -0.00864274342984754 0.999930473091846
1703155810000580 -2.4126916428526 -2.03350847257039 2.17424536426496 0.00281375765735177 -0.00773761264631562 -0.00812471303678062 0.99993309834031
1703155810000660 -2.43498990390097 -2.05240141683787 2.19439267996116 0.00307725724679112 -0.00744752809134291 -0.00837367379197639 0.999932470920107
1703155810000740 -2.4581139447794 -2.07163804168262 2.2149764525179 0.00292654247164522 -0.00747808850843406 -0.00848677608128833 0.99993174175699
1703155810000820 -2.48164760769413 -2.09122544633274 2.23590432983901 0.00244085833879524 -0.00772329600067408 -0.00847461909889152 0.999931284509383
1703155810000900 -2.50570154812467 -2.11109080466273 2.25716718810881 0.00187320532960142 -0.00801584103585965 -0.0082361164713107 0.999932199591428
1703155810000980 -2.52882100753612 -2.13029864164488 2.27760597831527 0.00162639044251879 -0.00807544322570242 -0.00811687315412718 0.999933126984518
1703155811000060 -2.55144020041333 -2.14903734963374 2.29771417070028 0.00173345933922786 -0.00800707192432174 -0.00823716764169507 0.999932513216347
1703155811000180 -2.58540688438261 -2.17715611986301 2.3279249179586 0.0022720600593516 -0.00754749446989108 -0.00889176839870241 0.999929402270509
1703155811000260 -2.60877191815868 -2.19636619678618 2.3488197253307 0.00214868145603503 -0.00754454026632839 -0.00903751575152328 0.999928390630655
1703155811000340 -2.63224677793976 -2.21567165543512 2.3696938314908 0.00184966701325682 -0.00762855987582207 -0.0090726221024203 0.999928033077555
1703155811000420 -2.65501771116918 -2.23465010232569 2.39006127338564 0.00179695036107193 -0.00758654404263398 -0.0092456039911207 0.999926864388455
1703155811000500 -2.67742194325615 -2.25332827145832 2.40998197572059 0.00165246133530775 -0.00768095075697298 -0.00918173418131773 0.999926981396356
1703155811000580 -2.69969004569104 -2.27193480952574 2.42976013077548 0.0015551244618794 -0.00781591033221931 -0.00908683931571832 0.999926958574894
1703155811000660 -2.7216553494082 -2.29023709047016 2.44929568834563 0.00204516249850209 -0.00746110721169794 -0.00933209651155533 0.999926527883039
1703155811000740 -2.74412955565483 -2.30890465115218 2.46942009560047 0.00240483874196413 -0.0070762719398503 -0.00979462552591804 0.999924101338129
1703155811000820 -2.76825308365116 -2.32836429750052 2.49095329461494 0.00279536682446632 -0.00647398608508678 -0.0108765836000774 0.999915983149423
1703155811000900 -2.79302078175124 -2.34811640632831 2.51298197518251 0.00233834890136907 -0.00648983609587811 -0.0114389049029671 0.999910778823033
1703155811000980 -2.81609396922058 -2.36711233646258 2.53363829258937 0.00220405325094622 -0.006390240127903 -0.011909250843627 0.999906233966325
1703155812000060 -2.83827646028841 -2.38577844245818 2.55334469051714 0.00193904035911444 -0.00661958243009193 -0.0116456547331986 0.999908395792721
1703155812000140 -2.85913841929465 -2.40364768752097 2.57161116352592 0.00185586072476325 -0.00718815067941167 -0.0106465653794511 0.999915764910426
1703155812000220 -2.87786157048671 -2.42008111389191 2.58811678461272 0.00185808731701882 -0.00783034025992463 -0.00923390813871631 0.999924981297808
1703155812000300 -2.89997476515344 -2.43889393030872 2.60737201648618 0.00226822791541405 -0.0079743827268966 -0.00859933071202957 0.99992865539175
1703155812000380 -2.92129018419784 -2.45661572003427 2.62613711225575 0.00265419965165978 -0.00778263139905968 -0.00872333418568091 0.99992814207492
1703155812000460 -2.94337927140274 -2.47489291717063 2.64584706997662 0.00301358573256114 -0.00753093133811552 -0.00953836657012733 0.999921608396072
1703155812000580 -2.97710027649539 -2.50245361393568 2.67572129436745 0.00348801022139266 -0.0069240786351737 -0.0106927612987721 0.999912774083598
1703155812000700 -3.01172864667379 -2.53057290872437 2.70589594209242 0.00359722250088776 -0.00686707819081621 -0.0109624191161553 0.999909860234672
1703155812000780 -3.03318554805258 -2.54839841269832 2.72485062735143 0.00364291955669815 -0.0069281361669962 -0.0109772000649495 0.99990911144218
1703155812000900 -3.06322300987519 -2.57368921409744 2.75137298615535 0.00521002065243173 -0.00603217342334557 -0.0117620218406657 0.999899056610622
1703155813000020 -3.09400619746668 -2.5994019177907 2.77839346077851 0.00715120995479352 -0.005137130328399 -0.0127820967699985 0.999879536789474
1703155813000140 -3.1291379591313 -2.62798237966025 2.80922325163383 0.00648790783654828 -0.00578276638414877 -0.0126180535975661 0.999882618804957
1703155813000220 -3.15369458683741 -2.64777102785329 2.83088392779891 0.00434691118952182 -0.00727546682768685 -0.0114086101633589 0.999899002679616
1703155813000340 -3.18968638672852 -2.67680479341301 2.86233319422345 0.000877405056165204 -0.00972016033500127 -0.00929588600742235 0.999909163447743
1703155813000460 -3.22173125604651 -2.70351290258531 2.89063807794264 0.000732611220062183 -0.00999741926069827 -0.00912663716571408 0.999908105469183
1703155813000540 -3.24254863970802 -2.72071114017626 2.90869044272213 0.00200614616347641 -0.00910073165909159 -0.0100591395999745 0.99990597846565
1703155813000620 -3.26327120520928 -2.73787885671522 2.92690976679921 0.00293344862374074 -0.00853825550411658 -0.0108316512243213 0.999900579259695
1703155813000700 -3.28445476626208 -2.75545829794636 2.94568824457126 0.00329968970990768 -0.00827853994833977 -0.011146402087184 0.999898162586897
1703155813000780 -3.30596239361419 -2.77325826078433 2.96466373701723 0.0030441445800518 -0.00836003360461849 -0.0109647660976404 0.999900303493468
1703155813000860 -3.32741206741935 -2.79105739043407 2.98367441657334 0.0027430486510685 -0.00856242508675684 -0.0107767035126997 0.999901506760606
1703155813000940 -3.34874161952978 -2.80868278688714 3.00250486203954 0.00273399076045484 -0.00862064553518762 -0.0107322269487571 0.999901509684728
1703155814000020 -3.37044421027694 -2.82685621982427 3.02185098030675 0.00287342210073557 -0.00859927561664911 -0.0108101603865003 0.999900463214573
1703155814000100 -3.39079115096048 -2.84380927335652 3.0397792243748 0.00331451424297864 -0.00825038178534016 -0.0111409575329051 0.999898406969918
1703155814000180 -3.4122132727994 -2.8614666681996 3.0586399540535 0.00354383268250572 -0.00807231372563334 -0.0113326692550614 0.999896919491499
1703155814000260 -3.43394640531411 -2.87926071044648 3.07779406177178 0.00323715165587747 -0.00838345289759903 -0.011020880697858 0.999898884265461
1703155814000340 -3.45565609963858 -2.89712362156209 3.09700286675484 0.00254992933585618 -0.00904578781825111 -0.0102499595113238 0.999903300281155
1703155814000420 -3.47697543077582 -2.91481295856313 3.11589355906492 0.00185903157815117 -0.00969951238310589 -0.00940579696449621 0.999906992897131
1703155814000500 -3.49845896711761 -2.93263656166524 3.13486312421797 0.00161561133579992 -0.00992998524034861 -0.00911987638239876 0.999907802273744
1703155814000580 -3.51985655133031 -2.95031927439404 3.15377062029501 0.00168575794120427 -0.00979767665886374 -0.0093072153852858 0.999907265447163
1703155814000660 -3.5412418502978 -2.9679749221949 3.1727344404619 0.00191073228786482 -0.00953901168293398 -0.00972939191537525 0.999905343165639
1703155814000740 -3.56265827919216 -2.98561498565364 3.19162794517327 0.0022248175657842 -0.00919047614572183 -0.0101535232794517 0.999903741017118
1703155814000820 -3.58428323543057 -3.00352589327402 3.21083014512288 0.00237214275316503 -0.0090132348743462 -0.0104948462536977 0.999901491517024
1703155814000900 -3.60601685619272 -3.02150584655901 3.23010351832414 0.00225203104528883 -0.0090379905383948 -0.0106190848592574 0.999900234083356
1703155814000980 -3.62795573976218 -3.0395209320017 3.24942906197127 0.00202143444309076 -0.00921338482664598 -0.0104282833840976 0.999901134237025
1703155815000060 -3.6493203084519 -3.05721754789908 3.26821709226047 0.0019029229520355 -0.00935080795934747 -0.0102281798526776 0.999902158019297
1703155815000140 -3.67012140373257 -3.0747409844181 3.28660856279223 0.00230513608586067 -0.00911128059713911 -0.0104269226052166 0.999901470245189
1703155815000220 -3.69142707311193 -3.0924003406303 3.30538244806691 0.00276544563487172 -0.00886465683957852 -0.010733302156505 0.999899278124739
1703155815000300 -3.71353755797927 -3.11060101289331 3.32487725636295 0.00337635826441137 -0.00835019075124219 -0.0114230998979776 0.999894188055921
1703155815000380 -3.73815953295839 -3.13093206765219 3.34666586337947 0.00344495591944606 -0.0082435720184387 -0.0116480198970998 0.999892243910096
1703155815000460 -3.75968397184893 -3.14843673624826 3.36565971404403 0.00314412257743776 -0.00844108980771915 -0.0115437096411991 0.999892796885644
1703155815000540 -3.78322496400123 -3.1677631948634 3.3863146223664 0.00275189385388637 -0.00876766975060104 -0.0113128975601987 0.999893781056845
1703155815000620 -3.80691010427743 -3.18726716779494 3.40721030107673 0.00243414879829561 -0.00895995564969625 -0.0111237901820811 0.999895022193014
1703155815000700 -3.83058352255232 -3.20690943588908 3.42803125999855 0.00240037280835255 -0.00901209453249198 -0.0110885653965551 0.999895026530268
1703155815000780 -3.85536910327 -3.22739224368612 3.44978357005481 0.00276513791364043 -0.00885921173958261 -0.0112785603496994 0.999893325538335
1703155815000860 -3.87804347049434 -3.24620726067188 3.46980837440232 0.00301024220392864 -0.00872682659854565 -0.0113988188768356 0.999892418146875
1703155815000940 -3.90229925696275 -3.26622446188132 3.49119552032527 0.00324500362367258 -0.00859655758925391 -0.011592155385638 0.999890589555983
1703155816000020 -3.92744799806037 -3.28676763489816 3.51327952900563 0.00305051007061959 -0.00878467568061591 -0.0114954843356112 0.999890682875576
1703155816000100 -3.95293736108553 -3.30756061274979 3.53573459950419 0.00278072090991455 -0.00897603762779729 -0.0115033425230795 0.99988967963997
1703155816000180 -3.97829972645864 -3.32842895468651 3.55820861316101 0.00275325674294416 -0.00884593679769649 -0.011836622443285 0.999887025292665
1703155816000260 -4.00338307753539 -3.34924375297286 3.58042333710417 0.00286813188689428 -0.00864418945650141 -0.0122636849326197 0.999883320112898
1703155816000340 -4.02788751471453 -3.3695939717878 3.60196332659328 0.00343498650411485 -0.00836326281761049 -0.012643179772928 0.999879196057198
1703155816000420 -4.05248335152364 -3.38990595880409 3.62339578758962 0.00402997753158811 -0.00804296592081247 -0.0129727147603426 0.999875381561142
1703155816000500 -4.07716945180153 -3.41035386714361 3.64506509561149 0.00427528191816645 -0.00795989486053373 -0.0130143138189374 0.999874486960314
1703155816000580 -4.10235451302206 -3.4310729277915 3.66720083082784 0.00427316321876873 -0.00795542276804921 -0.0130305798335267 0.999874319759183
1703155816000660 -4.12816383559303 -3.4521504581247 3.68975397322397 0.00405341720973313 -0.0080879688922109 -0.012923314525597 0.999875563512678
1703155816000740 -4.15361626975628 -3.47309757987387 3.71204958388478 0.00402880741534793 -0.00813562348295942 -0.0129466279660995 0.999874974767176
1703155816000820 -4.17887667942387 -3.49382493846641 3.73411854134431 0.00402601138524532 -0.00816113881181546 -0.0129029579427189 0.99987534259124
1703155816000900 -4.20392717268461 -3.51448040022405 3.75610568450777 0.00400968110629613 -0.00825663231909354 -0.0127732124225003 0.999876290110223
1703155816000980 -4.22873828929143 -3.5349101050164 3.77790074024994 0.00423341784390527 -0.00816209175066718 -0.012820465652167 0.999875539300804
1703155817000060 -4.25376199614895 -3.55555808361857 3.79990564899492 0.00430510233832971 -0.00823028216779817 -0.012709995341424 0.999876084606346
1703155817000140 -4.27867717591446 -3.57612639280944 3.82180934117605 0.00463396620237626 -0.00807847679914016 -0.0128585222141131 0.999873953544301
1703155817000220 -4.30401325204007 -3.59691620597575 3.8439549549816 0.00505814840665816 -0.00773347309361916 -0.0134068906360218 0.999867423117725
1703155817000300 -4.32952752644832 -3.61767470580343 3.86626383950013 0.00508276840873222 -0.00774390517126757 -0.0135647733511861 0.999865088060351
1703155817000380 -4.35617755091212 -3.63937424703883 3.88955423939273 0.00469239155242259 -0.0080003961836601 -0.0134531179762706 0.999866485456503
1703155817000460 -4.38242957789045 -3.6608841585089 3.91260346725733 0.00443959549749342 -0.00811549060414658 -0.0133171626734921 0.999868532349329
1703155817000540 -4.40866519411788 -3.68229309099976 3.93553634833878 0.00426542261919275 -0.00826774743821074 -0.0131671886669433 0.999870029386213
1703155817000620 -4.43490840415236 -3.70379298656611 3.95857562845549 0.00425078418702337 -0.00838364371446598 -0.0130909156246087 0.999870128206645
1703155817000700 -4.46140522664592 -3.72561568554926 3.98191953933886 0.00429176279849188 -0.00827933440406628 -0.0132793462684146 0.99986833751079
1703155817000780 -4.48795044571369 -3.74745213934284 4.00525448867616 0.00425067023490053 -0.00829106417003583 -0.013327809879343 0.999867771028401
1703155817000860 -4.51704818436041 -3.77121112322976 4.0307074069916 0.00403809782090111 -0.00837546188362077 -0.0133008267050556 0.999868308035207
1703155817000940 -4.54171460219537 -3.79138763517281 4.05231548594107 0.00431121956376403 -0.00817327496212594 -0.0137496598133107 0.999862769492536
1703155818000020 -4.56876623969809 -3.81347361670656 4.07601571557294 0.00432828002978512 -0.00812975610780436 -0.0138952591500898 0.99986103776013
1703155818000100 -4.59547440449081 -3.83545412416087 4.09948552482793 0.00446356961255747 -0.00796213281131226 -0.0140786041544094 0.999859227037723
1703155818000180 -4.62147332048791 -3.85702577816966 4.12232728569522 0.00502453940257578 -0.00756309771113876 -0.0144689918936743 0.999854090270368
1703155818000260 -4.64726058133225 -3.87842316328841 4.14495011506324 0.00511367243850588 -0.00753945343218547 -0.0143212128949062 0.999855944552691
1703155818000340 -4.67299917382249 -3.89989709117213 4.16761233187169 0.00506298329777677 -0.00771424971920914 -0.0139970590648293 0.99985945956866
1703155818000420 -4.69922177080012 -3.92175026889488 4.1908153683956 0.00484949446748356 -0.00788117168229475 -0.013561505087305 0.999865218475016
1703155818000500 -4.72589895154183 -3.94374631041423 4.21431074166245 0.00468916736732268 -0.00799299491225561 -0.013232658297556 0.999869501733158
1703155818000580 -4.75241923378084 -3.9655117129939 4.23760811830252 0.00471445092166474 -0.00794125286190598 -0.013188513829453 0.999870378378348
1703155818000660 -4.7768365817181 -3.98577493278811 4.25916431033052 0.00498122401010893 -0.0077502514876162 -0.0133411129587841 0.999868559218791
1703155818000740 -4.80481117760256 -4.00898749815942 4.28388047123756 0.00496546262713525 -0.00775802779675636 -0.0131861121532054 0.999870633448091
1703155818000820 -4.83072486348559 -4.03044267913653 4.30668209282185 0.00542138859129839 -0.00733569036034622 -0.013458160894379 0.999867828314333
1703155818000900 -4.85651941688633 -4.05181075205448 4.32929898840814 0.00600372352761095 -0.00681801177616193 -0.0139336944243094 0.999861651519306
1703155818000980 -4.88264549375756 -4.07348442461809 4.35229126237405 0.00643036364630407 -0.0064766469360941 -0.0142436540594744 0.999856900654726
1703155819000060 -4.90890655700385 -4.09551111488893 4.37568416411414 0.00650306666231016 -0.00644499285482777 -0.0142101786532595 0.999857111298274
1703155819000140 -4.9359362244674 -4.11786255414898 4.39965617769846 0.00582533595481579 -0.00691095811659147 -0.0136043040903491 0.999866604617407
1703155819000220 -4.9628148000253 -4.1400643273846 4.42332879738663 0.00492740597112531 -0.00767615536760593 -0.0127207846804603 0.999877481967807
1703155819000300 -4.98397866215884 -4.1582489973441 4.44197943403335 0.00533307886488258 -0.00772879240782514 -0.0125171178947398 0.999877565403558
1703155819000380 -5.00939886707904 -4.18002240283939 4.46412033545197 0.00674031691825676 -0.00686095295962233 -0.0130290426115087 0.999868861151779
1703155819000460 -5.03276085374338 -4.19963261873448 4.48434355672152 0.00796655953388155 -0.00606655786013244 -0.0136157890429401 0.999857160345247
1703155819000580 -5.07034110037953 -4.23066683853096 4.51714284369855 0.00885442218433558 -0.0054506160714821 -0.0143118406324002 0.999843518361716
1703155819000660 -5.09666668390849 -4.25219180665928 4.54019963864049 0.00862358460105999 -0.00564854831852158 -0.0141076900210475 0.999847338733665
1703155819000780 -5.13613862730128 -4.28466983408462 4.57477811759523 0.00887702330817376 -0.00548203864577948 -0.0143857921444738 0.999842084878331
1703155819000900 -5.17397536087182 -4.3160362378808 4.60785536815151 0.0100845161670567 -0.00458246918584293 -0.0154227109731371 0.999819705494984
1703155820000020 -5.21023572094586 -4.34611495984429 4.6396233203219 0.0108876108805511 -0.00418809036447556 -0.0162241464824499 0.999800328515313
1703155820000140 -5.25188430301682 -4.3799551956831 4.67556209558821 0.0105106477989468 -0.00457996418801854 -0.0158318976576442 0.999808932360299
1703155820000220 -5.28035704223878 -4.40303039564939 4.70050357541802 0.00933560279307554 -0.00529248274322524 -0.0154190364486449 0.99982352915997
1703155820000340 -5.32385005438544 -4.43820944283882 4.73853707996901 0.00837927334705611 -0.00553242883571973 -0.0158845813019473 0.999823414451879
1703155820000420 -5.35135358018421 -4.4604080334533 4.76241593197048 0.00841227781436588 -0.00546849676050533 -0.0162608466228111 0.999817440332116
1703155820000540 -5.39122933159391 -4.4928145809369 4.79720164510638 0.0086442817772086 -0.00528736620244363 -0.0167755656381931 0.999807931829267
1703155820000660 -5.43210901817997 -4.52601191060599 4.83294481226413 0.00849892281353239 -0.00526171491926686 -0.0170557408430674 0.999804573089867
1703155820000780 -5.47364101538478 -4.55968970758789 4.86920452478289 0.00812337537389681 -0.00543371559560761 -0.0173445356628002 0.9998018066547
1703155820000900 -5.51574626250105 -4.59381187200097 4.90585001068575 0.00796034716185529 -0.00535464328073959 -0.017625356577128 0.999798633462723
1703155821000020 -5.55463339024631 -4.62587000837784 4.94005807771493 0.00811436027645313 -0.00526741610975941 -0.0182102341685079 0.999787376823872
1703155821000100 -5.58195829986417 -4.64781154832356 4.96351119246609 0.00799419029823361 -0.00535455945226692 -0.0181051245785629 0.999789790945348
1703155821000180 -5.60717803615931 -4.66865379201443 4.98571085992562 0.00796442367061573 -0.00556147145966534 -0.0180655827554343 0.999789614224165
1703155821000260 -5.63298746318761 -4.6895813575249 5.00800561261384 0.00794463889106839 -0.00567920694074708 -0.017869381227862 0.999792635768012
1703155821000340 -5.65635104677352 -4.70859244031074 5.02823655854254 0.0080613231406852 -0.00575341234256383 -0.017674021528825 0.999794750075553
1703155821000460 -5.69584877580395 -4.74102153351026 5.06273336674457 0.00841122581401481 -0.00564526555434919 -0.0178119873692811 0.999790035639025
1703155821000580 -5.73411774625802 -4.77243101217169 5.09620875463303 0.00868735056073678 -0.00554355683785134 -0.0179578292968899 0.999785634666134
1703155821000700 -5.7726706349106 -4.80400924840752 5.1298171761292 0.0087626245826315 -0.00556143279798122 -0.0179892130762538 0.999784314284113
1703155821000780 -5.79839121190894 -4.82498938804691 5.15224010389864 0.0087231357187704 -0.00571725151207937 -0.0177560611403218 0.999787948632689
1703155821000860 -5.82422026753842 -4.84604013940281 5.17461392109901 0.00873475712727579 -0.00583804404649673 -0.0175843752943832 0.999790183491089
1703155821000980 -5.86273087971967 -4.87758109482011 5.208082546137 0.00892652926249271 -0.00584313752238828 -0.0175666511373885 0.999788771484776
1703155822000060 -5.88891626574424 -4.898978942992 5.23081581650601 0.00905407756615646 -0.00578390753275925 -0.0176801092128958 0.999785969011017
1703155822000140 -5.9150101530155 -4.92047436901922 5.25360056027754 0.00928786084690216 -0.00558745813480823 -0.0179898285324571 0.999779416682427
1703155822000220 -5.94126912128355 -4.94196766701295 5.27651059892509 0.00953440424048361 -0.00539758506093617 -0.0182890056150351 0.999772710912286
1703155822000300 -5.96723319716056 -4.96311892130642 5.2990887038115 0.00978005304380593 -0.00524549227307273 -0.0185247968075423 0.99976680644864
1703155822000420 -6.00722610541935 -4.99603380267115 5.33412315627088 0.0100667473895904 -0.00501136611616983 -0.0189205488976524 0.999757750475612
1703155822000540 -6.0477491388684 -5.02905261474517 5.36936884467406 0.00977067392391082 -0.00523351377974472 -0.0187292670588487 0.999763151361375
1703155822000620 -6.07480665894139 -5.0510358665993 5.39293035630396 0.0095055991665141 -0.00545000162623424 -0.0184764595490623 0.999769254132818
1703155822000740 -6.11659167476361 -5.08489935657739 5.42927455601101 0.00905360089891449 -0.00570849033493532 -0.0182112093014371 0.99977687375966
1703155822000860 -6.15938505346781 -5.11943968410355 5.46675167897349 0.00826237425057156 -0.0061827373061742 -0.0179389553495408 0.999785827471121
1703155822000980 -6.20234675037869 -5.15415746832486 5.5042883305127 0.00723791233069462 -0.00678816540842082 -0.0175189022317516 0.999797290204407
1703155823000100 -6.24422118118647 -5.18826910572821 5.5409955809824 0.00678409096126301 -0.00706191565531225 -0.0174258496731758 0.999800202650647
1703155823000220 -6.285603862737 -5.22202614263242 5.57704204406919 0.00683033862207737 -0.00695664174360922 -0.0175771303323352 0.999797977643103
1703155823000300 -6.31299929912785 -5.24421349920207 5.60077247678105 0.00687054339994928 -0.00688294173974507 -0.0176900850848751 0.99979622005491
1703155823000420 -6.3535456342874 -5.27739441125605 5.63622786046054 0.00676030251573329 -0.00693631762210925 -0.0176353081314032 0.999797570368548
1703155823000500 -6.3806659385105 -5.29953710354886 5.6598676273344 0.00657354451808558 -0.00709742417199994 -0.0173985360450251 0.999801833378036
1703155823000580 -6.40744723470251 -5.32165458213835 5.6834648362351 0.00634711022043904 -0.00731235143611586 -0.0171614392765084 0.999805845507158
1703155823000700 -6.44658429826869 -5.35381343221944 5.71776326304468 0.00622727091937528 -0.00755017809090803 -0.0166941026559324 0.999812743889677
1703155823000780 -6.47220437997498 -5.37479469727778 5.7401457997556 0.00625881443553991 -0.0076802962863055 -0.0164458123378409 0.999815670785053
1703155823000900 -6.51150583262249 -5.40685835301282 5.77438856500082 0.00612274540280412 -0.00796045612231664 -0.0159436135160006 0.999822456396689
1703155824000020 -6.55169724532302 -5.43968737511461 5.80946740674361 0.0059292088597778 -0.00820574443060035 -0.0156580633685743 0.999826152534621
1703155824000140 -6.59246139845106 -5.47288194326993 5.84497954989139 0.00573793757532539 -0.0083822584731703 -0.0154730692863066 0.999828684296531
1703155824000260 -6.63284356266233 -5.50622189154399 5.88049679365163 0.00544517245714803 -0.00864645709936292 -0.0151221809174915 0.999833440389368
1703155824000340 -6.66002912161178 -5.52851269384508 5.90425945943309 0.00525412568122728 -0.00888717153670416 -0.0148222357135812 0.99983684352691
1703155824000460 -6.7014149710974 -5.56244905126572 5.94038568477065 0.00505061525679595 -0.00913158481111804 -0.0145343139226691 0.999839916768261
1703155824000580 -6.74311902677497 -5.59673680464346 5.976902494937 0.00488006126717276 -0.00928137618271009 -0.0144231254227427 0.999840994614255
1703155824000660 -6.77097259029271 -5.61950836786534 6.00112559667479 0.00495996895854143 -0.00920736068783347 -0.0144992710528619 0.999840184407503
1703155824000780 -6.81313912176057 -5.65398612101436 6.03785309932928 0.00507432300478373 -0.00917176794542577 -0.0145263014522179 0.999839545369615
1703155824000860 -6.84126183549294 -5.67700878848399 6.06235568307653 0.00514383671066333 -0.00917416807261085 -0.0145172840954998 0.999839299110892
1703155824000940 -6.86953900431757 -5.70014899084802 6.08697011064382 0.00526189652549684 -0.0091054696197137 -0.0146145387855633 0.999837895923157
1703155825000020 -6.89768192675479 -5.72331431929501 6.11163128697636 0.00539130130808286 -0.00905323055145802 -0.0147185057558072 0.999836155815093
1703155825000100 -6.92624003301214 -5.74660546151109 6.13641908244801 0.00540073024343011 -0.00910026226216682 -0.0147047563732433 0.999835880272158
1703155825000180 -6.95520231498943 -5.77011002214107 6.161457283381 0.00530334129848526 -0.00924054026175371 -0.0145679544874708 0.999837117579055
1703155825000260 -6.98446384374096 -5.79388947875824 6.18685030911456 0.00515753081058867 -0.00937687078701434 -0.0144416895932215 0.999838442835579
1703155825000380 -7.02837656454226 -5.82972613529338 6.2250868493809 0.00502468666604513 -0.00951744177418513 -0.0142964695820625 0.99983987807222
1703155825000500 -7.07226881911194 -5.8656355116357 6.26343348051243 0.00506003694206511 -0.00941146110609737 -0.0143569235886035 0.9998398367594
1703155825000620 -7.11644472433105 -5.90171920480582 6.30187238223706 0.00494720989966152 -0.00941097044102059 -0.0142455509794865 0.999841999031276
1703155825000740 -7.16047453090922 -5.9377706458439 6.34032154421008 0.00487096638005839 -0.00941957209343653 -0.01422211069627 0.999842626074446
1703155825000820 -7.1898005357888 -5.96188016640977 6.36600811713584 0.00477819593005153 -0.009456979222692 -0.0141315707599649 0.999844004380429
1703155825000940 -7.23375820739575 -5.99787972962858 6.40439691504898 0.00462435222556153 -0.00953126521087473 -0.0139991859515139 0.999845884695571
1703155826000060 -7.27755185638692 -6.03368769455178 6.44266762116309 0.00454324675512941 -0.00956850393960093 -0.0138721543445527 0.999847671385557
1703155826000140 -7.30687291916541 -6.05773725803016 6.46834339702468 0.00439386710249441 -0.00962967938948582 -0.0137666078063325 0.999849210489386
1703155826000220 -7.33619606633172 -6.08175501071396 6.49399815118972 0.00429679844038166 -0.00963482543891997 -0.0137446887914475 0.999849884328618
1703155826000300 -7.3654515487709 -6.10576752214443 6.51962610712729 0.00421781158579463 -0.00966084903049563 -0.0136973891256175 0.999850618638893
1703155826000380 -7.39445670391797 -6.12967208175468 6.54504863385365 0.00419548480492128 -0.00966540968350464 -0.0136533163008464 0.999851271298332
1703155826000500 -7.43826967261724 -6.16582020655451 6.58348531611719 0.0041190405254568 -0.00977815860217479 -0.013464853340882 0.999853048624651
1703155826000580 -7.46749736390369 -6.18970199899662 6.60889260999107 0.00408180052297056 -0.00981542235205672 -0.0133809918607924 0.999853962059141
1703155826000660 -7.49706012508138 -6.21368454582334 6.63447413365168 0.00404545594835004 -0.00987247274099088 -0.0132562415967755 0.999855209831342
1703155826000780 -7.54027910520761 -6.24927855149907 6.67221244612819 0.00423754015552816 -0.00980148877386309 -0.0131799468734625 0.999856121185273
1703155826000900 -7.58310101141283 -6.28457023557787 6.70959682206078 0.00452447382384948 -0.00964618590625118 -0.0131573039604317 0.999856672521903
1703155826000980 -7.61174908823074 -6.30815360181444 6.73454530152643 0.00477545387648927 -0.00949537852564268 -0.0132533689764293 0.999855680104735
1703155827000060 -7.64020189977651 -6.33149174629139 6.75928953837711 0.00504237911798589 -0.009374789258222 -0.0133253855488789 0.999854550341782
1703155827000140 -7.67104376395514 -6.35694579073345 6.78621513329306 0.00540723767168363 -0.0090941960542593 -0.0136092542663353 0.999851411749367
1703155827000220 -7.69736157158669 -6.37848253554433 6.80898962347109 0.00576384969334952 -0.00891288772183555 -0.0136009405047882 0.999851165367404
1703155827000300 -7.72598045473908 -6.40220720105585 6.8340492334132 0.00603007903609664 -0.00871008720820601 -0.0138363028956808 0.99984815309617
1703155827000380 -7.75476005135678 -6.42595394608441 6.85923202928756 0.00635914934148894 -0.00844660599398729 -0.0140651457276139 0.999845181886924
1703155827000460 -7.78355102178453 -6.44969064269958 6.88429238103724 0.00663216371792844 -0.00823274109918859 -0.0142724368128245 0.9998422545211
1703155827000540 -7.81268435849336 -6.47346025845184 6.90953859690426 0.0067787583312029 -0.00809636958534473 -0.0144328386141703 0.999840082415464
1703155827000620 -7.84191562931684 -6.49743380976054 6.93511235772235 0.00659582356327318 -0.00821270491577933 -0.0144339863907033 0.999840340567614
1703155827000700 -7.87104102936346 -6.52130522226735 6.9606912686878 0.00632951625394027 -0.00834437176986629 -0.0144455872028399 0.999840804175406
1703155827000780 -7.9004117112928 -6.54530204686516 6.98637060478503 0.00588184286963848 -0.00865063467678584 -0.0142308979703572 0.999844013827708
1703155827000860 -7.92927957181868 -6.56877846331774 7.01149135937339 0.00575443194586219 -0.00871129675921023 -0.0142204240204465 0.999844377572046
1703155827000940 -7.95805129912292 -6.59219176040949 7.03648223190225 0.00580805983543301 -0.00859191096029604 -0.0143832162614513 0.999842771938156
1703155828000020 -7.98678421720468 -6.61563651192045 7.0615965204008 0.00600005925284278 -0.00832911056609808 -0.0147117465095277 0.999839081913074
1703155828000100 -8.01549007706707 -6.63906915516789 7.08663272274032 0.00603209832770903 -0.00821090653752561 -0.0149769204838028 0.999835929868705
1703155828000180 -8.04413407823246 -6.66243484699419 7.1115342406586 0.00605456266517464 -0.00808826803003832 -0.0151780647455464 0.9998337604531
1703155828000260 -8.07264437368125 -6.68590133477201 7.13650604293313 0.00606711392769954 -0.00801353274971696 -0.0153409615892092 0.99983180001387
1703155828000340 -8.10099369921224 -6.70902098310521 7.16113055838596 0.00585603352126281 -0.0081518183752264 -0.0151839607172812 0.999834337310692
1703155828000420 -8.12931174845276 -6.73220310628877 7.18585320112444 0.00561949446228448 -0.00830277684402599 -0.0150520200904683 0.999836447560231
1703155828000540 -8.1713242056583 -6.76651779739915 7.22251700673462 0.00523176715104812 -0.00865029007954455 -0.0146788146343919 0.999841154131468
1703155828000660 -8.21340608712302 -6.80084811229579 7.25923607179345 0.00493737135788383 -0.00893316893880804 -0.0142825528134002 0.999845902898
1703155828000780 -8.25475875636813 -6.83470777466887 7.2952681220017 0.00484944850871036 -0.00898109995069454 -0.0141226241412754 0.999848175564771
1703155828000900 -8.29528890026664 -6.86795487607448 7.3305619198661 0.00517872320213647 -0.00877106283790647 -0.0142301236327481 0.999846864706834
1703155829000020 -8.33566298279122 -6.90121293741693 7.36581558772573 0.00557396204001521 -0.00852817742374716 -0.0144460890448788 0.999843743616128
1703155829000100 -8.36374274479876 -6.92421469647621 7.39016845967039 0.00578377871498185 -0.00847815356704198 -0.0144368004280053 0.999843111497635
1703155829000180 -8.38975507773386 -6.9458456174513 7.4130521655819 0.00589771772257755 -0.00842192729065088 -0.0144364568990645 0.999842926053176
1703155829000260 -8.41699458855155 -6.96833097618165 7.43692159656083 0.00580292333036095 -0.00855272066315233 -0.014253316145642 0.999844998001656
1703155829000340 -8.44406661071232 -6.99060958543378 7.46058417734701 0.00576435753541447 -0.00864816253097151 -0.014106834501487 0.999846477559125
1703155829000420 -8.47139835886561 -7.01308032024936 7.48444193108145 0.00574201381578502 -0.00869305147512004 -0.0139761481871621 0.999848052163548
1703155829000500 -8.49875367078197 -7.03545130518876 7.50815078878305 0.00577756787329383 -0.00869807535177834 -0.0138824122578178 0.999849109528307
1703155829000580 -8.52614895647426 -7.05795378726946 7.53200469405349 0.0059028628200846 -0.00860033990564015 -0.0139181510606816 0.999848726275674
1703155829000660 -8.55361087834255 -7.08039434309539 7.55586155768542 0.00600440284840676 -0.00852814131364873 -0.0139138807997701 0.999848799505834
1703155829000740 -8.58101642798364 -7.10299246859319 7.57986372329855 0.00607595952724609 -0.0084713885443856 -0.0140185480023306 0.999847387656666
1703155829000820 -8.60841645920961 -7.12552406435962 7.60383199412967 0.0062835904762209 -0.00825588725857192 -0.0142902269375069 0.999844060956695
1703155829000900 -8.63576436142874 -7.14791049063262 7.62759802887371 0.00645881332281933 -0.00813803937803625 -0.0144477889138842 0.999841646182555
1703155829000980 -8.66304421761293 -7.17039488975734 7.65136034096199 0.00662140958347656 -0.0079652074941958 -0.014682665733924 0.99983855283323
1703155830000060 -8.69029126945804 -7.19279335641982 7.67522315566749 0.00668179197881224 -0.00788615357721837 -0.0148609909715721 0.999836143167995
1703155830000140 -8.71748095644936 -7.21513158716695 7.69899301721377 0.00680193244468917 -0.0077517081916035 -0.0150098971207675 0.999834160110343
1703155830000220 -8.74472639267865 -7.23751312027986 7.72269524310124 0.00699231384044264 -0.00759074736071832 -0.0151973880828097 0.999831249510198
1703155830000300 -8.77199962795077 -7.25985687673253 7.74638650697352 0.00718720265537617 -0.0073895478265781 -0.0153389475917136 0.999829213109763
1703155830000380 -8.79938553607446 -7.28227119231724 7.77021384302352 0.00728855766119858 -0.00722715824995338 -0.0154839502258365 0.99982743130815
1703155830000460 -8.82716092462393 -7.30496617416073 7.79442550067793 0.00719309327063612 -0.00720979810421017 -0.0155339373999138 0.999827472621828
1703155830000540 -8.85477104077317 -7.32759266771053 7.81849247717724 0.00721658727194799 -0.00718779632327702 -0.0156064149298493 0.999826333052495
1703155830000620 -8.88229285956642 -7.35020727371289 7.84259625194879 0.00726708648818915 -0.00712479052841642 -0.0157296780259833 0.999824486619076
1703155830000700 -8.91152925669418 -7.37369782229263 7.867773526252 0.00736918926609377 -0.0068793126425135 -0.0157723537626559 0.999824786132007
1703155830000780 -8.93768846934914 -7.39548773910411 7.89091141140106 0.00727223697729817 -0.00697477770079092 -0.0158302426455805 0.999823919729446
1703155830000900 -8.97944475778347 -7.42957160420459 7.9274175466846 0.00686074571722988 -0.0072557738582265 -0.0156051772722875 0.999828366449073
1703155830000980 -9.00697714216453 -7.45209167963222 7.95145620974902 0.00666745713890957 -0.00739694454030887 -0.0154569703516627 0.99983094185683
1703155831000060 -9.03441566696837 -7.47455626533125 7.97530697562431 0.00668521813725498 -0.00730648863243201 -0.0154926972201579 0.999830935416166
1703155831000140 -9.06162279492451 -7.49678252250513 7.99889877254293 0.00689940487353773 -0.0070725560499177 -0.0156930801661655 0.999828037413539
1703155831000220 -9.0886216578938 -7.51897567892179 8.02242257613107 0.00718939228348381 -0.00681218311934628 -0.0159581034976532 0.99982360730906
1703155831000300 -9.11578840837823 -7.54121854349759 8.04606787173809 0.00741649904104069 -0.00664308493917889 -0.0160743657398892 0.999821223884813
1703155831000380 -9.14302148011366 -7.56371303914928 8.06998199428549 0.00747303525900499 -0.00655170735759367 -0.0161014646017573 0.999820969830297
1703155831000460 -9.17010639528814 -7.58596952806978 8.09369549826632 0.00750992964167574 -0.00651456889004745 -0.0161236493311236 0.999820578544571
1703155831000540 -9.19767010998279 -7.6088531635118 8.11812514179895 0.00743863453514794 -0.00654685950820926 -0.015942383333148 0.999823807358322
1703155831000620 -9.22505831788861 -7.63114810327526 8.14194043516405 0.0073409259000963 -0.00663561163623881 -0.0159477225525637 0.99982385929249
1703155831000700 -9.25228878395257 -7.65359984632261 8.16587989154987 0.00710213298070616 -0.00686684901692364 -0.0156389163122164 0.999828900556632
1703155831000780 -9.27914537506031 -7.67579495050015 8.18952893866065 0.00683757892046368 -0.00715718945109982 -0.0152601622591431 0.999834561115734
1703155831000860 -9.30597305792215 -7.69794585177511 8.21311276911067 0.00657597621383562 -0.00740211300958566 -0.0149309450001424 0.999839503191003
1703155831000940 -9.33292426353752 -7.72012206745055 8.23670052773452 0.00645853425049233 -0.00747694702045257 -0.0148059748996864 0.999841570302945
1703155832000020 -9.35980169169708 -7.74237328906806 8.26035141315115 0.00635777755663412 -0.00755121039168003 -0.0147140786260268 0.999843014565961
1703155832000140 -9.40002975750641 -7.77561629253999 8.29561079216079 0.00651909876158418 -0.00734082340662855 -0.0148837047255684 0.999841031862912
1703155832000220 -9.42645400998368 -7.797546726402 8.31883498909792 0.00685051010569963 -0.0070670958936652 -0.0150615821665458 0.999838124602959
1703155832000340 -9.46597282449416 -7.83016133229669 8.35340657147871 0.0072056298323918 -0.00681911921627776 -0.0152612091572054 0.999834323279058
1703155832000420 -9.49231311058633 -7.85182615784096 8.3764178375493 0.00729069555215294 -0.00681190982064173 -0.0151461867692565 0.999835504805321
1703155832000500 -9.51887612283264 -7.87375995667109 8.3997139993967 0.00720061986517606 -0.0069025697406818 -0.0150051138022295 0.999837662905491
1703155832000620 -9.55842542411224 -7.90631377114942 8.43432918646898 0.00713057327847857 -0.00703350496282799 -0.0147204973795173 0.999841483281004
1703155832000700 -9.58464010722155 -7.92797761950779 8.45728155920505 0.00723972524166059 -0.00697522866845351 -0.0146660957523248 0.999841906602655
1703155832000780 -9.61086823766523 -7.94965947928699 8.48026803403726 0.00742750006361648 -0.00683569650023457 -0.0147007670750015 0.999840983828713
1703155832000900 -9.65063230190418 -7.98245165112521 8.51514522555617 0.00746481691703205 -0.00676367259663934 -0.0146893739468815 0.999841363184405
1703155832000980 -9.67731015327984 -8.00449558456892 8.53859446429802 0.00731866355063724 -0.00682869735914896 -0.0146728863247951 0.999842243788044
1703155833000060 -9.70429536630223 -8.02665388250212 8.56225255850158 0.00731350223142507 -0.00676514298530762 -0.0148062454080342 0.99984074763055
1703155833000140 -9.73136545464743 -8.04876434162865 8.58587457230622 0.0074217699454917 -0.00658987205246723 -0.0150319465205519 0.999837752588395
1703155833000220 -9.75822562589723 -8.07074214567433 8.60930313122524 0.00763135144152432 -0.00630767267425075 -0.0153301634115883 0.99983346704858
1703155833000300 -9.78511119993216 -8.09283220424533 8.63279300677263 0.00767022744919096 -0.00623456456849742 -0.0154024591739271 0.999832517008181
1703155833000380 -9.81182908480746 -8.11492791181396 8.65623246621633 0.00744020225692629 -0.00639503434387921 -0.015272032571712 0.999835242401089
1703155833000460 -9.83863520254786 -8.13709513564857 8.67985379886722 0.00720791388490045 -0.00657587343555862 -0.0151447600156546 0.9998377068855
1703155833000540 -9.86539159858304 -8.15916942697806 8.70341110671069 0.00703620635544266 -0.00667822786234361 -0.0150498422525579 0.999839684809978
1703155833000620 -9.89205858741525 -8.18110266787571 8.72670831335861 0.00705127061191639 -0.00662585444556132 -0.0151485467617164 0.999838436531939
1703155833000700 -9.91895154624686 -8.20324140400026 8.75024649951104 0.00700395337563265 -0.00661052989912466 -0.0152095184453672 0.999837944909186
1703155833000780 -9.94597093301143 -8.22545236513829 8.77389611246833 0.00710228090288715 -0.00652729051344499 -0.0153732408220507 0.99983529421158
1703155833000860 -9.97303662095356 -8.24780767169426 8.79763383280774 0.00699458165202864 -0.00665291753661794 -0.0152133406284169 0.999837671216027
1703155833000940 -9.99947003893987 -8.26967450669489 8.8208405239866 0.00720194521081164 -0.00658819504734634 -0.0151503095088489 0.999837584707129
1703155834000020 -10.0255860922179 -8.29124435717746 8.84371767455056 0.00756361995751011 -0.00632917799464953 -0.015258283250361 0.999834945354133
1703155834000100 -10.0517817568664 -8.31287464703167 8.86664845263326 0.00779539787180793 -0.00613537817280155 -0.0154489797677313 0.999831444759982
1703155834000180 -10.078449863484 -8.33489401709889 8.8900043503404 0.00808085935763031 -0.00591611044868879 -0.0156206068110332 0.99982783317532
1703155834000260 -10.1053446371851 -8.35701733143362 8.9134962296293 0.008040425467045 -0.00598656193563954 -0.0155314588694712 0.999829128611427
1703155834000340 -10.1321204397392 -8.379107372319 8.93702909876433 0.00799018432098651 -0.00610416115443745 -0.0154150336621525 0.999830622109721
1703155834000420 -10.1588188661439 -8.40114870047048 8.96042752224495 0.00791253860578357 -0.00616951699226376 -0.0153634653589444 0.999831632188669
1703155834000500 -10.1857029791046 -8.42325685566586 8.98397051018047 0.0079343635251558 -0.00614533528434067 -0.0154829251524931 0.999829765389297
1703155834000580 -10.2128606232193 -8.44556117135511 9.00778429422917 0.00816394090800121 -0.00597135554719988 -0.0157639578158312 0.999824579921778
1703155834000660 -10.2397634753408 -8.46771101024508 9.0314252965332 0.00805954790534416 -0.00607764898331545 -0.0157615171573617 0.999824824880486
1703155834000740 -10.2663920017656 -8.489742690026 9.05489634347952 0.00788251035647307 -0.00627013890795792 -0.0156064826776318 0.99982747966186
1703155834000820 -10.2933654232536 -8.51197206329015 9.07858252028276 0.0076126506627867 -0.00649394134704464 -0.0154624755409751 0.999830379677379
1703155834000900 -10.3197872751783 -8.53385415878445 9.10178957872151 0.00738910619985256 -0.00671094412207899 -0.0152932507938468 0.999833226502657
1703155834000980 -10.3457914248907 -8.5555185353942 9.1246911466124 0.00771703524464896 -0.0065089250859591 -0.0155521320172034 0.999828091449214
1703155835000060 -10.3717647145626 -8.57717549859692 9.14751153873324 0.00813208371071907 -0.00617868996139414 -0.0158526000332881 0.999822178228242
1703155835000140 -10.3977092071028 -8.59855528496711 9.17005447661898 0.00857371170247725 -0.00588190756492908 -0.0160625867205412 0.99981692721162
1703155835000220 -10.4235946763477 -8.61984190448355 9.19257183546126 0.00877962641234576 -0.00578796724689994 -0.0161543839155526 0.9998142094787
1703155835000300 -10.4493154842467 -8.64105926058297 9.21500251889869 0.00889206432339072 -0.00578115689181436 -0.0160900247506431 0.999814293016751
1703155835000380 -10.4751900404965 -8.66241147882131 9.23766932610061 0.00896215809343073 -0.0057623703524076 -0.0160690061818557 0.999814113648411
1703155835000460 -10.5010012409731 -8.68358093873883 9.26013197585192 0.00901149318219063 -0.0057744090221091 -0.0159824131616317 0.999814988715714
1703155835000540 -10.52698734326 -8.70500715661325 9.28285732754133 0.00896879132108107 -0.00586553603235451 -0.0158607453235349 0.999816779728703
1703155835000620 -10.5525352296873 -8.72615843725819 9.30526229274802 0.00885874699328645 -0.00607481508769444 -0.0156215982588804 0.999820276295294
1703155835000700 -10.578528573625 -8.74761828874006 9.32803006921936 0.00867486971080063 -0.00634059681228677 -0.015340601440047 0.999824589323058
1703155835000780 -10.6045632757975 -8.7689950628743 9.35073646369733 0.00846875524797901 -0.00652527323759883 -0.0152189158156545 0.999827027837876
1703155835000860 -10.6314922603166 -8.79099464976212 9.37412327220085 0.00844432495138707 -0.0064719956826583 -0.0153824231015875 0.999825078555005
1703155835000940 -10.6583821285226 -8.81300655196407 9.39755321232221 0.00843844680183206 -0.00639550915694202 -0.015534555639467 0.999823268212578
1703155836000020 -10.6849800971427 -8.83475153848194 9.42066675547125 0.00842949305568698 -0.0063267709295445 -0.0156711824728355 0.999821648923613
1703155836000100 -10.7116691120644 -8.85656781747108 9.44392008747079 0.00831443430972014 -0.00643008189271257 -0.0156313599136584 0.999822576668587
1703155836000180 -10.7378090212699 -8.87809254124163 9.46681912752413 0.0082174017192347 -0.00651997866434753 -0.0155875448294146 0.999823480737171
1703155836000260 -10.7648216300166 -8.9003359884352 9.49042780640621 0.00807517489162907 -0.00660630289034424 -0.0155889466192841 0.999824051048929
1703155836000340 -10.7914702878267 -8.92222083326535 9.51370845829978 0.0080592202613322 -0.0066546880923444 -0.0155976490295466 0.999823723183204
1703155836000420 -10.8182008198744 -8.94406991498833 9.53693510352765 0.00797236424911575 -0.00675842645983141 -0.0155291709189587 0.999824789615979
1703155836000500 -10.8450791128368 -8.96602133619442 9.56027693262018 0.00778226134755626 -0.00691207555634153 -0.0154523842809483 0.999826426656075
1703155836000580 -10.8718052892696 -8.98784031311092 9.58360155542409 0.00751037989260405 -0.00714367209368786 -0.0153217653123386 0.999828888185674
1703155836000660 -10.8980106361263 -9.00937892812267 9.60646810178875 0.00732517301366243 -0.00727353468222941 -0.0153000441135856 0.999829658583735
1703155836000740 -10.9240721228132 -9.03074628465169 9.62914905415064 0.00726388359205633 -0.00735203945264773 -0.0152789212109876 0.999829854564103
1703155836000820 -10.9495362295055 -9.05167185972471 9.65134178069979 0.00732075824177846 -0.00739856111206758 -0.0152049116776119 0.999830224814749
1703155836000900 -10.9752273895845 -9.07255834616822 9.67360670674817 0.00723935204003151 -0.00757203215199008 -0.0149647035768055 0.999833142958358
1703155836000980 -11.0009014734061 -9.09373841472657 9.69602965798959 0.00710409355539635 -0.00776253184736949 -0.0147466691703593 0.999835891885491
1703155837000060 -11.0265381756858 -9.11469629507386 9.71828868835135 0.00695204319402001 -0.00793141829250347 -0.0146386362347238 0.999837222766029
1703155837000140 -11.0521299740212 -9.13566693598082 9.74055597310685 0.00687695183406951 -0.00801704964029628 -0.0146506636500093 0.999836882947989
1703155837000220 -11.0776824241141 -9.1566655036667 9.76284662160762 0.00689553392078556 -0.00808653812405503 -0.0147006365551352 0.999835461862595
1703155837000300 -11.1030987870598 -9.17748769363931 9.78496488747798 0.00690381201904768 -0.00813560242155857 -0.0147259652414788 0.999834633977315
1703155837000380 -11.1284353001822 -9.19821433936984 9.80697406489592 0.00672381291654367 -0.00835912773425945 -0.0144898944225428 0.999837465932843
1703155837000460 -11.1538125220961 -9.21904463111624 9.82906075121603 0.00658776160938454 -0.00852612693191651 -0.0142906288490424 0.999839829414501
1703155837000540 -11.1790024533037 -9.23968525581875 9.85093926221047 0.00658709354725074 -0.00858087663017083 -0.0142524327388588 0.99983991064364
1703155837000620 -11.2039837130178 -9.26010082969846 9.87259364099431 0.00667561292557219 -0.0085222921243784 -0.0143063107865834 0.999839055148724
1703155837000700 -11.2290216243334 -9.280719671254 9.89444731292938 0.00685280577843178 -0.00842810105210044 -0.0144371040403181 0.999836774775037
1703155837000780 -11.2540257201262 -9.30138761367361 9.91632742554538 0.00682886626482601 -0.00848799151640036 -0.0144744855649402 0.999835891460786
1703155837000860 -11.2790998419033 -9.3220171451665 9.93815299087864 0.00673889128102313 -0.00862362454309315 -0.0144304648927101 0.999835977611839
1703155837000940 -11.3041452435305 -9.34263321011695 9.95994715269409 0.00659008844919136 -0.00880031258110003 -0.0143679046638024 0.999836330880349
1703155838000020 -11.3287063976119 -9.36250505093442 9.98110688742272 0.00658119939479773 -0.00876916081852692 -0.014492017086063 0.999834871903277
1703155838000100 -11.3533716937997 -9.38321908151974 10.0028204819276 0.00678186332091224 -0.00873252785755446 -0.0144554853843168 0.999834380399783
1703155838000180 -11.3777024796835 -9.40324869885707 10.0239256029042 0.0069778146772564 -0.00867086604889345 -0.0145505521067733 0.999832189728696
1703155838000260 -11.4021631722145 -9.42331118319392 10.0450750202491 0.00707820445133485 -0.00866984901859784 -0.0145246352779887 0.999831869720995
1703155838000340 -11.4268690859828 -9.44351281423172 10.0664481636148 0.00697938363475942 -0.00881576795107588 -0.0143778093383742 0.999833410643064
1703155838000420 -11.451418670332 -9.4637079531004 10.0877501052566 0.00704651452607975 -0.00884997763083054 -0.0143834526117021 0.999832556391286
1703155838000500 -11.4760654617372 -9.48384967481891 10.1091264776332 0.0070977434696849 -0.00886639022357527 -0.0144246402499827 0.999831455254185
1703155838000580 -11.500659984121 -9.50399040888245 10.1304924086431 0.00712350747391957 -0.00885950582849327 -0.0145520227753796 0.999829487178133
1703155838000660 -11.5251834229342 -9.52398174852022 10.1516899547541 0.00706920786143857 -0.00891080051308518 -0.0145713987503926 0.99982913453894
1703155838000740 -11.5496217720398 -9.54398770082994 10.172906865936 0.0071050231307629 -0.00888910997264976 -0.014706684401334 0.999827092953639
1703155838000820 -11.5740867621563 -9.56400951347667 10.1941095712157 0.00720146387556166 -0.00879979906060216 -0.0148672297289961 0.999824818623106
1703155838000900 -11.5984895749965 -9.58397320490274 10.215212558384 0.00733134638250049 -0.00871775294011125 -0.015025048280164 0.999822234233703
1703155838000980 -11.6228380854479 -9.60386235025159 10.2362698902509 0.00739936384578857 -0.00866407278765821 -0.0150738501335509 0.999821465212444
1703155839000060 -11.6470057338566 -9.623645426319 10.2572763594622 0.00736436976634971 -0.00862809865416977 -0.0151413906296866 0.999821014112705
1703155839000140 -11.6713724430768 -9.64362986846219 10.2785223508269 0.00726359187673949 -0.00868758735420508 -0.0151154402877866 0.999821628853826
1703155839000220 -11.6957616823024 -9.66358430719906 10.2997270403023 0.0070186621015774 -0.0088699646621909 -0.0149579948458334 0.999824144787166
1703155839000300 -11.7200624791271 -9.68348005518743 10.3209064251744 0.00680021131898549 -0.00899427626436074 -0.014869750800455 0.999825860153472
1703155839000380 -11.7443040740214 -9.70323600141831 10.3419496386558 0.00678820731403099 -0.00895079474611001 -0.0149289570455867 0.99982544964429
1703155839000460 -11.7685591172439 -9.72303011657891 10.3629955033198 0.00674545585299171 -0.00894725203078968 -0.0149667610974867 0.999825205507785
1703155839000540 -11.7925952639276 -9.74265545175076 10.3837766712355 0.00675313610812103 -0.00895832287782675 -0.0149949788847007 0.999824631729069
1703155839000620 -11.8168593109315 -9.76247586031234 10.4048042380458 0.00662742071214843 -0.00903257183969868 -0.0149547396343143 0.999825407610316
1703155839000700 -11.8412488499115 -9.78234876446671 10.4260488652009 0.00652877545392797 -0.00905211779139886 -0.0150149974707446 0.999824976736187
1703155839000780 -11.8650213689415 -9.80187307662718 10.4467325721157 0.00640333650786536 -0.00912671182891306 -0.0149117374239221 0.999826655225674
1703155839000860 -11.8889473301001 -9.82143457713911 10.4675139278124 0.00644510116495335 -0.00905763213467035 -0.0150309185256903 0.999825230457484
1703155839000940 -11.9129022599952 -9.84098962955253 10.4883398136244 0.00642703142128978 -0.0090419741149998 -0.0150806340488776 0.999824739865891
1703155840000020 -11.9368570574399 -9.86054970996319 10.5091701057506 0.00636225782374992 -0.00903910274190151 -0.0151503302629057 0.999824126429209
1703155840000100 -11.9606685612492 -9.88001069425362 10.5299115068399 0.00631786740701029 -0.00906163440035243 -0.0151244415496666 0.99982459591732
1703155840000220 -11.9962664800066 -9.90910143859051 10.5608290058291 0.00599191300370803 -0.00935926897440062 -0.0147922984681957 0.999828829834812
1703155840000300 -12.0200405767411 -9.92850489271371 10.5814782880017 0.00591198781113999 -0.00944070535996618 -0.014679743235548 0.999830198894275
1703155840000380 -12.0438338934278 -9.94799361373713 10.6021977388312 0.00587060316961195 -0.00944753958555084 -0.0146147035706847 0.999831331002257
1703155840000460 -12.0670573949334 -9.96707159027471 10.6223712790903 0.00594903708247974 -0.00939041375927986 -0.0146201009916044 0.999831326641757
1703155840000580 -12.1015485282902 -9.99544691276511 10.6523439065512 0.00602767691485437 -0.00937828467263812 -0.014550636789701 0.999831982813424
1703155840000700 -12.1357873535085 -10.0236919179342 10.6821550188562 0.00612127065323836 -0.00935522377765365 -0.0145204303558989 0.999832069367621
1703155840000820 -12.1699492644492 -10.051682275198 10.7117843981516 0.00626621963697916 -0.00927399540498655 -0.0144696901757434 0.999832663782749
1703155840000940 -12.2038865790824 -10.0797019688061 10.741419122705 0.00644900768119619 -0.00919903570331983 -0.0145140315262342 0.99983155127797
1703155841000060 -12.2377541471041 -10.1076184067177 10.7709381504001 0.00664882838305586 -0.00911204337979755 -0.0145492201069614 0.999830527609983
1703155841000180 -12.2716190758561 -10.1354828166509 10.8003953092593 0.00669088579692183 -0.00914241427148248 -0.0145293948129469 0.999830258091298
1703155841000260 -12.2939296114392 -10.1537372687517 10.819658571003 0.00680576243469114 -0.00906149183374409 -0.0145217851080856 0.999830329966392
1703155841000340 -12.3163436218245 -10.1721463340095 10.8390558118309 0.0070056540930724 -0.00897241012426966 -0.0145510909893316 0.999829326644458
1703155841000460 -12.3502707544978 -10.1997871759294 10.8683128040024 0.0071269616215805 -0.0088714779522654 -0.0146176877536916 0.999828398527329
1703155841000540 -12.3730611423091 -10.2183318683516 10.888097778464 0.00700110569729149 -0.00897041605411632 -0.0145986135925518 0.999828683643356
1703155841000620 -12.3952421124745 -10.2365094066806 10.9073721702277 0.00694966906897516 -0.00900620916137523 -0.0145670740342427 0.999829180735617
1703155841000700 -12.4175972831117 -10.2548693851521 10.926827428628 0.00696454055556151 -0.00896497490346277 -0.0146294976239339 0.999828536399668
1703155841000780 -12.4395875045641 -10.2728881588794 10.9458994550332 0.00697278324410862 -0.00893871757810011 -0.0146392388893213 0.999828571459443
1703155841000860 -12.4621005440422 -10.2912228473257 10.9653437803053 0.00702938800933434 -0.00892139783215045 -0.0147153061801287 0.99982721313683
1703155841000940 -12.4848433236298 -10.3098267226899 10.9850956930623 0.00705603518337016 -0.00885750452755141 -0.0148339941037167 0.999825839634067
1703155842000060 -12.5185441940838 -10.3374737867312 11.0145032416452 0.00706693366566754 -0.0087811347766817 -0.0149433693159503 0.999824807570849
1703155842000180 -12.5519467586458 -10.364766849841 11.0434817130313 0.0069694563484295 -0.00887616518892954 -0.0148533086470676 0.999825994657061
1703155842000260 -12.5742518492004 -10.3830626247964 11.0628608622424 0.00688896753582218 -0.00888625620006346 -0.0148627231688298 0.999826322936661
1703155842000380 -12.6077266555317 -10.4105571772142 11.0920406881627 0.00682616359583141 -0.0088276519915174 -0.0149973295057873 0.999825262812745
1703155842000500 -12.6407273319524 -10.4374253369976 11.1206178508999 0.00686587925841084 -0.00875933747321102 -0.015095364291352 0.999824116375451
1703155842000620 -12.6737578268661 -10.4644466566685 11.1493936717893 0.00677553023953354 -0.00883612550294238 -0.0150329208709858 0.999824997870205
1703155842000740 -12.7066568942249 -10.4914123058802 11.1780782560523 0.00658930797007973 -0.0089404085775076 -0.0149729801859463 0.999826214889015
1703155842000860 -12.740056016163 -10.5191896348222 11.2074370577114 0.0066005564748217 -0.00889106295625519 -0.0150850179941313 0.999824896612325
1703155842000980 -12.7714125087513 -10.5449916129782 11.2347353355754 0.0065534342464008 -0.0090179802743293 -0.0148910156661421 0.999826978123605
1703155843000100 -12.8028459661457 -10.570848427775 11.2620579043986 0.0067464458394884 -0.00895182869221913 -0.0148653311877821 0.999826671058678
1703155843000180 -12.8239977754044 -10.588186333735 11.2803348956491 0.00683071800010627 -0.00888801630678387 -0.0149284593360644 0.999825727594357
1703155843000300 -12.8554298429034 -10.6140648756805 11.3076446610494 0.00674659896546818 -0.0090828313224324 -0.0147174840389662 0.999827675772745
1703155843000380 -12.8766555764545 -10.6314504423038 11.3260625989818 0.00665226706082525 -0.00917161643742905 -0.0146228460408372 0.999828885944261
1703155843000500 -12.9079935532806 -10.6570643658969 11.3532136335782 0.00672429787751616 -0.00916641769508294 -0.0146448287140764 0.999828130028671
1703155843000620 -12.9379584240709 -10.6817279923428 11.3792231059418 0.00705866099345751 -0.00895427711052329 -0.0148349952331899 0.999824944249161
1703155843000740 -12.9698049563473 -10.7078807509942 11.4069000621585 0.00723259951990515 -0.00887538127403834 -0.0147499512076109 0.999825662828674
1703155843000860 -13.0007087595525 -10.7333009390347 11.4337681542649 0.00725990391321743 -0.00894404231840062 -0.0146710533029106 0.999826013913001
1703155843000980 -13.0319250291568 -10.7589837321698 11.4608723621934 0.0074536431975493 -0.00883057841571592 -0.0148095546384018 0.999823555023255
1703155844000100 -13.0627572645103 -10.7841911294324 11.4875852819983 0.00746216261536385 -0.00882332578067982 -0.0147902751386051 0.999823840890281
1703155844000220 -13.0936219336205 -10.8095301947057 11.5143625638381 0.0074546113349747 -0.00885919439245604 -0.0147413246519172 0.999824302961309
1703155844000340 -13.124376776636 -10.8347671711663 11.5410133705862 0.00753128080782719 -0.00878913627141246 -0.0148840187318572 0.999822232639076
1703155844000420 -13.1448184663659 -10.8515531196093 11.5587502763027 0.00757616333266374 -0.00873893790110956 -0.0150546025457903 0.999819779588154
1703155844000500 -13.1650807211297 -10.868153770971 11.5763149371531 0.00771416461937632 -0.00862539695419981 -0.015143191606913 0.999818372475503
1703155844000580 -13.1851938034978 -10.8846864031665 11.5937950707479 0.00783785705556447 -0.00852702726489371 -0.0151476098291668 0.999818187331709
1703155844000820 -13.2462009998988 -10.9346065807148 11.6467134516932 0.0077616224286814 -0.00853413711501298 -0.0151767656250132 0.999818279241853
1703155844000940 -13.2767848139197 -10.959687754357 11.6733130143707 0.0075769007738238 -0.0086382411632597 -0.0151618864097837 0.999819027906934
1703155845000060 -13.3068240656056 -10.9843613009124 11.6994101590612 0.00761748231458867 -0.00861007536875322 -0.0152134543122768 0.9998181791572
1703155845000220 -13.3468172251803 -11.0171396623815 11.7341928276111 0.0075653612503652 -0.00861149839050674 -0.0152822787862224 0.999817513029114
1703155845000380 -13.3867708857574 -11.0498449957445 11.7689666039927 0.00733046243788727 -0.00879815914167775 -0.015149134179974 0.999819663964338
1703155845000500 -13.4165716244294 -11.0742374657442 11.7949162996349 0.00735260845885224 -0.00865487929804287 -0.0153486134362626 0.999817709524477
1703155845000620 -13.4460531221321 -11.098386428979 11.8205505980594 0.00740322508122309 -0.0085435290018812 -0.0155003003660113 0.999815953593037
1703155845000700 -13.4657119989375 -11.1145359291209 11.8376424514777 0.00738245669147255 -0.00854635454930001 -0.0154741688161363 0.999816487789917
1703155845000820 -13.4950514368195 -11.1386557554418 11.8631890899782 0.00718323665368824 -0.00870289279988133 -0.0153036108179933 0.999819213790184
1703155845000940 -13.524863403319 -11.1632123386711 11.889187293163 0.0070179121602102 -0.00878855297993325 -0.0152798607940041 0.999820001850106
1703155846000060 -13.5531622095772 -11.1864068120834 11.9137639417979 0.00703975984144042 -0.00883363882608214 -0.0151433496802742 0.99982152785731
1703155846000180 -13.5821172150163 -11.2102166453945 11.9389799076194 0.00689708157400653 -0.00894632139423973 -0.0150188790060633 0.999823397842176
1703155846000340 -13.6204390606564 -11.2416551130167 11.9722753545767 0.00687375413181318 -0.00899390575717516 -0.014903429777432 0.999824859134957
1703155846000500 -13.658760267008 -11.2730296434949 12.0055787518381 0.00677042286102814 -0.00913261343379091 -0.014714959379145 0.999827098410831
1703155846000620 -13.687274075418 -11.2963949472607 12.0303030873853 0.00671542176301973 -0.00915915634251519 -0.0146304395471834 0.999828466890343
1703155846000740 -13.7155194556134 -11.3195824674934 12.0548332770979 0.00675447689676853 -0.00916514218987149 -0.0146051843528334 0.999828518197251
1703155846000860 -13.7440690611041 -11.3428989869064 12.079579235073 0.00673574963824994 -0.00915720597330858 -0.014643158931331 0.999828161811861
1703155846000980 -13.7723628350008 -11.3661559567744 12.1041938742301 0.00661199414640511 -0.0092849095928104 -0.0145457017035892 0.999829232693869
1703155847000260 -13.8372055437755 -11.4193837237682 12.1604535267522 0.00672509573020771 -0.00923426332697617 -0.0145332627276572 0.999829128272785
1703155847000460 -13.8833295635502 -11.4573266483945 12.2005637880563 0.00684057228472112 -0.00917490792224328 -0.0146073423953457 0.999827811767397
1703155847000580 -13.9106982670251 -11.4798337021464 12.2242760773461 0.00695712562591497 -0.0091221310277816 -0.0146478104493575 0.999826898406708
1703155847000740 -13.9472313156617 -11.5098284265693 12.2560021499931 0.00698131018789273 -0.00915849573281132 -0.0145835921348261 0.999827336145806
1703155847000940 -13.9923156333324 -11.5468143150038 12.2950917916574 0.0072019014174958 -0.00901122988491025 -0.0147217646080129 0.999825084701699
1703155848000100 -14.0278502358801 -11.576008829509 12.3259171701543 0.0077589270563178 -0.00857657166879811 -0.0151706939727338 0.999818029200179
1703155848000220 -14.0543549400874 -11.5977037429381 12.3488132686309 0.00803953313163831 -0.00837472957613414 -0.0152503265899258 0.99981631180455
1703155848000380 -14.0894502372436 -11.6266072505893 12.3792319970016 0.0083713819433389 -0.0081652220569628 -0.0154110008142528 0.999812857572367
1703155848000500 -14.1157081203024 -11.6482755646193 12.4020828015266 0.008483719297222 -0.00812442142282473 -0.0154591573707055 0.999811499602209
1703155848000620 -14.142128605787 -11.6699950267083 12.4250367557749 0.00838862937322297 -0.00822452064289064 -0.0153784051481114 0.999812728871029
1703155849000020 -14.2278619061954 -11.7404962691002 12.4991397837769 0.00887699891279665 -0.00796605042863705 -0.0156760287017915 0.99980598270615
1703155849000140 -14.2535474899832 -11.7616006457548 12.5213880689661 0.0089519937979983 -0.00794603111117991 -0.015771047976473 0.999803979009058
1703155849000300 -14.2866224991381 -11.7888057993218 12.5500370698378 0.00913183485053693 -0.00789019011709814 -0.0157670309846169 0.999802858180606
1703155849000500 -14.3283554285839 -11.8231412577208 12.5862542975646 0.00908866205618339 -0.00801363500574136 -0.0156589036938321 0.999803969091507
1703155849000700 -14.3702625022319 -11.8574359844988 12.6226886695188 0.00928839716408666 -0.00776699247712194 -0.0161768661529008 0.999795833411729
1703155850000220 -14.4764984097199 -11.9445266131423 12.7145492794162 0.00891309677904972 -0.00815546804331795 -0.0160113921600096 0.999798819947243
