1695209596000480 -9.16202821930539e-06 -1.28378972969279e-05 9.11151628367867e-06 7.50063137255843e-06 9.61719093647789e-06 -1.13859057928598e-05 0.999999999860806
1695209596000800 -0.0874724353154323 -0.0770100438441637 0.0822827371918683 0.000388113194746876 0.000452670219412197 -0.000315347288192437 0.999999772506928
1695209597000080 -0.163842474041758 -0.144321372052588 0.154044541012812 0.000631296359813476 0.000756802152062069 -0.000467440299385537 0.999999405107311
1695209597000320 -0.23130988409711 -0.203221641181693 0.217250387761219 0.000323476855206523 0.000497158551620332 -0.000393109813898528 0.999999746830354
1695209597000520 -0.287556262885733 -0.252202504562286 0.269921133967395 0.000286475760207871 0.000705763320934101 -0.00064437401338109 0.999999502305828
1695209597000680 -0.331661448414619 -0.290940799141335 0.311294892748647 0.000318721856461331 0.000726313318231197 -0.000607814573686112 0.999999500723268
1695209597000840 -0.376800536633502 -0.330294471465641 0.353668560181767 0.000487901443898291 0.00106022267237831 -0.000989329768171957 0.999998829552653
1695209597000960 -0.411448911566497 -0.360570357552832 0.38597176761949 0.000235604645998798 0.000886709961326357 -0.000957237458909169 0.999999120965785
1695209598000120 -0.451960661451694 -0.396698374760551 0.42435198551268 0.0007476030679674 0.00136098832867722 -0.00111240266715212 0.9999981756787
1695209598000240 -0.484594633053819 -0.425147780085182 0.454895882266221 0.00125760776236995 0.00178804463202326 -0.00163272020421586 0.999996277764995
1695209598000400 -0.527402611733824 -0.46285353194303 0.495151916659319 0.00169428729648601 0.00223857880915255 -0.00204706665159711 0.99999396381858
1695209598000520 -0.558272986551507 -0.490098019485524 0.524107271884137 0.0022496203256222 0.00271497200636733 -0.00233297830073074 0.999991062633883
1695209598000720 -0.61179488132014 -0.537419368095024 0.5742703627858 0.00239676695330168 0.00262579550871425 -0.00185152731930677 0.999991966244081
1695209598000920 -0.66673318077692 -0.585559259702311 0.625660502327588 0.00226699254189163 0.00237552855727092 -0.00140673525453249 0.99999361933205
1695209599000040 -0.699750358027963 -0.614359963881309 0.656638041850712 0.00200883635153558 0.00205946801948761 -0.000986365968809147 0.999995375114388
1695209599000120 -0.720708769354421 -0.63295893652446 0.676333495215655 0.00213974923941719 0.00217561523592064 -0.000920412825128776 0.999994920492984
1695209599000200 -0.741494986898191 -0.65150731998271 0.695863523042043 0.00234298527545168 0.00226891905814586 -0.000882374517350616 0.999994291904468
1695209599000280 -0.762143620790182 -0.669714095136298 0.715176070755991 0.00275611262759437 0.00254638136663841 -0.00103138931367079 0.999992427981934
1695209599000360 -0.782896809802892 -0.688159619292668 0.734645689919197 0.00309270802956103 0.00280238048083856 -0.00118047684102895 0.999990594103321
1695209599000440 -0.803970589181927 -0.706820218069085 0.754433449410596 0.00323364374965732 0.00284973420382717 -0.00109223951308644 0.999990114739098
1695209599000520 -0.825505194891663 -0.725848312305439 0.774662545250955 0.00328731024906396 0.0028829947463997 -0.00110329890126097 0.999989832280385
1695209599000600 -0.847464083842059 -0.745120629820057 0.795301624573922 0.00308781467170696 0.00270990207836554 -0.000929025821939498 0.999991129331806
1695209599000680 -0.869502514625392 -0.764563220369259 0.816035944499919 0.0028444688869572 0.00258161747284456 -0.000832495544789191 0.999992275569738
1695209599000760 -0.891569879753802 -0.783939581666604 0.836774744709282 0.00245034360477489 0.00231130145153389 -0.000563705526756631 0.999994167951943
1695209599000840 -0.91307105070032 -0.802841081858336 0.856965318866799 0.00219987429482241 0.00209935101775426 -0.00034326939077956 0.999995317711296
1695209599000920 -0.934233669303568 -0.821582864758709 0.876870010686284 0.0020406358050192 0.00190214236232723 2.47977941737729e-05 0.999996108514935
1695209600000000 -0.954919501387296 -0.839960066456207 0.896310803275923 0.00209778770772681 0.00182232516125804 0.000309675044966654 0.999996091251914
1695209600000080 -0.975969627298608 -0.858526703062196 0.916071664403591 0.00192930544080802 0.00152473270260569 0.000756750471972009 0.999996690144235
1695209600000160 -0.997104301894718 -0.877162670986364 0.935917455944905 0.00165626820043306 0.00131901655493018 0.000944313741653598 0.999997312617656
1695209600000240 -1.01832899124693 -0.895903394523226 0.955899423663516 0.0013807160321018 0.00112838409774935 0.00105385578778164 0.999997854877972
1695209600000320 -1.03927404499874 -0.914337039508711 0.97552663355089 0.00131784078403686 0.00110624614720763 0.000986973082303993 0.999998032697697
1695209600000400 -1.05999506994128 -0.932582595998719 0.994956040286221 0.00140560583525636 0.00117223258195331 0.00083377629636841 0.999997977478003
1695209600000480 -1.08098913511195 -0.951062243707243 1.01464697906213 0.00147505658169282 0.00125510304717859 0.000649414519567342 0.999997913590425
1695209600000560 -1.10188995515461 -0.969417147806997 1.03421561980505 0.00129105908131321 0.00108736287648114 0.000757359021401923 0.999998288606404
1695209600000640 -1.12252963075648 -0.9875334231114 1.05348792740844 0.00126978687837115 0.000981150882482585 0.000893175875203103 0.999998313609121
1695209600000760 -1.15418588736722 -1.01527357373965 1.08309059632816 0.000832454003244068 0.00060708222354993 0.00119636356076662 0.999998753592092
1695209600000840 -1.17546540862063 -1.03387477294994 1.10304338393411 0.000474128804634375 0.00030836366875846 0.00143446008799031 0.999998811218284
1695209600000920 -1.19666246510695 -1.0523980922681 1.12287930564377 0.00022435089419096 8.28151824984692e-05 0.00160853092992032 0.99999867771741
1695209601000000 -1.21733372687868 -1.07048097094393 1.14222621005672 1.46123082588688e-05 -8.49303062905798e-05 0.00170628098294089 0.9999985405882
1695209601000080 -1.23781351755503 -1.08856804284969 1.16139003920879 1.52254430243623e-05 -7.37253245229784e-05 0.0015675536591934 0.999998768553386
1695209601000200 -1.26806190480275 -1.11531221666525 1.18970967734568 0.000105758189638264 -8.84897554867979e-05 0.00146994831154338 0.999998910117771
1695209601000320 -1.29916252710434 -1.14236540896928 1.21867297808531 -8.65281268764735e-05 -0.000170371005637148 0.00130535234782942 0.999999129770547
1695209601000440 -1.32996281955521 -1.16909706811226 1.24732425535797 -0.000164154553221925 -0.000159583727536379 0.00103917525218304 0.999999433850396
1695209601000520 -1.35004459303534 -1.18665432511331 1.26607239881016 -0.000421715029888716 -0.00042163691753481 0.0012947550666907 0.999998983993514
1695209601000640 -1.37984902121265 -1.21280866578175 1.29386358265563 -0.000342641101986648 -0.000440523761150806 0.00141787038947698 0.999998839089051
1695209601000760 -1.40992755578739 -1.23905840445336 1.32183073691405 -0.000337741119145483 -0.000475126611442468 0.00131150509619108 0.999998970069481
1695209601000880 -1.44023905008411 -1.26555807052516 1.35010113029711 -0.000246327537738688 -0.000446059416591648 0.00106775008444454 0.999999300131504
1695209602000000 -1.47079232464131 -1.29209369875722 1.37845584936748 -0.000251889280797941 -0.000577131022530115 0.00100986926991352 0.999999291817565
1695209602000080 -1.49106193218899 -1.3097535212139 1.39730001358552 -0.000243821190059899 -0.000651169556029459 0.000971288624972076 0.999999286563667
1695209602000160 -1.51108498618614 -1.32736977764143 1.41602221972489 -0.000214396484928302 -0.000733751193265346 0.000990599850456935 0.999999217177329
1695209602000240 -1.5314094075952 -1.34499678761332 1.43483236387767 -0.000176583997745833 -0.00070025388780317 0.00070739694557309 0.999999489025942
1695209602000320 -1.55189489576737 -1.36267942452072 1.45374378919474 -0.000212347821359624 -0.000732023479351979 0.000323852599456841 0.999999657084702
1695209602000400 -1.57166145968781 -1.37999707807558 1.4721719631442 -7.75578304410751e-05 -0.000693267953158522 0.000113114003461406 0.999999750284744
1695209602000480 -1.5911526865122 -1.39707165767568 1.49029623889583 0.000228448735691968 -0.000560030990067578 0.00011421023076056 0.999999810566226
1695209602000560 -1.61059409980213 -1.41405146298912 1.50835524470947 0.000583653028868595 -0.000398416901177375 -9.29188031288029e-05 0.999999745989573
1695209602000640 -1.63064460417687 -1.4312563664655 1.52675429243719 0.000535772752886339 -0.000496386605880495 -0.000234629701592135 0.999999705748356
1695209602000720 -1.65101267119294 -1.44872361614057 1.54552669620759 0.000256547155458345 -0.000760527790883577 -0.000314421240193345 0.999999628460091
1695209602000800 -1.67237857692225 -1.46678487561481 1.56539115397842 -0.000303112897817726 -0.00111212290489773 -0.000283071063245982 0.999999295587746
1695209602000880 -1.69390775007067 -1.48486902070442 1.58530292224433 -0.000661798194634187 -0.00121757831107223 -0.000588960082116214 0.999998866325471
1695209602000960 -1.71422257097094 -1.50222593057312 1.6039739386017 -0.000769635587780441 -0.00130149123053537 -0.000748672231725177 0.999998576634751
1695209603000040 -1.73283446971135 -1.51845759428958 1.62113925573712 -0.000430761197500774 -0.00121267078366945 -0.00087931498493461 0.999998785339022
1695209603000160 -1.75954355980276 -1.54233247263791 1.64606377688233 0.00068920471131093 -0.000481505796113692 -0.00157644567840357 0.999998403982755
1695209603000240 -1.77684985078397 -1.55791278104003 1.66210693713962 0.0014723753951721 -7.71206154187434e-05 -0.00197205421133668 0.999996968578052
1695209603000360 -1.80319747094191 -1.58129473613153 1.68605785621925 0.00188534090238028 -0.000277338302373594 -0.00152076283913439 0.999997027922351
1695209603000480 -1.83066853383256 -1.60559949229992 1.7114611189318 0.00197536051369563 -0.000541064464018085 -0.00092729478727555 0.999997472659038
1695209603000600 -1.8588955181278 -1.62988012515507 1.73739165650528 0.00202974336642848 -0.000678775085276635 -0.000877392383284022 0.999997324790849
1695209603000720 -1.88747752381512 -1.65444983501793 1.76384548921562 0.00188804289356146 -0.000586450890584199 -0.00116564470863795 0.999997366317431
1695209603000840 -1.91352422102686 -1.67742033323572 1.78831851397869 0.00180710120344608 -0.000548648410220752 -0.00130780779492008 0.999997361500986
1695209603000960 -1.9411355798099 -1.7016828036856 1.81377300331961 0.00240201202016627 -0.000235442562989148 -0.00138999356269481 0.999996121403953
1695209604000080 -1.96605691377178 -1.72417493284014 1.8373077334165 0.00356457371650722 -1.99531658395427e-05 -0.000967397779394854 0.999993178755549
1695209604000200 -1.99351718133889 -1.74823596755921 1.86295572941304 0.00344803428879798 -0.00011067489435876 -0.000703141299630752 0.999993802182255
1695209604000280 -2.01394970501055 -1.76567607757154 1.881731411172 0.0030827896952686 -0.000200798376989004 -0.000990925279813268 0.999994737063549
1695209604000400 -2.04089675603684 -1.78934951679882 1.90688760441757 0.00339973921070609 0.000369659579414705 -0.0016826593142572 0.999992736864987
1695209604000520 -2.06937835779889 -1.81394997760294 1.93307226103931 0.0031118076744878 0.000420011750963798 -0.00211996940580979 0.999992822960667
1695209604000640 -2.0980360558782 -1.83878741975784 1.95964106398951 0.00203798887100749 -0.000222422970287317 -0.00166662523466775 0.999996509738765
1695209604000800 -2.13448942087324 -1.87066390528328 1.99357515264261 0.00176012287725347 -0.000492935996383132 -0.00123385115619166 0.999997568293486
1695209604000960 -2.16901987669677 -1.90065965961514 2.02553747629305 0.0023875249663503 0.000106792053654198 -0.00194207562915819 0.99999525831988
1695209605000080 -2.19768423268569 -1.92507601546103 2.05213312270055 0.00188196850609775 -0.000135186277873648 -0.00196986382026494 0.999996279770951
1695209605000200 -2.22528681794624 -1.94906131999656 2.0779172598209 0.00138505776253853 -0.000401989263246503 -0.001805268946699 0.999997330508265
1695209605000320 -2.25153833946994 -1.97200322955396 2.10219250899128 0.00174640767593544 -4.64431708407088e-05 -0.00210910670773608 0.999996249779046
1695209605000440 -2.27803718842029 -1.99505935623641 2.12665414683059 0.00210337927747732 0.000203296888940499 -0.00243555222389864 0.999994801262164
1695209605000560 -2.30475764749823 -2.01849095163992 2.15154541218271 0.0022424029540162 0.000317112541696098 -0.00239104676141605 0.999994576967302
1695209605000640 -2.32299781943879 -2.03426287204768 2.16851034786653 0.00220803746822214 0.000389335537002876 -0.00252359954700208 0.99999430220062
1695209605000760 -2.3522488225343 -2.05854480030196 2.19559422942792 0.00229516114068999 0.000847108721496379 -0.00351307736952587 0.999990836422788
1695209605000840 -2.37405203088164 -2.07645435174141 2.21552314178499 0.00223937662378822 0.00108429603677908 -0.00413592793712412 0.999988351729429
1695209605000960 -2.40254633478952 -2.10100415846148 2.24186710045296 0.00248571413948597 0.00151143489608501 -0.00471066803923476 0.999984673080741
1695209606000080 -2.42731256889944 -2.12401734753399 2.26540424768626 0.00266420183116752 0.00136963376431967 -0.0042042221137937 0.999986675235412
1695209606000210 -2.4498826316834 -2.14542300828131 2.28674557616655 0.00231715496507066 0.0003706594613788 -0.00237337420188974 0.999994430234154
1695209606000280 -2.465434307851 -2.1598154652002 2.30144113486507 0.00242871117506291 0.000149772110093084 -0.00160143389067896 0.999995757160918
1695209606000400 -2.49265593115932 -2.18391973786176 2.32692484652137 0.0028879026487907 0.000432186497043132 -0.00171318039007953 0.999994269106615
1695209606000530 -2.5230376251668 -2.20955123614167 2.35484632071812 0.00357549120636569 0.00123508405113045 -0.00277613203749986 0.999988991699874
1695209606000640 -2.55398417965521 -2.23610242809365 2.38330797832092 0.00371597368081286 0.00151852464183667 -0.00309815471120425 0.999987143447305
1695209606000760 -2.58449846922893 -2.26272269959831 2.41163811859988 0.00355961147640225 0.00133289243286295 -0.00282642292748681 0.999988781885744
1695209606000880 -2.6148112624739 -2.28940392755507 2.43987592592355 0.00404112372805907 0.00167519228176566 -0.00299220054021183 0.999985954794246
1695209607000000 -2.64358857473735 -2.31500511369794 2.4666157531156 0.00630273387177329 0.00313679754301319 -0.00396974034870308 0.999967338070839
1695209607000130 -2.67575836783638 -2.34321638867076 2.49656056558798 0.00695969654378668 0.0034720200854541 -0.00446017182910806 0.99995980647614
1695209607000210 -2.69980390994816 -2.36397533908454 2.5189396915941 0.00544559312801423 0.0025069655586729 -0.00370868357509751 0.999975152843965
1695209607000280 -2.72418821718218 -2.38486561792034 2.54165425677007 0.00301634948677487 0.000904327246510123 -0.00235709479668856 0.999992263936139
1695209607000410 -2.75882266448438 -2.41514120558863 2.57411068895942 0.000827518056619245 -0.000695413129748335 -0.000941973030478244 0.999998972150099
1695209607000530 -2.79105758350325 -2.4435451710869 2.60399900835963 0.00159174615813996 -0.000144740423765726 -0.00115202016617916 0.999998059120074
1695209607000610 -2.81215622075035 -2.46202401682219 2.62347170674512 0.00257121293694065 0.000501328900120654 -0.00186631581424052 0.999994827185945
1695209607000690 -2.83560320783773 -2.48264414330424 2.64535167540139 0.00296152802392658 0.000745159118710189 -0.00223185217958884 0.999992846437163
1695209607000810 -2.86796129607433 -2.5109746416241 2.67547824450035 0.00285461561418138 0.000792394434285942 -0.00224829973877196 0.999993084190606
1695209607000930 -2.901729224405 -2.5403790061232 2.706821686037 0.00280485341689176 0.000758818869632907 -0.00226692746966458 0.999993208992481
1695209608000050 -2.93472154647268 -2.56922992650231 2.73747488691863 0.00314456822522688 0.000983126429820439 -0.00251447241417535 0.999991411253906
1695209608000170 -2.96806509768666 -2.59845274207919 2.76850821171279 0.00310919387370682 0.00090127022922597 -0.00232202159458048 0.999992064389085
1695209608000290 -3.00194641360802 -2.62814210870752 2.80000436443626 0.00233271792997386 0.000114037856377285 -0.00128390981038716 0.999996448492706
1695209608000410 -3.0358320020566 -2.65792412436167 2.83153132530173 0.00183354193411811 -0.000365785651485344 -0.000660341816010569 0.999998034134827
1695209608000490 -3.05888330123072 -2.6780991265142 2.85301673743303 0.00190784565800218 -0.000262778021628692 -0.000855491139878877 0.999997779601318
1695209608000570 -3.08216726875423 -2.69831209575042 2.8746132592636 0.0020805312551265 -4.71081701471729e-05 -0.00124972442737805 0.999997053675346
1695209608000650 -3.10597958191439 -2.71888457561141 2.89662048073136 0.00227203466313971 0.000197087737536171 -0.00167548243447694 0.999995995878746
1695209608000730 -3.13019786845679 -2.73992715137557 2.91918442524202 0.00223369799529931 0.000293740122506632 -0.0019189682973588 0.999995620925752
1695209608000810 -3.1543847779033 -2.76100511225598 2.94171907946885 0.00201490700841836 0.000232268807416477 -0.00194695955746042 0.999996047766905
1695209608000890 -3.17797358808537 -2.78158475755226 2.96362643196971 0.00204536491361368 0.000253906240244079 -0.0019068996558778 0.999996057866077
1695209608000970 -3.2011166390723 -2.80191657049936 2.9850715593673 0.0024790977780208 0.000588026712974997 -0.00221973987469613 0.999994290510541
1695209609000050 -3.224298522676 -2.82222159790616 3.00661683412881 0.00284903115849595 0.000818276939042515 -0.00233466780735145 0.999992881359932
1695209609000130 -3.24837961571529 -2.84316972901396 3.02893622766008 0.00305693810391984 0.00105121382751001 -0.00262592554564086 0.999991327259365
1695209609000210 -3.27311222363038 -2.86451162659021 3.0518513964223 0.00280215383728999 0.000887257188497843 -0.00259850818067097 0.999992304202282
1695209609000290 -3.29904585745281 -2.8868438339997 3.0759687966635 0.002311362713349 0.000610671259756462 -0.00231682535280961 0.999994458486298
1695209609000370 -3.32294106180576 -2.90767252987115 3.09815119236673 0.00215105421519566 0.000606388340962155 -0.00231520474724318 0.999994822529558
1695209609000450 -3.34747563772232 -2.92911092698717 3.12098611011928 0.00201199539092024 0.000474647412413737 -0.00208581096240381 0.999995687979208
1695209609000530 -3.37141585224296 -2.95015028857437 3.14327825795987 0.00231747195975563 0.000600285323264176 -0.00208919599454692 0.999994952107931
1695209609000610 -3.39533737933004 -2.97126147959084 3.16563530352547 0.00265809053616968 0.000761342235757928 -0.0021775801315735 0.999993806509556
1695209609000690 -3.42019238542851 -2.993068991193 3.188814701491 0.0029121198651388 0.00101010287750084 -0.00237628588641854 0.999992426229046
1695209609000770 -3.44574680187714 -3.0152639124078 3.21251399143175 0.00277667649648651 0.000911423118738923 -0.00237289140006828 0.999992914355865
1695209609000850 -3.4716373670624 -3.03773437661814 3.23663666191381 0.00253262138617054 0.00085853810808503 -0.00248930481198372 0.999993326029121
1695209609000930 -3.49747335051699 -3.06022831493932 3.26072768961695 0.0026171924060529 0.00112421132431965 -0.00287308521468071 0.999991815883589
1695209610000010 -3.52293620416595 -3.08263152655802 3.28448518785347 0.00284036890492681 0.00127548844457305 -0.00304684804160845 0.999990511030341
1695209610000050 -3.5355294108478 -3.093646218498 3.29609435706964 0.00316906897692085 0.00148013905148348 -0.00317016301422508 0.999988858066264
1695209610000130 -3.5607231735015 -3.11601588211105 3.31961578231354 0.00377504578387062 0.00181142934079565 -0.00333940318080053 0.999985657966888
1695209610000210 -3.58661292544526 -3.13880418120088 3.3436868736253 0.0040479184539629 0.00196696062906425 -0.00331036194639546 0.999984393341145
1695209610000290 -3.61330863077152 -3.16212641383881 3.36851614649649 0.00404628917207069 0.00199960915914598 -0.00330870311250484 0.999984340672823
1695209610000370 -3.64036463732906 -3.1857827735666 3.39371201164385 0.00383849104532775 0.00188548876538512 -0.00314713379476489 0.999985903134383
1695209610000450 -3.6675820188357 -3.20973871760616 3.41913178925311 0.00397099013835529 0.00200487153074659 -0.00315808363741025 0.999985119006881
1695209610000530 -3.69520177937995 -3.23394026233636 3.44487026076063 0.00373881964682102 0.00179265825706255 -0.00284824183387029 0.999987347481196
1695209610000610 -3.72285588194336 -3.25825405627653 3.47069891143359 0.00379577597694962 0.00183317869341211 -0.00272617659534057 0.999987399671507
1695209610000690 -3.7507895088524 -3.28267950688475 3.49669699530856 0.00411938869535645 0.00203914362305137 -0.00272245798989786 0.999985730274465
1695209610000770 -3.77975102277801 -3.30806247401904 3.52366916357041 0.00463301072632801 0.00243003106633766 -0.00316027225050385 0.999981321245517
1695209610000850 -3.80818903883643 -3.33282472220965 3.55015849874438 0.00464347445873469 0.00245525524519672 -0.00317594845602741 0.999981161431573
1695209610000930 -3.83814870739923 -3.35894109056756 3.57814826824034 0.00419518478588809 0.0022101599466047 -0.00301753888227726 0.999984204913616
1695209611000010 -3.86805607055531 -3.38518529368882 3.60620316282511 0.00375892714605756 0.00199994994321312 -0.00281531776229808 0.999986972241555
1695209611000090 -3.89795475113859 -3.41139866555921 3.634164610773 0.00326063144508498 0.0016851420796034 -0.00237274906958852 0.999990449274694
1695209611000170 -3.92780960313466 -3.43749587814846 3.66197927134463 0.0032833522507862 0.0017080584874081 -0.00237946523784411 0.999990320092841
1695209611000250 -3.95822520017857 -3.46409292910902 3.69030173445661 0.00343675601682317 0.00183209151780774 -0.0025389147967812 0.999989192971807
1695209611000330 -3.98910082183028 -3.4909427886583 3.71901014154949 0.0034749453970875 0.00187149796688451 -0.00266617793302125 0.999988656808204
1695209611000410 -4.0205647369869 -3.51814290735461 3.74819001248692 0.00343362812301491 0.00188668251464967 -0.00280180304626782 0.999988400196068
1695209611000490 -4.05261788360119 -3.54585546862764 3.77796254263485 0.00340265200120999 0.0019207143211331 -0.00288298293254547 0.999988210543137
1695209611000570 -4.08334494286123 -3.57299043777652 3.80672798458301 0.00393355905264101 0.00237049148731791 -0.00336864470406664 0.999983779926527
1695209611000650 -4.11368330399606 -3.59983611066693 3.83496994447486 0.0041781644380572 0.00253157082193381 -0.00332350501956849 0.999982544050388
1695209611000810 -4.17662840353487 -3.65530288729142 3.8935827187264 0.00398174047889517 0.0021755697582822 -0.00266577879453762 0.999986153035333
1695209611000890 -4.20888597620518 -3.68349315851432 3.92364185890964 0.00378274236058337 0.00195766233266426 -0.00218270096899212 0.999988547051867
1695209611000970 -4.24096372974111 -3.7116846479299 3.95360093159852 0.00395347430677487 0.00205335620728839 -0.00226002496237307 0.999987522950342
1695209612000050 -4.27326372881421 -3.73993845266012 3.9835911867435 0.00439902307133949 0.00234524042779681 -0.00259449225017232 0.999984208401971
1695209612000130 -4.30598936559776 -3.76859507832426 4.0138652978751 0.00523763057613196 0.00302438282001742 -0.00343931232511216 0.999975795439688
1695209612000210 -4.3389182874918 -3.79750278197435 4.0445658421883 0.00591826339735498 0.00360850414689066 -0.00409154582448961 0.999967605529773
1695209612000290 -4.37227255913474 -3.82691641467023 4.075744172085 0.00575925059461348 0.00346353281161675 -0.00390694997235234 0.999969784901006
1695209612000370 -4.40570926186327 -3.85647510656807 4.10713018689807 0.004791649015599 0.00259999784020311 -0.00299508549613567 0.999980654599784
1695209612000450 -4.43838878975879 -3.885758962526 4.13757712783179 0.00485622117165333 0.00231350698964913 -0.00238487522092186 0.999982688435916
1695209612000530 -4.46980482544803 -3.91380945734644 4.16660206290839 0.00582342917610519 0.00277625637040373 -0.00249872759908402 0.999976067930419
1695209612000650 -4.51953139845485 -3.95789902532648 4.21263475694232 0.00727254636802993 0.00362888751155785 -0.00307345270202815 0.999962246853971
1695209612000730 -4.55346399255202 -3.98782113268335 4.24428641249198 0.00795346959853923 0.00418312939110834 -0.00364937903647451 0.999952961784948
1695209612000810 -4.58746996045454 -4.01783489364683 4.27605451074523 0.00863486537322179 0.00476324019829041 -0.00418659935154249 0.999942609867521
1695209612000890 -4.62185589102485 -4.0480163276307 4.30809547318008 0.00935880594381731 0.00534887890922369 -0.00495744036863252 0.999929610538018
1695209613000010 -4.67541823472352 -4.09470372597169 4.35755767564222 0.00899777599113836 0.00489638368879427 -0.00473055631958675 0.999936341619251
1695209613000090 -4.71491976722027 -4.12891042491457 4.3940567269389 0.00740435589336801 0.00389019222386175 -0.0041507678627163 0.999956405571971
1695209613000170 -4.75336087936577 -4.16219519841612 4.42972089457352 0.00666074729462993 0.00366325796628316 -0.00422396155938422 0.999962185852692
1695209613000290 -4.81006334227045 -4.21120131442004 4.48243757026373 0.00618778765458877 0.0035150222348219 -0.00475316024004523 0.999963381014706
1695209613000410 -4.86573624838936 -4.25945435598842 4.53425765452805 0.00610475834662818 0.00361632963281229 -0.00533712443745445 0.99996058381731
1695209613000530 -4.92064572341714 -4.30740532228864 4.5856111290429 0.00598372235579656 0.00362869657846258 -0.0057652440894209 0.999958893949396
1695209613000650 -4.97527802696255 -4.35500309910209 4.636271678089 0.0058347591472303 0.00368175355898239 -0.00602884953723072 0.999958025743922
1695209613000770 -5.02912743844593 -4.40191113690787 4.68604324538503 0.0056432027937136 0.00351022434929625 -0.00588279057742923 0.999960611905423
1695209613000850 -5.06402535128291 -4.43252938019792 4.7184177816803 0.00580557013651449 0.00347046894216407 -0.00559255547440915 0.999961486520344
1695209613000930 -5.0987112205324 -4.46296076809565 4.75064947960774 0.00600493157530868 0.00344571971041334 -0.00535350457052862 0.999961703167309
1695209614000010 -5.13378467928515 -4.49363704847603 4.78318165924838 0.00626913746860597 0.00348829316952575 -0.0052715674573866 0.999960369366059
1695209614000090 -5.16915691041731 -4.52428068503502 4.8157666043602 0.00636884200099765 0.0034910187146824 -0.00525327778373376 0.99995982604924
1695209614000170 -5.20524876435734 -4.55582301548531 4.84938308306809 0.00632862673993888 0.00337233233022138 -0.00510074963861667 0.999961278356
1695209614000250 -5.24017753382727 -4.58627300895496 4.88172817837796 0.00635485828574129 0.00331022196028514 -0.0050362907117055 0.9999616462558
1695209614000290 -5.25791977530335 -4.60200665464036 4.89825477326744 0.00639656062297883 0.00330345023575615 -0.00497474254579909 0.99996171084964
1695209614000370 -5.29277905249144 -4.63260457095918 4.93060486051703 0.0065262653606896 0.00337559804272008 -0.00502074460239289 0.999960401876961
1695209614000450 -5.32770907460673 -4.66311888704493 4.96293631163659 0.00676403675971258 0.00351637539540024 -0.00521892252201507 0.999957321968543
1695209614000530 -5.36280741042231 -4.69392802450602 4.99549518636976 0.00712233084402355 0.00382110823349035 -0.00565031296157585 0.999951371566964
1695209614000610 -5.39833635420864 -4.72496615912115 5.02857207263792 0.0073766051453505 0.00405573645631008 -0.00602338687965635 0.999946426319343
1695209614000690 -5.43547493887251 -4.75736322420704 5.06306537216446 0.00735642505080299 0.00404839559459817 -0.00614598743305879 0.999945858705387
1695209614000770 -5.47117962575937 -4.78824163534574 5.09599396329201 0.00703312593186477 0.00385367363454723 -0.00597453969936412 0.999949993356931
1695209614000850 -5.50828535494618 -4.8203771225257 5.13051795822221 0.00644132749034714 0.00334333729050379 -0.00550391749590992 0.999958518283695
1695209614000930 -5.54634508442957 -4.8532317179831 5.16594459937668 0.00561939635298365 0.00277272206174306 -0.00505453326655726 0.999967592520104
1695209615000010 -5.58543534682168 -4.88719032006178 5.20245820750775 0.00472705134402902 0.00220863201496738 -0.0047584069213859 0.999975066936063
1695209615000090 -5.62235991454595 -4.91918349589452 5.23686281934577 0.00424885898806261 0.00191528730219113 -0.00467681091190936 0.999978202918216
1695209615000170 -5.65953373015453 -4.95149353750827 5.27135064809835 0.00413364465662498 0.00192021149937969 -0.00480038199601232 0.999978090811165
1695209615000250 -5.69647347973331 -4.9836204664769 5.30553704996582 0.00424327954987952 0.00204932936342443 -0.00508235381691039 0.999975981965318
1695209615000330 -5.73264354150209 -5.01517202363943 5.33902142915175 0.00435138922571305 0.00215161961453016 -0.00522098669506006 0.999974588298508
1695209615000410 -5.76836787804626 -5.04643622167106 5.37222603624612 0.00421545370827579 0.00196626639071392 -0.00495073803616939 0.999976926703517
1695209615000490 -5.80445694909083 -5.07780068053475 5.40558188754969 0.003948664160987 0.00160963244912929 -0.00440525533094646 0.999981205253475
1695209615000570 -5.84038897126448 -5.10928255252538 5.43908163386799 0.00355772929264829 0.00102932543917669 -0.00369175007431724 0.999986326922928
1695209615000650 -5.87637121833678 -5.14053270814455 5.47234095449397 0.00330813109555281 0.000595288207316238 -0.00299645450598023 0.999989861529105
1695209615000730 -5.91217554227308 -5.17180617220946 5.50558622811813 0.00326807563195718 0.000438069528839574 -0.00268527395502853 0.999990958499395
1695209615000810 -5.94837534307032 -5.20351190592154 5.53926633483691 0.00320135721526758 0.000403740201270479 -0.00264644923662522 0.999991292268222
1695209615000890 -5.98520179857399 -5.23552865273649 5.57336633447281 0.00301848313267854 0.000282760756486279 -0.0025506715973262 0.999992151409367
1695209615000970 -6.02173560013392 -5.26739500333039 5.60721634076003 0.00289994631997609 0.000148093282609376 -0.00248110092573292 0.999992706232359
1695209616000050 -6.05873472371525 -5.29963558399949 5.64138995362008 0.00261161835409498 -0.000157578392979245 -0.00220647707842132 0.99999414302161
1695209616000130 -6.09503346994253 -5.33132770302915 5.67501347514309 0.00243899454240517 -0.000334721763446508 -0.00204079378351634 0.999994887200778
1695209616000210 -6.13144206884891 -5.36314271825457 5.7087826502459 0.00243592339090217 -0.000394474715848756 -0.00198502285181216 0.999994985163031
1695209616000290 -6.16812067751238 -5.39511159522919 5.74271040159802 0.00250296361949543 -0.000362272641036608 -0.00203232890708386 0.999994736771582
1695209616000370 -6.20469682434258 -5.42704029928996 5.77654055249535 0.00264273784764794 -0.000275131853829322 -0.00208213533687627 0.999994302459554
1695209616000450 -6.24105504339666 -5.45890003859839 5.81023857905333 0.00292265819912957 -0.00011509336950808 -0.00221682599477809 0.99999326522986
1695209616000530 -6.27771913193992 -5.49080332313299 5.84406438006971 0.00293241365984279 -0.0001701358318254 -0.00212251277818755 0.999993433450157
1695209616000610 -6.31491177639481 -5.52307339917466 5.87838858060922 0.00279693784376068 -0.000351215525155351 -0.00196339559669495 0.999994099414634
1695209616000690 -6.35167631327156 -5.55511698615648 5.91238107848266 0.0026527572593585 -0.000513357576551193 -0.00176974567529466 0.999994783657978
1695209616000770 -6.38864267286072 -5.5874188226696 5.94664660544837 0.00251322238578546 -0.000600557633548255 -0.00170006592192437 0.999995216398373
1695209616000890 -6.44370280953335 -5.63547757834172 5.99767400005689 0.00252749470878414 -0.00057287160817626 -0.00184090089094005 0.999994947323499
1695209616000970 -6.48108380712554 -5.66789845449908 6.03218492450176 0.00248391988558043 -0.000641880052078839 -0.0018668376633421 0.999994966511902
1695209617000050 -6.51819975183392 -5.70018775301584 6.06644728099847 0.00250663278169024 -0.000607132455002871 -0.00196530380700395 0.999994742867794
1695209617000130 -6.55569443467658 -5.73280901839526 6.10110271527574 0.00236359466217514 -0.000722055288964937 -0.00191285708485276 0.999995116505178
1695209617000210 -6.59306422298205 -5.76532829451559 6.13567529285095 0.00222058783361571 -0.000823991315015552 -0.00180875649019021 0.999995559204112
1695209617000290 -6.6303219973141 -5.79788490874655 6.1702428724763 0.00217092544961333 -0.000858293543267416 -0.00184104623934167 0.999995580472049
1695209617000370 -6.6680759418442 -5.83071958212376 6.2051533538188 0.00201248483461967 -0.000955284718751002 -0.00176224059230683 0.999995965913859
1695209617000450 -6.70578986529822 -5.86344802069907 6.24009433709751 0.00195873557978178 -0.0010180969759613 -0.00175660684980294 0.999996020575008
1695209617000530 -6.74279747836174 -5.89562007791922 6.27436507429925 0.00187788683995959 -0.00112864112846892 -0.00162755475762524 0.999996275380929
1695209617000610 -6.78016506414963 -5.92816702767766 6.30889193010614 0.00180653977338002 -0.00123226500914403 -0.00147610023387164 0.99999651952649
1695209617000730 -6.83417620022055 -5.97532960921091 6.35888144750809 0.00199833785493742 -0.00114345025685138 -0.00148444326123432 0.999996247790726
1695209617000810 -6.8707284546255 -6.00732190765184 6.3927478246812 0.00201921251828537 -0.00121918907123938 -0.00139600104906583 0.999996243762888
1695209617000890 -6.90720326129611 -6.03920984410028 6.42643181332823 0.00215937294639232 -0.00118617500100921 -0.00132170529297524 0.999996091588594
1695209617000970 -6.94353343953701 -6.07105287696493 6.45994927434504 0.00242878600375007 -0.00106627204454804 -0.00129866378381936 0.999995638757916
1695209618000050 -6.97992282351115 -6.10294503704462 6.49354115526999 0.0028744132435927 -0.000755120243789385 -0.00148704179145656 0.999994478109071
1695209618000130 -7.01649482779864 -6.13513808101199 6.52740014288658 0.00332508773439131 -0.000493170662104796 -0.00164210452205732 0.999993002009012
1695209618000210 -7.05313352456285 -6.16744570236988 6.56145138049498 0.00377112102447823 -0.000200022755137576 -0.0019067229692079 0.999991051482279
1695209618000290 -7.0902798894391 -6.19985007055038 6.59570811126195 0.00414889273725246 0.000114377888463531 -0.00217878973678863 0.999989013180663
1695209618000370 -7.12764689144239 -6.23236355557076 6.63009778196991 0.00459146306227171 0.000488452040798216 -0.00251363016295753 0.999986180676991
1695209618000450 -7.16546224380725 -6.26529577741232 6.66495888392313 0.00455246139125951 0.00044663785971876 -0.00259500763653908 0.99998617067701
1695209618000530 -7.20403685673807 -6.29872117782796 6.70052383594737 0.00418822115725208 0.000221162159671733 -0.00249912675872054 0.999988082057122
1695209618000610 -7.24266271918599 -6.33222270339836 6.7362459210284 0.00368102487281503 -0.000107330974805749 -0.00232972503805545 0.999990505413524
1695209618000690 -7.28093472519007 -6.36556528325481 6.77172158740565 0.0034198120550106 -0.000202448024218647 -0.00236197269010773 0.999991342455182
1695209618000770 -7.31930151305852 -6.39889587302765 6.80723959772708 0.00346323422799842 -6.99674946867885e-05 -0.00265766132242156 0.999990468929343
1695209618000850 -7.35846696921368 -6.43283227005296 6.84339065135445 0.00349573754442359 5.17024988222882e-05 -0.00299908497672769 0.999989391261315
1695209618000930 -7.39704634785684 -6.46629821960296 6.87903456593978 0.00366769525367924 0.000236697145226301 -0.00336512422818792 0.999987583885378
1695209619000010 -7.43551361152404 -6.49971897031225 6.91462473801314 0.00360489505560104 0.000250015120899831 -0.00351882085129599 0.999987279981048
1695209619000090 -7.47436876173814 -6.53338397857946 6.95037530442144 0.00329536229895406 1.78406353169802e-05 -0.00328198071984181 0.999989184377304
1695209619000170 -7.51284289205344 -6.56680345679444 6.98588494463089 0.0029490710444334 -0.000370247259919202 -0.00284336169428028 0.999991540559827
1695209619000250 -7.55118912213846 -6.60009630652258 7.02114183232917 0.00255578375115737 -0.000745440606331399 -0.00234330114344688 0.999993710593957
1695209619000330 -7.58891266623932 -6.63296484266843 7.05604863387786 0.00254878976127082 -0.000845449466608062 -0.00210516427137322 0.999994178567727
1695209619000410 -7.62696798174636 -6.66630389034657 7.09121820189201 0.00275345640336504 -0.000736711476581323 -0.00223043614663918 0.999993450422867
1695209619000490 -7.66475539241841 -6.69921113239831 7.12595493763405 0.00331450420776759 -0.000404974152910962 -0.00250456918977856 0.999991288557538
1695209619000570 -7.7025811343237 -6.73243678566022 7.16092302561291 0.00374889339155498 -0.00010443307022743 -0.00279453735374839 0.999989062666713
1695209619000650 -7.74144918480216 -6.76651001673502 7.19684480148146 0.00408530556365593 5.16003937163036e-05 -0.00279848157084434 0.999987737983196
1695209619000730 -7.78090390450434 -6.80112045178265 7.23328950840889 0.00399741009443314 -0.0001317451447923 -0.00250449671308634 0.999988865363994
1695209619000810 -7.81927858871303 -6.83439948332731 7.26853361497994 0.00432689480775211 0.000133519595086134 -0.00253568444361784 0.999987415149932
1695209619000890 -7.86195563666161 -6.87183894056478 7.30820348663526 0.00408232654896837 -0.000324398664012355 -0.00209974945787313 0.999989410157762
1695209619000970 -7.90359535891458 -6.90804128856233 7.34647552845651 0.00422978099539032 -0.000223721852235065 -0.00221593107864649 0.999988574210085
1695209620000050 -7.94585560755458 -6.94467644681578 7.38515551964196 0.00449866029405133 7.774764787044e-05 -0.00256844329467039 0.999986579464897
1695209620000130 -7.98893381177837 -6.98212469771435 7.42487708906323 0.00472199398004559 0.000382221800588404 -0.0029758282578984 0.999984350440309
1695209620000210 -8.03236110490702 -7.02008967578748 7.46519144820654 0.00493977961332238 0.000651863406370356 -0.00334159919681588 0.999982003521203
1695209620000290 -8.07804704203981 -7.05997011966621 7.50726888421842 0.00512822009643037 0.00082665770722293 -0.00360225448461966 0.999980020679566
1695209620000370 -8.12019635519417 -7.09665393130249 7.54606887579094 0.00524046400469759 0.000871042691214494 -0.00371062320295938 0.999979004828147
1695209620000450 -8.16533475318702 -7.13569942156035 7.58750879188277 0.00528317962361826 0.000935371615334212 -0.00383126092349766 0.99997826703021
1695209620000530 -8.21112105570772 -7.17540322712304 7.62973994193421 0.00529885700087885 0.00096764907281972 -0.00398890227217392 0.999977536961915
1695209620000610 -8.25754603049084 -7.21559730238107 7.67250972319341 0.00515251753077433 0.000922661795274246 -0.00404463254523053 0.999978120363581
1695209620000690 -8.30456471462046 -7.25632232804143 7.71589924460379 0.00485797296823257 0.000783270652475379 -0.00397958996883787 0.999979974524193
1695209620000770 -8.35192943241262 -7.29729724054053 7.75955906052298 0.00464531244656783 0.000690489224506846 -0.00393985576567353 0.999981210740207
1695209620000810 -8.37581035493161 -7.31803304836476 7.78162068372298 0.00458700601267528 0.000675531638925428 -0.00398333510823763 0.999981317862619
1695209620000890 -8.42316511129371 -7.35921168781814 7.82528839708093 0.00469201950854505 0.000770166017699781 -0.00406326997280557 0.999980440625898
1695209620000970 -8.47053177809807 -7.40040357560111 7.86900211321932 0.00489682183025503 0.000922438097789907 -0.00428443196188855 0.999978406710206
1695209621000050 -8.51779993737904 -7.44165783906998 7.91267150683974 0.00505368539813991 0.00104126015771963 -0.00438591208585993 0.999977069645277
1695209621000130 -8.56537780466058 -7.48306348304023 7.95659378003342 0.00497988574303844 0.000970817011855212 -0.00425782267836706 0.999978064358591
1695209621000210 -8.61297907260742 -7.52453889558877 8.00062362972145 0.00463703207621317 0.000621872823777358 -0.00385701656202556 0.999981617146513
1695209621000290 -8.66151504897018 -7.56668635095256 8.04535462604353 0.00429043031049308 0.000360888552156433 -0.00351646859965152 0.999984548088515
1695209621000370 -8.71038103717766 -7.60931371176067 8.09056533790322 0.00401486201224575 0.000167833704837362 -0.00329377738059359 0.999986501781618
1695209621000450 -8.75881441616344 -7.65143425898193 8.13515918807131 0.00409050946168477 0.000262103268687779 -0.00340810331980893 0.999985791832055
1695209621000530 -8.80638472826223 -7.69296315759404 8.17904858012841 0.00448353601196716 0.000499911918140588 -0.0036947673174206 0.999982998199156
1695209621000610 -8.85369782717054 -7.73409019868954 8.22245621097479 0.00484106744279828 0.000760973952255565 -0.00385585524668601 0.999980558493501
1695209621000690 -8.90052401553447 -7.77494111912376 8.26562886727793 0.00501843375218962 0.000838277842077764 -0.00378606875825058 0.999979888945919
1695209621000770 -8.95259475461122 -7.82080585277929 8.31408172864112 0.00499562634431633 0.000733387683839707 -0.00363277172529783 0.999980654227633
1695209621000850 -8.99532170499335 -7.85786344586164 8.35321078946521 0.00489834938161292 0.000649427248285268 -0.00346778848583308 0.999981779264304
1695209621000930 -9.04358889671703 -7.89974493481973 8.39779887419708 0.00483365957649047 0.000616217394247514 -0.00361471526742244 0.999981594753002
1695209622000010 -9.09226771668818 -7.94185690013084 8.44275264238335 0.00489221744834942 0.000727087461204813 -0.00393734514237045 0.99998001723309
1695209622000050 -9.11641238853894 -7.96281741006385 8.46513680109947 0.00485223392117265 0.000760946368020971 -0.00406674326654508 0.999979668986227
1695209622000090 -9.1405189327526 -7.98378878184336 8.48749094961299 0.00475860203602473 0.000711992715657732 -0.00411419707736342 0.999979960876939
1695209622000130 -9.16461591585828 -8.00469580209881 8.50977433830614 0.00465917870808119 0.0006682561772549 -0.00411426450826604 0.999980458966576
1695209622000210 -9.21275584914524 -8.04653579760069 8.55417380378304 0.00453918604598936 0.000638934127390156 -0.0042045347717416 0.999980654533163
1695209622000250 -9.23686662223294 -8.06752553613491 8.57645082646923 0.00434406175897074 0.000496462123228105 -0.00406009203708785 0.999982198994285
1695209622000330 -9.28475605810489 -8.10934139957123 8.62073254942111 0.00417356405788634 0.000397846541532043 -0.00399334240362878 0.999983238008334
1695209622000370 -9.30829709724132 -8.12986220917859 8.64242505488068 0.00420700414034317 0.000418246618844067 -0.00396409014137138 0.99998320594662
1695209622000450 -9.35471899678025 -8.17047085397258 8.68521445502536 0.00437315090769685 0.000462965919629371 -0.00384694568642863 0.999982930965615
1695209622000530 -9.40052275278623 -8.21058676379404 8.72751207599318 0.00486618822278911 0.000759020174470183 -0.0039637937038666 0.999980016020334
1695209622000610 -9.44661258819945 -8.25090122681643 8.77007083616935 0.00518368077917108 0.000912037171554267 -0.00394121495777343 0.999978381999548
1695209622000690 -9.49322427032285 -8.2916429202762 8.81312373101064 0.00522575306396728 0.000934078731402389 -0.00398196352602144 0.999977981241745
1695209622000770 -9.54050081392528 -8.33282440787658 8.85678622863807 0.00515214235141094 0.000934641702479817 -0.00403168481459695 0.9999781634574
1695209622000850 -9.58784273337018 -8.37401348619664 8.90055983968642 0.00486675590442827 0.000804527196082669 -0.00392865813531589 0.999980116336427
1695209622000930 -9.63540286026769 -8.415424224554 8.94448447015225 0.0045311457222432 0.000594016335959328 -0.00375258530360981 0.999982516830457
1695209623000010 -9.68201719193174 -8.45623132322485 8.98759755065993 0.00451317988960539 0.000521918788509034 -0.00368130011036638 0.999982903272631
1695209623000090 -9.72677156025589 -8.49552272288535 9.02888179416139 0.00491638617042416 0.000728594269662767 -0.00378988930387587 0.999980467327476
1695209623000170 -9.77167973871856 -8.53479322802706 9.07017195621189 0.00539290478636947 0.00100731216399209 -0.00398695702721827 0.99997700277248
1695209623000250 -9.81620465682701 -8.57377012999498 9.11117578424972 0.00593323482235141 0.00144067033113335 -0.00426988640189109 0.999972244246636
1695209623000330 -9.86147363842011 -8.61316821803314 9.15282117427061 0.00602116069517509 0.00143221992502155 -0.00408114372826385 0.999972518940315
1695209623000410 -9.90708839836821 -8.65288077287239 9.19477494748132 0.00587207499505436 0.00128570839778829 -0.00376298866928259 0.999974852486523
1695209623000490 -9.9558987370111 -8.69521588903484 9.23980294442962 0.00568459014169374 0.00109316315532584 -0.00356556310059376 0.999976888327431
1695209623000570 -9.99908786254736 -8.73304994131199 9.27975410209421 0.00542875868663066 0.00103735691355914 -0.00352969386769316 0.999978496634281
1695209623000650 -10.0450268071574 -8.77309829447471 9.32231024773156 0.00521468191193355 0.00101277390966286 -0.00367318118289784 0.999979144343302
1695209623000730 -10.0906269000368 -8.81284731345881 9.36440948835532 0.00507511677451632 0.000981505424538317 -0.0038545696483176 0.999979210848732
1695209623000810 -10.1362851660376 -8.85254505787401 9.40641962560913 0.00502355739718215 0.00097194417586267 -0.0038672938680125 0.999979431405334
1695209623000890 -10.1880791009765 -8.89768577971006 9.45427694836737 0.00501770760846149 0.000980838044042646 -0.0037832902140384 0.999979773436565
1695209623000970 -10.2265627430604 -8.93119342493156 9.48989801081436 0.00470295164216117 0.000760736145212125 -0.00362341549082642 0.999982087032838
1695209624000050 -10.2717796014494 -8.97068440113976 9.5316975860024 0.00457380462676131 0.000717768883536404 -0.00356622286383504 0.999982923440971
1695209624000130 -10.3164477242767 -9.00974387015943 9.57297208344252 0.00452835134008393 0.000656794142938572 -0.00339483835565132 0.99998376873234
1695209624000210 -10.360367422821 -9.04819535506741 9.613538412916 0.00452224955368127 0.000601004623499812 -0.00320719528853623 0.999984450854511
1695209624000290 -10.4043202450903 -9.08651390412717 9.65398535632758 0.0046527920311374 0.000674656992749321 -0.00316357108941283 0.999983943962211
1695209624000370 -10.448738699264 -9.1251373211348 9.6949176558975 0.00463795214459715 0.000684026676568711 -0.0030999868689755 0.999984205669681
1695209624000450 -10.4930763437301 -9.16395106702377 9.7360005032696 0.00457329770451509 0.000645278365511914 -0.0029839862842387 0.99998488208062
1695209624000530 -10.5369619206837 -9.20211811793167 9.77642330187382 0.00451016535095543 0.000536680590506792 -0.0028197960610806 0.999985709464203
1695209624000610 -10.5808410925198 -9.24045100976038 9.81696309878487 0.00453757783301289 0.000514367904211742 -0.00273594561410087 0.99998583010694
1695209624000690 -10.6247433037452 -9.27878337544027 9.85751594866516 0.00448267465947906 0.000415351863627656 -0.00265128862094685 0.999986351796551
1695209624000770 -10.6680447133953 -9.31673713968528 9.89759095510285 0.00453941992191378 0.000483416558265694 -0.00278895192788516 0.999985690758797
1695209624000850 -10.7111050969855 -9.35459954203728 9.93753154351162 0.00466429810013723 0.00060204361958162 -0.00289908185120582 0.99998473847911
1695209624000930 -10.7539382662705 -9.39217262891356 9.97712876765965 0.00485620264552446 0.000623877674959634 -0.00284506524498954 0.999983966709599
1695209625000010 -10.7967143164517 -9.42946589045579 10.0164211330704 0.00496221379897117 0.000565663720655222 -0.00265046214865255 0.999984015626833
1695209625000090 -10.8396886772509 -9.46684791345958 10.0559823632977 0.00504189223930357 0.00056854204834239 -0.00259957993388076 0.999983749001329
1695209625000170 -10.8835931692879 -9.50514939498169 10.0965520536543 0.00485761736782177 0.000469855637970474 -0.00258454931178619 0.99998475133076
1695209625000250 -10.9270524436306 -9.54315895492366 10.1367515256273 0.00479020203877973 0.000492815433889379 -0.00279041368256769 0.999984512224492
1695209625000330 -10.9697536185951 -9.58054700464968 10.1762277548634 0.00490023128586925 0.000663007380038214 -0.0030639209380134 0.999983080128381
1695209625000410 -11.0123762874129 -9.617634472627 10.2154294373291 0.00496772510816933 0.000777352581944608 -0.00322294970008665 0.999982164853676
1695209625000490 -11.0547997318937 -9.65473860223924 10.2547037154062 0.00501704772685296 0.000825722629738004 -0.00326127961520082 0.999981755568329
1695209625000570 -11.0978680961947 -9.69239943918812 10.2945687332341 0.00487878748660329 0.00076849527844804 -0.00326320546291602 0.999982479015395
1695209625000650 -11.1404781672124 -9.72945723040733 10.3337606473118 0.00474129829763993 0.000739631933875899 -0.00330433386632118 0.999983027062337
1695209625000730 -11.1827374748148 -9.76624083479314 10.3727689828722 0.00460143730354072 0.000652487245514797 -0.00329186968924209 0.999983782183034
1695209625000810 -11.2248477831938 -9.80302264522839 10.4117652554166 0.00459440643370934 0.000674545914337476 -0.00335202586420103 0.999983600035489
1695209625000890 -11.2669500361423 -9.84001962787604 10.4510192832796 0.00465204050199652 0.00074227808846836 -0.0034579728078389 0.999982924837453
1695209625000970 -11.3093452178572 -9.87704800819743 10.4904096571638 0.00468067155072932 0.000824534176344564 -0.00364426963100258 0.999982065217213
1695209626000050 -11.3521014869801 -9.91436636517984 10.5299684111358 0.00450266318460475 0.000669257327615798 -0.00351471579238162 0.999983462309139
1695209626000130 -11.3953824424118 -9.95213810964437 10.5699210440634 0.00429690774542381 0.000471334111546665 -0.00327041444789129 0.999985309300752
1695209626000210 -11.4381418136329 -9.98939427263281 10.6092805802698 0.00421810134441188 0.000359196824843995 -0.0030653006227329 0.999986341172109
1695209626000290 -11.4805327310288 -10.0262810532887 10.6483088907736 0.00417800054573969 0.000228221786541032 -0.0027899931324994 0.999987354002328
1695209626000370 -11.5225453468304 -10.0629852515716 10.6871430153099 0.00443610791904011 0.000378133950408607 -0.00290172829254272 0.999985878867378
1695209626000450 -11.565076193452 -10.1002876079316 10.7265463913985 0.00446616287027394 0.000331046867068925 -0.00280745672263683 0.999986030894401
1695209626000530 -11.6074129528431 -10.1373421804065 10.7656014167471 0.00462375683749615 0.000425515103054901 -0.00285473489752711 0.9999851450388
1695209626000610 -11.6492987964235 -10.1738941133554 10.8041959849136 0.00485376728985086 0.000559150385098233 -0.00290243983317255 0.999983851938099
1695209626000690 -11.6911529977231 -10.2102863042083 10.8426364984848 0.00506069695511947 0.000607284947416403 -0.00286124338485466 0.999982916772889
1695209626000770 -11.7337527086074 -10.2476013083394 10.8818862746348 0.00501927923549123 0.00051781543199515 -0.00285120647138047 0.999983204521352
1695209626000850 -11.7768603598955 -10.2853704392622 10.921763910699 0.00501779815143475 0.000550406657668923 -0.00300367756774943 0.999982748188833
1695209626000930 -11.8199171997083 -10.323074809098 10.9615773608257 0.00500715714437998 0.00057791664056413 -0.00311089138466003 0.999982458218383
1695209627000010 -11.8640018793898 -10.3614825586697 11.0021515444022 0.00492662028281033 0.000525220781035215 -0.00318349875181211 0.99998265879535
1695209627000090 -11.907618251788 -10.3993820034024 11.0423366416723 0.00498553960177463 0.000553193697469193 -0.0034801474699472 0.999981363298936
1695209627000170 -11.950790236075 -10.4368828397477 11.0821612061283 0.0049347901064438 0.000465983593942502 -0.00364498131788807 0.999981072229414
1695209627000250 -11.9987540532959 -10.4790868218442 11.1265084172268 0.00504565027036045 0.000399877099282125 -0.00389398354620541 0.999979608994002
1695209627000370 -12.0573698019321 -10.5292418297957 11.1802063518328 0.00508362197892886 0.000528895057402524 -0.0044306517165866 0.9999771229298
1695209627000450 -12.0997093820631 -10.5660392944907 11.2191809194585 0.00510344415805943 0.000429363304121397 -0.0046892715783578 0.999975890327833
1695209627000530 -12.1418906428596 -10.6024199701884 11.2577447126737 0.00481013564797264 2.58556059855789e-05 -0.00453303217370466 0.999978156534356
1695209627000610 -12.1823892260438 -10.6374826521573 11.2946726421314 0.00499483966060311 -4.28245753166464e-06 -0.00466665649769321 0.999976636664856
1695209627000690 -12.2224524719468 -10.6720339453961 11.3311730526001 0.00514137139446072 -9.4406778409137e-05 -0.00465484842218382 0.999975944597524
1695209627000770 -12.2626991931066 -10.706771296167 11.3678287813504 0.00515280397976843 -0.000337995570471038 -0.00457197246501497 0.999976215436107
1695209627000850 -12.3033169113285 -10.7417908711039 11.4048768167468 0.00519972259876769 -0.000500223096224376 -0.00464940373778441 0.999975547554355
1695209627000930 -12.3434410319062 -10.7764546931261 11.4414125237716 0.00528268732742782 -0.000633680835498224 -0.00471031404682326 0.999974751983659
1695209628000010 -12.383372772625 -10.8110867227072 11.4777704897226 0.00553159044507453 -0.000657546291209766 -0.00494051647581758 0.999972279834284
1695209628000050 -12.403090282208 -10.8280555874633 11.4956318363366 0.00571545104119132 -0.000650919515390776 -0.00503183038349684 0.999970794876616
1695209628000130 -12.4432189995538 -10.8626352337778 11.5319604857592 0.00584383411250852 -0.00077270385949493 -0.00514677273410987 0.999969381162261
1695209628000210 -12.4838854105272 -10.8975913723174 11.568856594767 0.00586293748420734 -0.000916604309105011 -0.00532671207465509 0.999968205464089
1695209628000290 -12.5245051827774 -10.9326170297925 11.6059010149128 0.00578917101777027 -0.00110605314303542 -0.00552867074731224 0.999967347439475
1695209628000370 -12.5647817184002 -10.967148422795 11.6423710110106 0.00587133982678367 -0.00115151330835945 -0.00585422111793079 0.999964964126665
1695209628000450 -12.6049894631107 -11.0015581068373 11.6787653572773 0.00587251192641192 -0.00131301641259128 -0.00606463512820803 0.999963504230198
1695209628000530 -12.6450385038108 -11.0356639348428 11.7148336048244 0.00602510657259204 -0.00136585877968722 -0.00632651615553815 0.999960903092674
1695209628000610 -12.685449357095 -11.0700637799953 11.7513236032658 0.00601538284965627 -0.0014821944738263 -0.0066659206111193 0.999958591028208
1695209628000690 -12.7258739385181 -11.1043160332209 11.7876784114592 0.00585354118255282 -0.00171279039111918 -0.00678073172293792 0.999958411176186
1695209628000770 -12.7660818255397 -11.1385257239801 11.8239009493737 0.00561232266149416 -0.00199487585788894 -0.00687183290436888 0.999958649253653
1695209628000850 -12.8061290432995 -11.1725546074773 11.8600675067318 0.00549660008703063 -0.00220977510511426 -0.00705044178754439 0.999957596877022
1695209628000930 -12.8457816034372 -11.2063240357433 11.8957948694528 0.00541534790198407 -0.00240996259031218 -0.00719506170395739 0.999956547643191
1695209629000010 -12.8855888702244 -11.2400515402131 11.9315480048301 0.00542060362849476 -0.00252982494867986 -0.00743634537349755 0.999954457867716
1695209629000090 -12.9250090761973 -11.2734972927218 11.9669482736823 0.00550707422340105 -0.00258553423889721 -0.00769944393606458 0.999951851695507
1695209629000170 -12.9638076359329 -11.3065950180855 12.0019177319311 0.00552196386544366 -0.00272297151807153 -0.00782286801701492 0.999950446810825
1695209629000250 -13.0016898107613 -11.3390618853478 12.0359885011433 0.00571019987973902 -0.00282009326114011 -0.00803243818088074 0.999947458933819
1695209629000330 -13.0397724539541 -11.3714196678395 12.070061818542 0.00558412633740013 -0.00314228293727731 -0.00793424863948527 0.999947994292462
1695209629000410 -13.0774592417034 -11.4033680548315 12.1038028553291 0.00559974939189103 -0.00332469327779431 -0.00801053967658236 0.999946708817748
1695209629000490 -13.1150016981419 -11.4351235787097 12.1372786940209 0.00561482418520875 -0.00347724517987636 -0.00813434883314847 0.999945105935515
1695209629000570 -13.1530207860473 -11.4672592799413 12.1712390871775 0.00572804779298985 -0.00356747696860809 -0.00844924373430915 0.999941534719344
1695209629000650 -13.1907153129977 -11.4991124274316 12.2049270197179 0.00594006479114715 -0.00353546091027256 -0.00887377954242088 0.999936734090243
1695209629000730 -13.2285094532318 -11.5309342327505 12.2384950502177 0.00604463131899495 -0.00357109327354491 -0.00916766454453189 0.999933329603453
1695209629000810 -13.2658837666621 -11.5625639733998 12.2718715532584 0.00631980732134436 -0.00350475346808486 -0.00950354899696123 0.999928727107593
1695209629000890 -13.303436852269 -11.5942421257879 12.3052494263388 0.00658002059912773 -0.00338093908592433 -0.00988948869859815 0.999923732388172
1695209629000970 -13.3402039762878 -11.6253870782099 12.3379621015356 0.00661519199926866 -0.00352237892495973 -0.0099887903743957 0.999922025034142
1695209630000050 -13.3761233350803 -11.655004210757 12.369744285808 0.00699819958044941 -0.00327367531176334 -0.010152999548343 0.99991860911414
1695209630000130 -13.4140598655254 -11.6874790595373 12.4037599623574 0.00676454643028464 -0.00354896423682908 -0.0103267448790309 0.999917498649084
1695209630000210 -13.4502596327108 -11.7178961170358 12.4359789044931 0.00724119524891554 -0.00324408431485204 -0.0107571219798709 0.999910658676582
1695209630000290 -13.4856535322814 -11.7476555950068 12.4674308470492 0.00797869777824319 -0.00275867993477231 -0.0113774256411618 0.999899637089924
1695209630000370 -13.5212415622167 -11.777558331449 12.4989225842942 0.00842572803901996 -0.00254458874715365 -0.0116585213802758 0.99989329983471
1695209630000450 -13.5568134271546 -11.8075747546945 12.5305496515878 0.00853399211496818 -0.00262601529646476 -0.0116949890284148 0.999891745267391
1695209630000530 -13.5920713829437 -11.8373181217669 12.5618079493616 0.00882798805442522 -0.00252508186139661 -0.0118159335039289 0.999888030883426
1695209630000610 -13.6283950888845 -11.8676830478783 12.5936875961639 0.00926061763172018 -0.00226433266769519 -0.0122105812555447 0.999880000532089
1695209630000690 -13.6631122760172 -11.896952967123 12.6246309520068 0.00944015829962905 -0.00220465904780053 -0.01242010108453 0.999875874285809
1695209630000770 -13.6981025443096 -11.9262954613477 12.6554693117403 0.00962710770612357 -0.00221330062653464 -0.0124590217086063 0.999873588447868
1695209630000850 -13.7327030008543 -11.9555364142502 12.6861979198841 0.00986764500730268 -0.00205000201862853 -0.012619079653383 0.999869584447109
1695209630000930 -13.7679106137974 -11.9852777767347 12.7176306710719 0.00999536727512186 -0.00193997737818325 -0.0127805436124802 0.999866484499694
1695209631000010 -13.8034883673675 -12.0151539886588 12.7491524719534 0.00982392767743991 -0.00211368048164894 -0.0127261155749433 0.999868525748352
1695209631000090 -13.83885510339 -12.0449973384461 12.7806275132381 0.00936086155894979 -0.00250179225443905 -0.0123967392546302 0.999876210419191
1695209631000170 -13.8740160768888 -12.0747321385065 12.8119018843285 0.00878716390598915 -0.00295782576690282 -0.0119065835926846 0.999886128658845
1695209631000250 -13.9083313970395 -12.1038227248043 12.8425340428772 0.00867921279519123 -0.00302657724296523 -0.0118664737032871 0.999887342602804
1695209631000330 -13.9424437130686 -12.1325937082814 12.8729738095513 0.0088911538013288 -0.00279288127319525 -0.012159224815309 0.99988264333879
1695209631000410 -13.9704935840217 -12.1556779233872 12.8975620528237 0.00904549213734405 -0.00270645817562229 -0.012516074137639 0.999877093469151
1695209631000490 -14.0113793000534 -12.1903326604176 12.934415345063 0.00870932249005549 -0.00267267302833928 -0.012437997628193 0.999881143304367
1695209631000570 -14.0451102346556 -12.2188627339692 12.9647083023709 0.00858898579628851 -0.00260637535396353 -0.0123063936119549 0.999883987673957
1695209631000690 -14.0950882694477 -12.2610372623594 13.0095423316306 0.00861118429449094 -0.00233194861158325 -0.0124246816179262 0.999883011560559
1695209631000810 -14.1428497247727 -12.3022996305392 13.0530545314425 0.00880295392053836 -0.00187165911966044 -0.0125482940306726 0.999880765497233
1695209631000930 -14.1854890587619 -12.3401326517709 13.0924076458333 0.00859058236185363 -0.00195323322196755 -0.0118676514425733 0.99989076684601
1695209632000050 -14.2311679466685 -12.3803340343784 13.1343603834679 0.0082364168394735 -0.00186226139574377 -0.0106309982360776 0.999907833400981
1695209632000130 -14.2594421858431 -12.4055975016191 13.160660359386 0.00795465510331337 -0.00194261552007502 -0.00994038447711691 0.999917065792746
1695209632000250 -14.3021135367505 -12.4436074997644 13.2006530846338 0.00762019268641719 -0.00179605317882637 -0.00910257540013654 0.999927922391152
1695209632000330 -14.3304209922729 -12.4687477506786 13.2274315584549 0.00758259585756524 -0.00141480445150948 -0.00885699461047847 0.999931025728722
1695209632000450 -14.3764547313964 -12.5089685950816 13.2704045497817 0.00696826543096782 -0.00105036017359914 -0.00804121897140383 0.999942837775162
1695209632000530 -14.4129420931116 -12.5390275869863 13.3039138624053 0.00511985694898713 -0.00164083300792319 -0.00681246370197268 0.999962341826017
1695209632000650 -14.48098794768 -12.5956396491407 13.3653625181588 0.000787796152905138 -0.00359614538696151 -0.00350635603996928 0.999987076207937
1695209632000890 -14.5320699924474 -12.6538999752307 13.4201747046279 0.00441959454178716 0.000687066673027079 -0.00360839347182551 0.999983487173676
1695209633000170 -14.5797017534842 -12.7118911691226 13.4810329790803 0.0116519375357908 0.00855080593818225 -0.00525062344905181 0.999881766521855
1695209633000290 -14.6030331379404 -12.7454714272242 13.509305047675 0.010730487712163 0.00882408013771928 -0.00184977406773017 0.999901780466002
1695209633000450 -14.653711977195 -12.8070681678434 13.5660638290304 0.00727478616899776 0.00816102255473522 0.00375293761673173 0.99993319309657
1695209633000650 -14.7386653470539 -12.8886227388903 13.6537125253931 0.00908236150707618 0.0137080986553136 0.00499009627969732 0.999852337937873
1695209633000770 -14.8105982803636 -12.9527363486496 13.7271219746838 0.00869068361904708 0.0164521362232061 0.00631561969102518 0.999806937453349
1695209633000930 -14.8912166091341 -13.0383303311956 13.8127931405484 0.00951048304434287 0.02084969702299 0.00767550367294148 0.999707921089795
1695209634000090 -14.9535476639997 -13.112213998461 13.8812578414072 0.0159137410804611 0.0289530244708845 0.007373808341 0.999426886855343
1695209634000210 -15.0180088578044 -13.181853114983 13.9490077927889 0.0192172855406834 0.0344833233906828 0.00780892591106713 0.999189980444408
1695209634000330 -15.0953339588945 -13.2652536942566 14.0306166071236 0.0191936113624259 0.0380424151497222 0.0097127383098501 0.999044564895365
1695209634000450 -15.1857434609027 -13.358043899421 14.1257630690849 0.0205057405283761 0.0429761612224191 0.0109891683537039 0.998805187386841
1695209634000570 -15.2600928764398 -13.4354957282554 14.2053682479785 0.0252793828947538 0.0493034570722551 0.010455021908419 0.99840914180414
1695209634000730 -15.3464411922561 -13.5447417019206 14.3051801789588 0.0276965594962944 0.0551350462965029 0.0123482842923147 0.998018310020907
1695209634000890 -15.453200134513 -13.6767150254563 14.4287031740505 0.0253573241446292 0.0579874540247925 0.0167915880605649 0.997853949162076
1695209635000050 -15.5652521845324 -13.8054997562597 14.5549398218249 0.0294152672239958 0.0659682100485476 0.0171589491795546 0.997240446321841
1695209635000170 -15.6604822995323 -13.9112172119802 14.6630424046868 0.0328319524510144 0.0721035937336109 0.0173086930992918 0.996706347833778
1695209635000290 -15.7526815551301 -14.021457854389 14.7723963293276 0.0359303117523197 0.0781577388564915 0.0174035811307091 0.996141303188483
1695209635000410 -15.8378776592505 -14.1347511342579 14.8803511155653 0.0380098814688292 0.0830412764747646 0.0181586761155071 0.995655391083632
1695209635000530 -15.9252594053919 -14.2548721669855 14.9940838899561 0.0393095752211887 0.0877936432006733 0.0190833204108317 0.99517981309489
1695209635000650 -16.017372077329 -14.3780326966456 15.1166169218444 0.0408264329578548 0.0923116155960718 0.0204435162204596 0.994682778901155
1695209635000730 -16.0813628124655 -14.4626547715449 15.2012967672313 0.0421295563960744 0.0954827544931975 0.0209998655796673 0.994317429052663
1695209635000850 -16.1764161821466 -14.591558734229 15.3289712461614 0.0446147641986006 0.100836148127715 0.0215178946124136 0.993669247917896
1695209635000970 -16.2603254249971 -14.718079066111 15.4501273795375 0.0466064870013315 0.105961185480939 0.0222875552382764 0.993027354820787
1695209636000090 -16.3457114763756 -14.8543855827541 15.5803917866544 0.0471801330162823 0.109570773558827 0.0244895099716898 0.99255656994029
1695209636000170 -16.4043668852941 -14.949477947597 15.672779138073 0.0478927893283746 0.112254198422618 0.0257748042028074 0.992189969277633
1695209636000250 -16.4675629307892 -15.0486211666943 15.7702667583581 0.0495813632505894 0.115948710226278 0.0261764809422616 0.991671506528525
1695209636000370 -16.5757693112462 -15.2157020331711 15.9374232467738 0.0523637147108984 0.121897041769826 0.026975225646698 0.990793363820505
1695209636000450 -16.6487494301883 -15.3323269989693 16.0524007740847 0.0539116173678261 0.125745407342536 0.0273549141324351 0.990218833752344
1695209636000530 -16.7522837178187 -15.4834727022892 16.2015402629863 0.054984728442894 0.129120405054117 0.0280575269227544 0.989705701620285
1695209636000610 -16.7939524014245 -15.5742744739131 16.2880642627734 0.0563229664858017 0.132821835959363 0.0294041600481208 0.989101349059078
1695209636000690 -16.8630919607369 -15.698358614119 16.4072620755293 0.057432794774848 0.13623856636474 0.0303992073579306 0.988542571319637
1695209636000810 -16.972828326416 -15.8980333373443 16.5992814008252 0.059304739652719 0.141170522931078 0.0320378159491442 0.987687911062648
1695209636000930 -17.1289962098711 -16.1450160885331 16.8429929896951 0.0612427193068976 0.146098400897188 0.0333422226017753 0.986809446032594
1695209637000050 -17.2191157513207 -16.3383518392534 17.0287891066962 0.0629467412197754 0.150640531432982 0.0349365220284723 0.985963781022383
1695209637000130 -17.3046583631064 -16.4950127694533 17.1796204450716 0.0643661422314654 0.153958882838419 0.0355367416597352 0.985337912658188
1695209637000250 -17.4343754842914 -16.7392743932136 17.414962462351 0.0661199980347005 0.158298767163883 0.037118006747427 0.984475443954487
1695209637000370 -17.6251653985165 -17.0510777264362 17.71696181026 0.0679712757758119 0.162750672885178 0.0385070715347806 0.983569687204036
1695209637000490 -17.6827248207931 -17.2303775347661 17.8809899137114 0.0689900770523344 0.165694692322506 0.0400369602799921 0.982945919171549
1695209637000610 -17.8150731077122 -17.4945838479551 18.1309734065526 0.0708029367989096 0.170189638806499 0.0403498643198982 0.982035803539224
1695209637000690 -17.9149739193797 -17.6830252286494 18.312403278437 0.0719376314900238 0.173114790687808 0.0407818741124179 0.981424008858863
1695209637000770 -18.0028213149144 -17.8661572587586 18.4871457764662 0.0727563594767281 0.175333213022383 0.0412285742667061 0.98095105954929
1695209637000850 -18.1253221167487 -18.0816662356096 18.6970460855689 0.0740799728593432 0.178344764494799 0.0416507107086717 0.980291038873617
1695209637000970 -18.2647086942899 -18.3759293181456 18.9756594318194 0.074971138314119 0.181218094348918 0.0427797000437571 0.979647501892695
1695209638000090 -18.4540918056018 -18.7266613134088 19.3142878851682 0.0759925290946229 0.184532739157496 0.0441951948212527 0.978886913006577
1695209638000210 -18.5536849864865 -18.9738398180948 19.548681516148 0.0767830946075212 0.186258095931056 0.0448418249533701 0.978468951381433
1695209638000330 -18.6895198052188 -19.2746771456547 19.8362326639891 0.0770665417960196 0.188176982032741 0.0461179965945877 0.978020092819546
1695209638000450 -18.830256705511 -19.5854921507268 20.1336119425973 0.0774949649120214 0.190034744057715 0.0471666431415846 0.97757691985795
1695209638000570 -18.9840772533659 -19.9155134869886 20.4490110443113 0.0774843588242517 0.191139899539519 0.048231002033243 0.977310331156121
1695209638000690 -19.10301358871 -20.1933166561226 20.7144427065883 0.0780969432476824 0.192377057819585 0.0484679025763578 0.977007061131033
1695209638000810 -19.2388216128119 -20.5139672731378 21.0198402021054 0.0781086833348971 0.193252863427284 0.0495630756597473 0.976778309492994
1695209638000930 -19.3755600038604 -20.8321554377286 21.32405991118 0.078374586829935 0.194322132956463 0.0503207718193385 0.976506094556503
1695209639000010 -19.4735287916497 -21.0665812245691 21.5485834303129 0.0782875864808955 0.194872410928814 0.0512709201100231 0.976353977824057
1695209639000130 -19.6039046892475 -21.377171126678 21.8449789234953 0.078151339961012 0.195161851737081 0.0520976211156269 0.976263313641839
1695209639000250 -19.743246717246 -21.7086990369745 22.1609262260858 0.0782505293973553 0.195864667496467 0.0528028613569816 0.976076710360435
1695209639000370 -19.8905593962256 -22.0549746535491 22.4920359315767 0.0782371820963232 0.196414849048616 0.05364129203891 0.975921493870912
1695209639000490 -20.0331603489676 -22.3898077280379 22.8128088936657 0.0783262088833543 0.197001968223941 0.0540642990618458 0.975772658504432
1695209639000570 -20.1311205567791 -22.6241316024339 23.0360625017915 0.0783425651127163 0.197387482550472 0.0543891028447653 0.975675381320902
1695209639000690 -20.2807643921697 -22.9794318381951 23.3757838336762 0.0784509774248135 0.197811903889319 0.0548078988406397 0.975557271022798
1695209639000770 -20.3715314378478 -23.2195432621935 23.6052540570765 0.0783470368255809 0.197864960936119 0.055310291237446 0.975526509500192
1695209639000850 -20.4813002584861 -23.4640618841224 23.8394145719811 0.0781578919215437 0.197795589901476 0.0557272909005388 0.975532017718944
1695209639000930 -20.5816387557522 -23.707812902977 24.0724167201955 0.0779815698268382 0.197808180274302 0.0562720366973125 0.975512304622472
1695209640000010 -20.682975248326 -23.9516342202358 24.3060052471821 0.0778702974315485 0.19779929992529 0.0566806856037683 0.975499335523338
1695209640000090 -20.7851812928519 -24.195780404888 24.5391712293547 0.0779200995244964 0.197862906424656 0.056800461398661 0.975475492227344
1695209640000170 -20.8701637821407 -24.4235747609265 24.7564609774077 0.0780358013205988 0.198109014235452 0.0568582670416941 0.975412922643495
1695209640000290 -21.0449670947468 -24.8066142593998 25.1248035848384 0.0779878324990758 0.198072315119399 0.0569318127523001 0.975419922219182
1695209640000370 -21.1489958718428 -25.0533350127607 25.3609333148192 0.0780498855532116 0.198258263789554 0.0569219164839647 0.975377758423922
1695209640000450 -21.2534482951267 -25.3012201194894 25.5986967957274 0.0780435875657048 0.198257360373332 0.0569816100332156 0.975374960523232
1695209640000570 -21.4119028964847 -25.6769358607091 25.9587120239691 0.0780333089786222 0.19819570763006 0.0571739100094076 0.975377059490894
1695209640000650 -21.51717475596 -25.9290334370981 26.2007045954614 0.0779605306109383 0.198038946706448 0.0573782720926923 0.975402719468179
1695209640000730 -21.6197141601962 -26.1796957113019 26.4407823414881 0.0777999460368036 0.197765594146497 0.0575227003688485 0.975462493953934
1695209640000850 -21.7859132346502 -26.5665610523788 26.8116722771626 0.0778525475049736 0.197897633463798 0.0572010667424076 0.975450432097882
1695209640000930 -21.8909887870793 -26.821277361746 27.0560781148692 0.0779234108491749 0.198006593022854 0.0569888484900894 0.975435083595462
1695209641000050 -22.0640815167118 -27.2209338529775 27.4394656900786 0.0778259264564145 0.197829694623537 0.0569928645023581 0.975478523849795
1695209641000130 -22.1763625970364 -27.4862688708959 27.6943834410614 0.0777497624459526 0.19775752609684 0.0570798883558747 0.975494142297603
1695209641000210 -22.276297343927 -27.7371789074954 27.9341118235886 0.0777999070584609 0.197823131318187 0.0570345044748827 0.97547949669712
1695209641000290 -22.4033302861001 -28.0205683898315 28.2073206597667 0.077776763396655 0.197701186858103 0.0570096091378583 0.975507519323345
1695209641000370 -22.5179988399648 -28.29015360938 28.4656794360614 0.0777743643767025 0.19767074626086 0.0569632186238232 0.975516589322032
1695209641000450 -22.6325377573162 -28.5590490335563 28.7233611067374 0.0777247939756257 0.197634781017938 0.0569668976797403 0.975527612270501
1695209641000530 -22.7479530107144 -28.8304483290024 28.9837086782175 0.0776372408158545 0.197471468196523 0.0571123273431562 0.975559152564445
1695209641000610 -22.8626849644668 -29.099477383762 29.2417419657272 0.0776406024011237 0.197428433878153 0.0572154279886362 0.975561553750089
1695209641000690 -22.9783747965124 -29.372956475731 29.5032782225501 0.0776495262249128 0.197375775612095 0.0572195401597156 0.975571257521705
1695209641000770 -23.0941132542385 -29.645947582922 29.7647827993004 0.0777434960785019 0.197374606239148 0.0571122329935116 0.975570298067714
1695209641000850 -23.1932738845315 -29.9056760932566 30.0122886542439 0.0778716123408733 0.197593886294611 0.0569347352026535 0.975526065268288
1695209641000930 -23.3291541732137 -30.2003926828312 30.2967807220742 0.0779299499191987 0.197640277518407 0.0566880419774942 0.975526375606932
1695209642000010 -23.4492843692144 -30.4848979180523 30.5700129242628 0.0779525810837946 0.197736327634604 0.0564650136038329 0.975518037800775
1695209642000090 -23.5658455110178 -30.7600855222857 30.8336523624803 0.0778970571822067 0.197602961101792 0.0565792935094791 0.975542875424819
1695209642000210 -23.7459442234568 -31.177683731707 31.2341273918111 0.0777704019707677 0.19725108368771 0.0568392325613703 0.975609079602667
1695209642000290 -23.8660131685754 -31.4594266289707 31.5048753398111 0.0776926854391195 0.197048691613792 0.0569765635595253 0.975648159413781
1695209642000370 -23.9636950920734 -31.7116652596524 31.745478722955 0.0775623372297014 0.196861743067618 0.0572022511131217 0.975683063513679
1695209642000490 -24.163892849462 -32.1558452557381 32.1718284670846 0.077696921078285 0.196863075883645 0.0570117430492942 0.975683237000137
1695209642000570 -24.2833843180288 -32.4383463941886 32.4426964438162 0.078073021021107 0.197394236522149 0.0562530395044277 0.975589931437891
1695209642000650 -24.4054912995615 -32.7232895359121 32.71624493581 0.0783426312672335 0.197849055226362 0.0555479248286885 0.975516587003721
1695209642000730 -24.5264426076277 -33.0055461277609 32.9874615163881 0.0785017308069724 0.197922195276118 0.0553010148518963 0.975502988531425
1695209642000810 -24.6479769664697 -33.2885368662657 33.2593491102663 0.0784901851830258 0.197842515586093 0.0553142967035039 0.975519327556711
1695209642000890 -24.7707518616469 -33.5734015984159 33.5328403410162 0.078295812445447 0.197505542256516 0.0556635851679458 0.975583359748268
1695209642000970 -24.89386181565 -33.8575609005349 33.8063268083727 0.0780258059264304 0.196994982800862 0.0561783352197072 0.975678709931072
1695209643000050 -25.0195032562238 -34.1481492572613 34.0862515576052 0.0776839595156513 0.196677264138347 0.0564482106091593 0.975754505869202
1695209643000130 -25.1429295437958 -34.4369755252026 34.362921236198 0.0778130705915472 0.196874269406216 0.0562044751914848 0.975718558324753
1695209643000210 -25.2648930693853 -34.7236721370501 34.6377914051785 0.0783407903613122 0.197468411463772 0.0554486092163198 0.975599507367401
1695209643000370 -25.5109894889058 -35.2981883007615 35.1882470572956 0.0787380762790836 0.197916835986335 0.0548652105334216 0.975509636062172
1695209643000450 -25.636306570654 -35.5907798038253 35.4686319834296 0.0784176319513093 0.197625443630664 0.0551712184856351 0.975577262793544
1695209643000530 -25.7612580796755 -35.8823341234668 35.7488016375457 0.0782085486744975 0.197308147197964 0.0555076848029248 0.975639182736812
1695209643000610 -25.8864743816138 -36.1759023704153 36.0306673138011 0.078067742688007 0.19708622805326 0.0556642534705383 0.975686392827585
1695209643000690 -26.0105167949074 -36.4664306129695 36.3091286769971 0.0781481585921189 0.197081534650348 0.055569243354407 0.975686319060354
1695209643000730 -26.0725769808261 -36.6115166218335 36.4480333064606 0.0782276562191083 0.197212407037963 0.0553916961542127 0.975663599971792
1695209643000770 -26.1340176132509 -36.7564144659903 36.5867535777315 0.0783199264001731 0.197238876256058 0.0552588218872279 0.975658381517606
1695209643000850 -26.2570689738279 -37.0443532803825 36.8622364274201 0.0783948829224696 0.197325780724983 0.0550786985028831 0.975644974139711
1695209644000010 -26.5021749058841 -37.615861935938 37.4096414215966 0.0784977573431901 0.197318901641743 0.0550131517615557 0.975641791991429
1695209644000090 -26.6252565310783 -37.9028179933909 37.6843616315718 0.0784809431643872 0.197148638060404 0.0551918364409872 0.975667472687917
1695209644000170 -26.750034128047 -38.1906114552324 37.9605732772411 0.078468854793527 0.197120719713135 0.0552447549468551 0.975671090961513
1695209644000250 -26.8746543338365 -38.4801063307387 38.2385440495007 0.0784216932263355 0.197016153273169 0.0552489339553866 0.975695766454765
1695209644000330 -26.9992765777175 -38.7698692697263 38.51687057357 0.0784873033954938 0.197158132685286 0.0550330998551634 0.975674009002026
1695209644000410 -27.1238779178512 -39.0602394863974 38.795837353236 0.0785761778948063 0.197250467359119 0.0548010459624599 0.975661254101788
1695209644000490 -27.2485968799259 -39.3497871519581 39.0744627616914 0.0786445858453135 0.197287504108517 0.0547002483340128 0.975653910294039
1695209644000570 -27.3743666251583 -39.6418991314574 39.3551064372851 0.0785419179301125 0.197212421371264 0.0546870969140142 0.975678097230772
1695209644000650 -27.4988821646997 -39.9318074564521 39.6329726813338 0.0784765525621116 0.197123137616058 0.054732873903733 0.975698832544451
1695209644000730 -27.6229546726482 -40.2213573217648 39.9104484933758 0.0785269375976961 0.1972636669114 0.0545128940717792 0.975678692074453
1695209644000810 -27.7476095327562 -40.510773505286 40.1885709027934 0.0784325500459414 0.197182185819223 0.0544850696561738 0.975704308627058
1695209644000890 -27.871901663755 -40.798755785062 40.4650965778847 0.0783356855344212 0.196996470924085 0.054694688680813 0.975737875582073
1695209644000970 -27.9963149987505 -41.0872130115998 40.7427511891878 0.0782042196554949 0.19681647208353 0.0549314286936735 0.975771445824451
1695209645000010 -28.0600252072863 -41.2345344982615 40.8842069241967 0.0781435108501183 0.196789853154637 0.0550267457850076 0.97577630769337
1695209645000050 -28.1237438040574 -41.3818453883577 41.0254514160995 0.0780681890124165 0.196757027412921 0.0550128729898797 0.975789738536613
1695209645000130 -28.2624652076476 -41.6977804962269 41.329036149108 0.0781288553419305 0.196779516669416 0.0549958484436869 0.97578130768952
1695209645000210 -28.3759711535916 -41.9659077943156 41.5866578615804 0.0782547590117825 0.196886811210962 0.0548021931904408 0.975760470548333
1695209645000250 -28.4390835623331 -42.1127422979487 41.7270493961811 0.0783738803025264 0.196980991240797 0.0546982130998441 0.975737736002765
1695209645000330 -28.565352046173 -42.4059927540292 42.0080378041673 0.0784587509405317 0.197092751215211 0.054531836776433 0.975717659262688
1695209645000370 -28.6289866814332 -42.5545417658841 42.1495669210046 0.0784123629533708 0.197121892195838 0.0546089601078744 0.975711188020891
1695209645000530 -28.8818516144202 -43.1400427956223 42.7110677592119 0.0782006309144459 0.196673558075384 0.055064957998572 0.975793022766184
1695209645000570 -28.9464554344178 -43.2879936698054 42.85342158864 0.0781358319076772 0.196496007987654 0.0551831401688705 0.975827306267924
1695209645000650 -29.0730505629854 -43.5836325591495 43.1370051865584 0.0780133380635509 0.196159166502573 0.0554814667136404 0.975887958390973
1695209645000730 -29.1983801767979 -43.8751022322599 43.4173634483581 0.0780514083070314 0.196152911946977 0.0554511625562028 0.975887893852145
1695209645000810 -29.3234483622307 -44.1637618961338 43.6933948921906 0.0781795363425553 0.19623133522812 0.0553691658880337 0.975866527062341
1695209645000890 -29.447718782116 -44.4518753626005 43.9693974593655 0.0782788697501344 0.196532877481611 0.0549811715098679 0.975819818101089
1695209646000010 -29.6338116398093 -44.8837015662095 44.3829206140333 0.078231085504103 0.19638608056598 0.0550996698502858 0.975846520208568
1695209646000090 -29.7581203679689 -45.1694379584861 44.6564667931729 0.0781434954776531 0.196244076818956 0.0553177620686598 0.975869766735154
1695209646000290 -30.0681639298237 -45.8866656940343 45.3452417432821 0.0782029311734103 0.196159803197747 0.055338550880431 0.975880770356585
1695209646000370 -30.1933264626855 -46.1780703906682 45.6250459251648 0.0781344335536966 0.196073951575509 0.0553691598828848 0.975901773715302
1695209646000490 -30.3818304026349 -46.6154595958712 46.0443483656583 0.0781171179114899 0.196091119790236 0.0553404988369126 0.975901336107854
1695209646000570 -30.5073012545276 -46.9038950059067 46.3212031731527 0.078035186871046 0.19600571061613 0.0554352755996653 0.975919669458023
1695209646000650 -30.6344486570742 -47.199082285114 46.6047358084752 0.077997150904606 0.196017678336598 0.0553322889143784 0.975926150911937
1695209646000730 -30.7615531764768 -47.4919238040275 46.887074207368 0.077956977911382 0.195951219612371 0.0554165839105644 0.975937923924996
1695209646000810 -30.8900228384409 -47.7902766869959 47.1735825824471 0.0778253711075219 0.19590052746434 0.0554209458527851 0.975958356545991
1695209646000930 -31.0821748822632 -48.2346187151013 47.5995463319967 0.0777683051692129 0.195859404800649 0.0554738093425375 0.975968155596929
