1688726087000440 -0.000225673430444356 -0.000101271700976853 0.000106746502041157 -3.31105385532568e-06 -3.69230728569473e-05 4.41609140639831e-05 0.999999998337769
1688726087000720 -0.175434452680608 -0.100771778399092 0.0949361209736198 -0.00446844315583476 0.00249609892917595 0.0065962099929762 0.999965145652401
1688726088000160 -0.263256128547452 -0.179876748692546 0.172506864913028 -0.00298706637306323 0.00564122555107691 0.00598806454170346 0.999961697812376
1688726088000440 -0.32527096019464 -0.235733910214262 0.22826691989815 -0.00370820897911358 0.00609528260266066 0.00655803619677134 0.999953043336237
1688726088000680 -0.387081256452505 -0.289958820120446 0.28477626622632 -0.00608338960582104 0.00476720515522789 0.00787446127424615 0.999939127640054
1688726088000880 -0.437202250004316 -0.333658029132816 0.33117991773852 -0.00587684586114538 0.00452853071505291 0.00694477275390964 0.999948361278563
1688726089000080 -0.490051868498476 -0.37896167002544 0.379512825428934 -0.00582079914182925 0.00393553697647261 0.00561094924856141 0.999959572730112
1688726089000200 -0.522623855957832 -0.406689008201353 0.409837602603894 -0.00601183608505212 0.0029696784948291 0.00513924639626158 0.999964312854715
1688726089000320 -0.556220956401006 -0.435167576606537 0.440698194382102 -0.00661031696351332 0.00167953323295924 0.00527259007231068 0.999962840645437
1688726089000440 -0.591208784637627 -0.464649144580138 0.473103676909955 -0.00749115722748637 0.000245664334246672 0.00537271536759812 0.999957477166908
1688726089000560 -0.626371683579084 -0.494072648141253 0.505513502479291 -0.0087480258260328 -0.00151455989098636 0.00592739399858789 0.9999430204531
1688726089000640 -0.648959915441913 -0.513263457826469 0.526161618680626 -0.00815892827905575 -0.00128647244902347 0.00457428312452291 0.999955425412489
1688726089000760 -0.682258671912131 -0.541341959354249 0.556747267597768 -0.00753906358469801 -0.00133457890232652 0.00271589922545684 0.999967002110978
1688726089000840 -0.704377136209363 -0.559965089508041 0.577051915645926 -0.00726644731540022 -0.00146923529383072 0.00179124509896581 0.999970915343071
1688726089000920 -0.726431589089551 -0.57848932685205 0.59725980527909 -0.00762424932293279 -0.00218418284941358 0.0018190856110121 0.99996689499957
1688726089001000 -0.748251530765498 -0.596793752393021 0.617184946381442 -0.00781536716291681 -0.00280053256953034 0.00186720707065144 0.999963794640181
1688726090000120 -0.780151133145258 -0.623521541094381 0.646328735462506 -0.00802334409349875 -0.00375665406001166 0.00167496272466461 0.999959353173769
1688726090000200 -0.80110865785183 -0.641143277957346 0.665420490114073 -0.00771457340210289 -0.00392596149163324 0.00106458576683238 0.999961968697177
1688726090000280 -0.822250404110471 -0.658799574412908 0.684629150472306 -0.00778994765034162 -0.00445015954840786 0.000885913455061845 0.999959363150798
1688726090000360 -0.843255400827 -0.676394162112769 0.703769186897388 -0.00775306868842184 -0.00465093355648365 0.000381716468525157 0.999959055679533
1688726090000440 -0.863581812453986 -0.693567014993206 0.722399664095752 -0.00735195807801128 -0.0044429884055559 -0.000250909162296332 0.999963072123686
1688726090000520 -0.883687083092841 -0.710626571694792 0.74082981435553 -0.0068373934191588 -0.00426016498863526 -0.000767489226172551 0.999967255466792
1688726090000600 -0.903885243034725 -0.727725695259148 0.759312048924105 -0.00616416264162305 -0.00399350401417067 -0.00155325871981845 0.99997182080895
1688726090000680 -0.924739502050895 -0.745297362719184 0.778414980958239 -0.00610305599460738 -0.00412329977724848 -0.00193781929816454 0.99997099756085
1688726090000760 -0.946734035183096 -0.763410248076298 0.79855911879175 -0.00642066699334203 -0.00432180030552273 -0.00226142817275514 0.999967490981632
1688726090000840 -0.968835870237733 -0.781551882235437 0.818801282758583 -0.00737779852413636 -0.00498523614214253 -0.00196419805191753 0.999958427853657
1688726090000920 -0.989289049847727 -0.798582682233016 0.837423675237068 -0.00767110999733669 -0.0053274563091659 -0.00184861287916972 0.99995467642844
1688726090001000 -1.00806442079546 -0.814670669936768 0.85461187285742 -0.00690690406544276 -0.00488726589122101 -0.0024785822893853 0.999961132213735
1688726091000080 -1.0250212951103 -0.829507923481848 0.870060517301659 -0.00596676068247649 -0.00452337268691009 -0.00272187539605254 0.999968263626812
1688726091000200 -1.05218569554409 -0.853231498869804 0.894788322066267 -0.00456031938659795 -0.00418925131041794 -0.0026012233639867 0.99997744339438
1688726091000320 -1.0810401191068 -0.877756980883768 0.921057608855967 -0.00467697321579014 -0.00473661864941074 -0.00204210736706926 0.999975759787611
1688726091000400 -1.10107584331301 -0.894518622551418 0.939368648846607 -0.00503945071539526 -0.00511325400360837 -0.00183081855007128 0.999972552960039
1688726091000520 -1.13113478238898 -0.919803265424788 0.966917085505995 -0.00495321021560849 -0.00499152246787667 -0.00237752901149189 0.999972448504364
1688726091000600 -1.15032672492731 -0.936060411604152 0.98434561458436 -0.00405277274597584 -0.00463688278769579 -0.00272605552814384 0.999977321229007
1688726091000680 -1.16959465743488 -0.952336273435927 1.00187443049358 -0.0034795439437421 -0.00463510122763588 -0.00270798656530348 0.999979537500301
1688726091000760 -1.18967294483177 -0.9691153429931 1.02016921014942 -0.00367675171209347 -0.00495526579638646 -0.00261442412952229 0.999977545560002
1688726091000840 -1.20992025872438 -0.98622186353075 1.03869472158603 -0.00368360680400418 -0.00486421601255847 -0.00318770478430936 0.999976304210107
1688726091000920 -1.23119975305088 -1.00389558188521 1.05795394748413 -0.00431784669910262 -0.00516043756753089 -0.00359905852204497 0.999970886007063
1688726091001000 -1.25260675548967 -1.0217216359779 1.07734999643897 -0.0050509975743404 -0.00561146178039917 -0.00383631475149742 0.999964140161695
1688726092000080 -1.2727908530788 -1.03877405188894 1.09569980443521 -0.00486857284945394 -0.00543711814497785 -0.00438831450297468 0.999963738062791
1688726092000200 -1.30292287323494 -1.06409162720168 1.12306354416703 -0.00441952143174282 -0.00527205194775954 -0.00482426200761469 0.999964699274258
1688726092000280 -1.3237489724659 -1.08120713380979 1.14194502577514 -0.00460571316923845 -0.00560348106378766 -0.0047961575062088 0.999962191924948
1688726092000360 -1.34492235480282 -1.09865803493428 1.16116995966341 -0.00493099432491954 -0.0058266848713093 -0.00489651415142653 0.999958878748293
1688726092000440 -1.36652067729164 -1.11648449474466 1.18073302146078 -0.00525263600239652 -0.00608033433307228 -0.00508718628935633 0.999954778920068
1688726092000520 -1.38669534532092 -1.13321588851816 1.19897749956293 -0.00552831700291851 -0.00622607893405676 -0.00524996098068769 0.999951554607484
1688726092000600 -1.40714307064986 -1.15031350459656 1.21745061305462 -0.00523614775600698 -0.00615094375089661 -0.0056520589019776 0.999951400257942
1688726092000680 -1.42827913859355 -1.16774332669403 1.23662442572581 -0.00487056577196161 -0.00577495290440823 -0.00645688667309339 0.999950616841904
1688726092000760 -1.45017361572324 -1.18553372274443 1.25641065979719 -0.00433457855765314 -0.00491054239801357 -0.0080869378547804 0.999945848252903
1688726092000840 -1.47184722937373 -1.20319250387573 1.27600431407374 -0.00451919815856859 -0.00474508338810711 -0.00876000821990891 0.999940159853394
1688726092000920 -1.4916789175172 -1.21996010183811 1.2940537624867 -0.00461688016876046 -0.00484614676752433 -0.00868257514171869 0.999939904278214
1688726092001000 -1.50944695687442 -1.23543411950457 1.31016804253424 -0.00496513776994289 -0.00584399127636753 -0.0068804651486744 0.999946925777676
1688726093000080 -1.52768760866864 -1.2513175746465 1.32668288392814 -0.0047340163363495 -0.00657033925231277 -0.00532810486262265 0.999953014411182
1688726093000160 -1.54600103324631 -1.26709865777924 1.34331412592344 -0.00438092100268531 -0.00665266272085812 -0.00489155682339249 0.999956310186467
1688726093000240 -1.56590111788499 -1.28375537236114 1.36129669127632 -0.0039869359750205 -0.00634529092826827 -0.00523548688769931 0.999958214777805
1688726093000320 -1.58603990939886 -1.30044684979421 1.37948916388125 -0.00343958762257877 -0.00582431163446466 -0.00605609268231332 0.999958784336832
1688726093000400 -1.60749255555076 -1.3179933033593 1.3987611744605 -0.00314529615846358 -0.00541331986334467 -0.00684050209102509 0.999957004381326
1688726093000480 -1.62768191301443 -1.3347266495335 1.41698145449659 -0.00267791180428056 -0.00498019757566136 -0.00733549055541814 0.999957107579514
1688726093000560 -1.64623835924077 -1.35044242302544 1.4337776250823 -0.0012799210828402 -0.00420386346307431 -0.0077625104001246 0.999960215591747
1688726093000640 -1.66586327799286 -1.3668931576545 1.45145866725851 -0.000664368948881583 -0.00402945542624322 -0.00779637605569941 0.999961268561571
1688726093000720 -1.68687247655593 -1.38421457445137 1.47042256227504 -0.00110172322464202 -0.0045240261581175 -0.00758851366314906 0.999960366141399
1688726093000800 -1.70906104071892 -1.40234824530761 1.49052108884698 -0.00388426489198024 -0.00644896874441205 -0.00611057980769444 0.999952990946473
1688726093000880 -1.73050949241025 -1.42020009891182 1.51010784919042 -0.00631694826836883 -0.00799751969298993 -0.00483668041626609 0.999936369158501
1688726093000960 -1.75160284048393 -1.43791939864525 1.52918424858462 -0.00677460666919702 -0.00830298755885482 -0.00461384796507578 0.999931936438191
1688726094000040 -1.76980763653114 -1.4532865544425 1.54547993643795 -0.00608943390328363 -0.00800501293075195 -0.00485233582442707 0.999937644755793
1688726094000120 -1.78845885885434 -1.46910637397109 1.56226058221423 -0.00461641650191636 -0.00708680484556606 -0.00572469758799069 0.999947845506598
1688726094000200 -1.80788898016207 -1.48547359365434 1.57985844287694 -0.00369860354479904 -0.00647952399419226 -0.00626498412000676 0.999952541911166
1688726094000280 -1.82832307663426 -1.50251503055815 1.59832922008468 -0.00321605007364752 -0.00606925790091899 -0.00680976461158013 0.999953223024153
1688726094000360 -1.8492460005986 -1.5199020456769 1.61725418614121 -0.00334959514475704 -0.00612060477321738 -0.00701740081735492 0.999951036048938
1688726094000440 -1.8699466449464 -1.53707839683403 1.63598602560383 -0.0036609108665594 -0.00634660093712828 -0.00689826334619918 0.999949364893532
1688726094000520 -1.89066766497107 -1.55437806212271 1.65478641489257 -0.0040837836707782 -0.00670219269591586 -0.00659915987920782 0.999947425824421
1688726094000600 -1.9110698512245 -1.57145421135763 1.67330226639749 -0.0046431455244549 -0.007355517279646 -0.00588488691554803 0.999944851314901
1688726094000680 -1.93144567574084 -1.58843354394353 1.69168458250574 -0.00492744662974467 -0.00775221416085252 -0.00543664074000235 0.999943031568689
1688726094000760 -1.95310488363039 -1.606461376417 1.71114737918013 -0.00516275743058679 -0.00800011485146254 -0.0052533558360263 0.999940871427174
1688726094000840 -1.972794071253 -1.62288623086645 1.72898952126488 -0.00494353232748227 -0.00779231015507455 -0.00556349605448285 0.999941942765792
1688726094000920 -1.99381123187392 -1.6403424597132 1.74793082372154 -0.00450602861640416 -0.00728517161085769 -0.0063366203461129 0.999943233000403
1688726094000960 -2.00451827909142 -1.64919807739164 1.75758587566978 -0.00442545958245509 -0.00715238846611998 -0.00662823523807534 0.999942660928287
1688726095000040 -2.02578914355327 -1.66690735479367 1.77681813975652 -0.00434299102200205 -0.00694465584798996 -0.00696848211835606 0.999942173548602
1688726095000120 -2.04648188895432 -1.68437821236498 1.79565947839409 -0.00398666330740292 -0.00658230276271258 -0.00723543933200637 0.999944212555724
1688726095000200 -2.06728943506667 -1.70192936849367 1.81461791199679 -0.00379484141006967 -0.00644055446813698 -0.00715801031621561 0.999946439228186
1688726095000280 -2.08942230779231 -1.72034225987651 1.83466245028435 -0.00368977296222264 -0.00636570698665538 -0.00708590450957437 0.999947825292564
1688726095000360 -2.10953486288102 -1.73722199808152 1.85295735504154 -0.00383250993027686 -0.00638060077215528 -0.0070269737221013 0.999947609348475
1688726095000440 -2.13111267666604 -1.75527685546717 1.87260464530275 -0.00414652269500105 -0.00647934097952869 -0.00691693086861478 0.999946488846963
1688726095000520 -2.15275487068347 -1.77333765055145 1.89224331233495 -0.00449962819558524 -0.00669803161097495 -0.0066459223056489 0.999945359224866
1688726095000600 -2.17410688067952 -1.79118045432169 1.91155588593137 -0.0047490894328873 -0.0068644341114516 -0.00639655887856233 0.99994470333534
1688726095000680 -2.19518705180568 -1.80888657589473 1.93073638562053 -0.00447706709508926 -0.00667650514818194 -0.00640989412797494 0.999947145306441
1688726095000760 -2.21649281726356 -1.82679307522871 1.950060214196 -0.00433051489154599 -0.00662096193962735 -0.0064746403445101 0.999947742902687
1688726095000840 -2.23836405093831 -1.84498024199569 1.96984581869322 -0.00425144753480896 -0.00653411592329649 -0.00663413001725651 0.999947608048479
1688726095000920 -2.26050497587747 -1.86337685303867 1.98992521110978 -0.00418601724664718 -0.00635536041531449 -0.00710934498806881 0.9999457704633
1688726095001000 -2.28246748029707 -1.88162263961729 2.00976526111621 -0.00416053746608253 -0.00620206623514238 -0.00740283546520916 0.99994470963623
1688726096000080 -2.3037442029862 -1.89949563863919 2.0289760420532 -0.00348968840852857 -0.00578131202985912 -0.00782991849020626 0.999946544012459
1688726096000160 -2.3247605538381 -1.91710209818032 2.04787057451841 -0.00307914539249363 -0.00558555271607131 -0.00803621833986341 0.999947368444611
1688726096000240 -2.34610652808987 -1.9348685618481 2.06708865694848 -0.00300882540627677 -0.00564992035419636 -0.00791817110800027 0.999948162624428
1688726096000320 -2.36743812819295 -1.95268812059893 2.08638100591122 -0.00302296916008225 -0.00567178629852603 -0.00795369761088771 0.999947714229077
1688726096000400 -2.38868072567526 -1.9704395390658 2.10554337260365 -0.00298509914711938 -0.00568196373530263 -0.00795555881621419 0.999947755412809
1688726096000480 -2.40889768097279 -1.98728631815667 2.12377204037788 -0.0028890862622303 -0.00571635511220486 -0.00797191886464769 0.999947711120145
1688726096000560 -2.43090689744075 -2.00569046359442 2.14359440637842 -0.00290392995408336 -0.00580277242192156 -0.0078698751839154 0.999947978690707
1688726096000640 -2.4516520228378 -2.02304428450615 2.16233235319392 -0.00254596768296058 -0.00560081653972376 -0.00793501321898337 0.999949590963395
1688726096000720 -2.47249565631394 -2.04047247578805 2.18120414223565 -0.00200684941273127 -0.00522392842934 -0.00834967480947017 0.999949481752841
1688726096000800 -2.49402832525347 -2.05823913090829 2.20056625782047 -0.00198948057988469 -0.00531076964165324 -0.00853434957798623 0.999947499906928
1688726096000880 -2.515380356584 -2.07587598312424 2.21976703069863 -0.00238914507093749 -0.00551321090269031 -0.00840769669772116 0.99994660213814
1688726096000960 -2.53679093962473 -2.09375199272335 2.2391649178642 -0.00254763741732609 -0.00557466363320669 -0.00848830780326132 0.999945189147687
1688726097000040 -2.55811599221671 -2.1114091575963 2.25829503934883 -0.00276920295612076 -0.00578301609174645 -0.00825753599048012 0.999945349176262
1688726097000120 -2.57943150777862 -2.12905938003215 2.27743530186557 -0.00285091184954912 -0.00589293451489273 -0.00824105197970777 0.999944613809533
1688726097000200 -2.6007749745582 -2.14673254280296 2.29666060269751 -0.00286691818743757 -0.00587576043116609 -0.00836220878113128 0.999943663254967
1688726097000280 -2.62188472557673 -2.16421667641271 2.31568402713071 -0.00285650188534673 -0.00586731337573437 -0.00848951696017407 0.999942669922888
1688726097000360 -2.64321884761481 -2.18182732032272 2.3347918161522 -0.00273861662522891 -0.00573954522681838 -0.00883728982598784 0.999940728197477
1688726097000440 -2.66486131324402 -2.19956951704993 2.35408291561496 -0.00287975109600941 -0.00579340840053711 -0.00890331101825517 0.999939435418787
1688726097000520 -2.68589001049389 -2.21697116741265 2.37289789974837 -0.00247835343629871 -0.00536427756967808 -0.00943286403393103 0.999938049764343
1688726097000600 -2.70553020080395 -2.23338546935492 2.39055625508826 -0.00205428314778788 -0.00509531783713414 -0.00972662159352182 0.999937603297958
1688726097000680 -2.72466197752113 -2.24942388194349 2.40769325638541 -0.00214031608490205 -0.00541427622133327 -0.00936755932245709 0.999939174896351
1688726097000760 -2.74278719868449 -2.2647252598008 2.42415450792154 -0.00203594048167734 -0.00566511892898953 -0.0091401029071964 0.999940108152844
1688726097000840 -2.76321516022922 -2.28184157463405 2.44253956084847 -0.00203998276771934 -0.00562689937527452 -0.00887704523531571 0.99994268562834
1688726097000920 -2.78293027473897 -2.29828511920051 2.46034016399436 -0.00200985223646719 -0.005653450502467 -0.00883810156353323 0.999942941848262
1688726097001000 -2.80263653959347 -2.31470664598367 2.47810343429845 -0.00188404835712395 -0.00566701285707702 -0.00886371379777909 0.999942883321231
1688726098000080 -2.82238492805763 -2.33122406494626 2.49599162453119 -0.00190962684357129 -0.00568995632423995 -0.00874186839377732 0.999943777149162
1688726098000160 -2.84190762843482 -2.34764089187368 2.51367953525273 -0.00126047083995136 -0.00508197848238899 -0.00923682718817479 0.999943631277014
1688726098000240 -2.86269954796243 -2.36517627651922 2.53254755615548 -0.000615707024759631 -0.00450596174637705 -0.00970877264365946 0.999942526822094
1688726098000320 -2.88080914343684 -2.38044730745809 2.54895119847836 -0.000275754467052642 -0.00405045640153336 -0.00987792622698952 0.999942970541754
1688726098000400 -2.90034316872357 -2.39706183699572 2.56695176099794 -0.000597272712547373 -0.00407716831925007 -0.00940485066027187 0.999947282984389
1688726098000480 -2.92000963567907 -2.41390763961651 2.58518689678279 -0.00168922730424956 -0.00475532476176767 -0.008388460425628 0.999952082416559
1688726098000560 -2.93798849595597 -2.42967377766698 2.60177597000334 -0.00173058502682502 -0.00496197218486296 -0.00742555115453019 0.999958621692694
1688726098000680 -2.96386083380158 -2.45252172837592 2.62539158954497 4.75510583230727e-05 -0.00383856885650756 -0.00745871250670382 0.999964814748886
1688726098000760 -2.98188155530225 -2.46815161610518 2.64182904200558 0.000986169933525559 -0.00314075576660575 -0.00777206169940128 0.999964378455061
1688726098000840 -3.00094139133571 -2.48439141085934 2.65926046674665 0.00137621147521516 -0.00272087360840789 -0.00791314668031765 0.999964041852705
1688726098000920 -3.02083764591047 -2.50115649639484 2.67746322606973 0.00126676203245844 -0.00268655235301498 -0.00777044167436358 0.999965398394661
1688726098001000 -3.04107256582683 -2.51834009801468 2.69601952131073 0.0016793871550312 -0.00224900921117051 -0.00815440229268522 0.999962812978363
1688726099000080 -3.060149503131 -2.53433258922634 2.71326326845265 0.00198774825773318 -0.00185942846428026 -0.00849550674905382 0.999960208082165
1688726099000160 -3.07904329875981 -2.55046433620616 2.73050403811051 0.00277040852735771 -0.00121848762755938 -0.00921855146599643 0.999952928108799
1688726099000280 -3.10814549113187 -2.57519223689308 2.75692904149677 0.00329053677232684 -0.000932033098525476 -0.00955029912884042 0.999948546410566
1688726099000360 -3.12847458780852 -2.5922514932683 2.77541133256261 0.00250592988346437 -0.00159243114853376 -0.00886153832908484 0.999956327854821
1688726099000440 -3.1496571875883 -2.60990734110737 2.79469528236558 0.00148240590588606 -0.00196894800993944 -0.00884882507970689 0.999957811115636
1688726099000520 -3.1708579272724 -2.62755015200848 2.81393237287131 0.000882621141385005 -0.00210464267571324 -0.00909211461534188 0.999956061490179
1688726099000600 -3.19130098867962 -2.64451627674625 2.83241151958129 0.000996220858127945 -0.00194328986379901 -0.00956642585949565 0.999951856173477
1688726099000680 -3.21159233676801 -2.66143046580182 2.85081873774398 0.00119865943876452 -0.00172479706348746 -0.0100445325400609 0.999947346442147
1688726099000760 -3.23193731979352 -2.67847669609604 2.86939034245832 0.00118909589051561 -0.00165861018602171 -0.0103461109241661 0.99994439498002
1688726099000840 -3.25246555931073 -2.69559820894112 2.88807680789966 0.00108342404986798 -0.00166116014489398 -0.0106531829135256 0.999941286492918
1688726099000920 -3.27322398463451 -2.71275677376517 2.90677917445127 0.000748391027806199 -0.00187500703772151 -0.0107390016807134 0.999940297268982
1688726099001000 -3.29387774918266 -2.72980688644475 2.92535250935328 0.000659085305533946 -0.00187118074712954 -0.0109633118617341 0.999937933114948
1688726100000080 -3.31455638399433 -2.74700395664957 2.94401447651362 0.000551038345840942 -0.00196048214511895 -0.011205394840631 0.999935143893325
1688726100000160 -3.33527332453731 -2.7642683113529 2.96273608171213 0.000505974702483792 -0.00201829939939885 -0.0113979113175465 0.999932876784603
1688726100000240 -3.35624227869 -2.78181828322828 2.98177040770703 0.000582315714959447 -0.0019908148064584 -0.0114616439193357 0.999932161840733
1688726100000320 -3.37608288397878 -2.79825295349612 2.99950744159233 0.000734952296740852 -0.00206681965377839 -0.0114947371525559 0.999931527215456
1688726100000400 -3.39620439992787 -2.81504966599554 3.01760713659785 0.000918901030454986 -0.00215619292514409 -0.0114182202080614 0.999932063042408
1688726100000480 -3.41628493026879 -2.83182418363322 3.03570012416389 0.00118472331645805 -0.00212961897168599 -0.0114600675314795 0.999931361647325
1688726100000560 -3.43652297557124 -2.84871254819756 3.05393252236182 0.00133469596782013 -0.00217299434122875 -0.0114536963897731 0.999931152390642
1688726100000640 -3.45708003614872 -2.86584170226706 3.07244955991614 0.00131584117919212 -0.0022882359123925 -0.0114728808639134 0.999930700370322
1688726100000760 -3.48812124794323 -2.89164988234086 3.10040184283813 0.00120687644159139 -0.00250769499040091 -0.0114236400321349 0.99993087529264
1688726100000840 -3.50868444531015 -2.90877899443855 3.11891242243229 0.0011490610093637 -0.00269521753327113 -0.0113489619224901 0.999931305902824
1688726100000920 -3.52911007876448 -2.92570508586001 3.13720952336712 0.00120654763342991 -0.00281928948478884 -0.0112968912173396 0.999931485702112
1688726100001000 -3.54937654012417 -2.9424758959553 3.15532011149897 0.00127881770780549 -0.00287731327575214 -0.0113082888902599 0.999931101774496
1688726101000080 -3.56940566688432 -2.95915361069172 3.17331815170325 0.00150747815560104 -0.00276113885948085 -0.0116026486364799 0.99992773847235
1688726101000160 -3.58932962979763 -2.97578741493511 3.19122759175397 0.00166803690210893 -0.00268506668207815 -0.0119194193052503 0.999923964865945
1688726101000240 -3.60895417191657 -2.99215454769569 3.20885376441823 0.00198408361879452 -0.0024879650525699 -0.0123400752777694 0.999918794694964
1688726101000320 -3.62692990265948 -3.00701084127135 3.22493141969393 0.00221645780973622 -0.00238503708480569 -0.0126034555600449 0.999915272321024
1688726101000400 -3.64795232532791 -3.02455697194144 3.24383559267486 0.00235341080803922 -0.00238609418266501 -0.0128622042077297 0.999911661955714
1688726101000480 -3.66780730798502 -3.04091298774537 3.26160858480191 0.00225515075416872 -0.00254944047668582 -0.0128363737030531 0.99991181719114
1688726101000560 -3.68779694217764 -3.05730711054459 3.27945803601481 0.00191786816787363 -0.00286950212066591 -0.0126528066383183 0.999913993413155
1688726101000640 -3.70772554075057 -3.07366533500034 3.29725028338445 0.00166018329038075 -0.00314522776941576 -0.012600879025405 0.999914280916873
1688726101000720 -3.72789970958365 -3.09013880740842 3.31522952586441 0.00112960807375287 -0.00361272921834011 -0.0123445059229568 0.999916639198845
1688726101000800 -3.74791988791242 -3.10639404017356 3.3331854263668 0.000686579085784212 -0.00389685652845229 -0.0123336617249415 0.999916108434508
1688726101000880 -3.76856686550522 -3.12322345434243 3.35162581349915 -5.97670421265507e-05 -0.00444550370705063 -0.0120789366671828 0.999917163175871
1688726101000960 -3.78871925391189 -3.13960078802002 3.36965325792904 -0.000636816906025755 -0.0048761363177265 -0.0119329945970066 0.999916707230551
1688726102000040 -3.80844280298612 -3.15578898768483 3.3873303763208 -0.000904040834043381 -0.00508475118699146 -0.0119526096640819 0.999915227975729
1688726102000120 -3.82775167727087 -3.17170083945377 3.40459099577934 -0.000966477003545468 -0.00514025222550906 -0.012098968108999 0.999913125576396
1688726102000200 -3.84680989491668 -3.187402106387 3.42162299122143 -0.000883067010299917 -0.00503709391430519 -0.012382430390603 0.99991025762074
1688726102000280 -3.86567481800081 -3.20291607345369 3.43844447549512 -0.00088147739579551 -0.0050112314763464 -0.0125304723839998 0.999908544727229
1688726102000360 -3.88443141075579 -3.21837842873456 3.45520122644703 -0.001015677660048 -0.00514734508171928 -0.0125171837716198 0.999907892432062
1688726102000440 -3.90286784091567 -3.23356433239664 3.47168776865461 -0.00112555578774402 -0.00532930318511259 -0.012381555815042 0.999908510178471
1688726102000520 -3.92106016919375 -3.24857595472848 3.48798264248967 -0.0012379981379162 -0.00551455821499481 -0.0121742423769503 0.999909918358075
1688726102000600 -3.93898935035804 -3.26335037446748 3.5039785147218 -0.0013965135615163 -0.0057770953787095 -0.011933227185619 0.999911132555186
1688726102000680 -3.95659313642246 -3.27778317425013 3.51959298452276 -0.001515211766954 -0.00604154359828556 -0.0115884775564813 0.999913451790791
1688726102000760 -3.97376307810474 -3.29192166886724 3.53487108161988 -0.00148909827875039 -0.00620104396109375 -0.0113131640546641 0.999915667423599
1688726102000880 -3.9998725004355 -3.31353101423269 3.55825670341403 -0.00162445411363 -0.00649440613602586 -0.0107554811484365 0.999919748511369
1688726102000960 -4.01737672199483 -3.32802261636796 3.5739652084274 -0.00178876369875273 -0.00664737277797376 -0.010426547772871 0.999921946884416
1688726103000040 -4.03478902806548 -3.34248690788336 3.58963683873425 -0.00193940963056819 -0.0067152729594974 -0.0102259237544704 0.999923284198709
1688726103000120 -4.05203143491689 -3.35688844087322 3.60523254166126 -0.00210823265613238 -0.00683833965340325 -0.0100499259516982 0.999923892830958
1688726103000200 -4.06938145199233 -3.37126083494672 3.6208168625947 -0.0022224962120062 -0.00690078014499239 -0.00983857142799579 0.999925318339442
1688726103000280 -4.08647647878478 -3.38552171655165 3.63625944171674 -0.00234814072106235 -0.00700978270073474 -0.00953623683792782 0.999927202034535
1688726103000360 -4.10337892707202 -3.3996784829347 3.65151769765929 -0.00245722825478573 -0.00710494421020286 -0.00926203740763889 0.999928845698599
1688726103000440 -4.12053682306868 -3.4140545095599 3.66700537033427 -0.00266690390912291 -0.00730698599094696 -0.00890725283475721 0.999930075768404
1688726103000520 -4.13747228683657 -3.42817003861417 3.68224020245015 -0.00275444503414149 -0.00738322481844358 -0.00863016826605992 0.999931708277887
1688726103000640 -4.16356444658806 -3.45001777786619 3.70580464418227 -0.00284703811892182 -0.00743621231568877 -0.008441152514028 0.99993266976561
1688726103000720 -4.18064971874597 -3.46434585484826 3.72124039305428 -0.0028016979720919 -0.00734290182031721 -0.00846703926642694 0.999933268537151
1688726103000800 -4.19780898789706 -3.47876683518694 3.73675369809633 -0.00278232121790719 -0.00728919770832989 -0.00839045781680417 0.999934361097284
1688726103000880 -4.21525858501976 -3.49338638106529 3.75248011662356 -0.00273186627059579 -0.00724777945346579 -0.00826447755959526 0.999935850447588
1688726103000960 -4.23262436535078 -3.50795479844811 3.7681673419277 -0.00263361719917469 -0.00716735768661248 -0.00819544299404515 0.999937261911152
1688726104000040 -4.24993888482996 -3.52247814714103 3.78379101726153 -0.00256464162102776 -0.00710917893795178 -0.00814591418666319 0.999938261229286
1688726104000120 -4.2672519922284 -3.53702101075891 3.79945262980801 -0.00242112889170206 -0.00697136214933045 -0.00814555609253441 0.99993959225576
1688726104000200 -4.28476876386078 -3.55166723990696 3.81526243967827 -0.00245864401883807 -0.00703475098866878 -0.00797640181026787 0.999940420406275
1688726104000280 -4.30223236528819 -3.56612907019233 3.83099655565772 -0.00244422429806379 -0.00704857284911108 -0.00785633165839285 0.999941308998306
1688726104000360 -4.32005875584761 -3.58110739696039 3.84717293441635 -0.00255500620446317 -0.00711607469813485 -0.00773805891582975 0.999941476221684
1688726104000440 -4.33793528011939 -3.59607802076114 3.86334482839314 -0.00265243588033339 -0.00717140714485561 -0.00761407131448962 0.999941779015899
1688726104000520 -4.35584718746916 -3.61103745042292 3.87940553013168 -0.00283724046519958 -0.00730051578976363 -0.00734218789832927 0.99994237074574
1688726104000600 -4.37404425773391 -3.62629371129699 3.89595330025458 -0.00272204943599379 -0.00715597563470232 -0.00749573164733137 0.999942596585751
1688726104000680 -4.39225264632201 -3.641543341869 3.91237837388145 -0.00265760854311152 -0.00707290924938873 -0.00750786734520838 0.999943269890601
1688726104000760 -4.41056565636901 -3.65683963468901 3.92888422462703 -0.00262133694692385 -0.00700880678086261 -0.00752061766606546 0.999943721181367
1688726104000840 -4.42889830835925 -3.67218840655804 3.94535840866936 -0.00278427404087749 -0.00713592654095422 -0.0072966566845413 0.999944041020144
1688726104000920 -4.4481294605762 -3.68824079775837 3.96277661875809 -0.00289838076708426 -0.00719174290445188 -0.0072967822223014 0.999943315989524
1688726104001000 -4.46729526494153 -3.70426741218571 3.97996558555861 -0.00300048222199716 -0.00727114304700193 -0.00719710255018209 0.999943163034834
1688726105000080 -4.48635488489073 -3.72013286320846 3.99707200405836 -0.00298789342524377 -0.00725000117091445 -0.00722458774685673 0.999943156038277
1688726105000160 -4.50558084773623 -3.7362498363159 4.01443115868438 -0.00291995368904404 -0.00721586324518915 -0.00735427571006112 0.999942658264393
1688726105000240 -4.52514604502756 -3.75252474554284 4.03202192504193 -0.00295655933119385 -0.00720765539315483 -0.00733700993446333 0.999942736733397
1688726105000320 -4.54488845055486 -3.76898116963233 4.04979365639898 -0.00300777302517672 -0.00724148809277396 -0.00733362723542335 0.999942364370669
1688726105000400 -4.56538115842788 -3.78602533044746 4.06817031138631 -0.00318175391838096 -0.00737416864166434 -0.00725713787177062 0.999941414298236
1688726105000480 -4.58537826168185 -3.80263235831981 4.0861574891723 -0.00331016241297366 -0.00747645655710594 -0.0071797489782092 0.999940796560856
1688726105000560 -4.60565277393719 -3.81952226311777 4.10439439679024 -0.00337457975385926 -0.00751707189109515 -0.0071657400027554 0.999940377228503
1688726105000640 -4.62676827380061 -3.83720926357824 4.12342534900832 -0.00341072607986278 -0.00756522421643094 -0.00715767145820015 0.999939949231683
1688726105000720 -4.64664349261911 -3.85377469847341 4.14125843363585 -0.00344558383006686 -0.00765848070930304 -0.00698536460058349 0.999940338373591
1688726105000800 -4.66730819366206 -3.87100691694553 4.15982456565665 -0.00345177199191378 -0.00768321574618828 -0.00689516838834671 0.999940753304319
1688726105000880 -4.68838150899612 -3.88858434958594 4.17876063194565 -0.00347109347317797 -0.00768087206910186 -0.00688667172758022 0.999940762978925
1688726105000960 -4.71004219790695 -3.90673628031897 4.1983063278178 -0.00344688944425302 -0.00771415457293774 -0.00690857449525438 0.999940439411682
1688726106000040 -4.73060967845052 -3.92395592702085 4.21676461653159 -0.00330969832835521 -0.00765602595956227 -0.00691580737169429 0.999941299663075
1688726106000120 -4.75158217570274 -3.94156899239469 4.23563195943925 -0.00310697856990026 -0.00756614352718744 -0.00692273425311046 0.99994258630521
1688726106000200 -4.77284677752901 -3.95941259957623 4.25475804580026 -0.00287525077970901 -0.00747886780592273 -0.00694697037836964 0.999943767954907
1688726106000280 -4.79433151809289 -3.97742811009251 4.27406694917447 -0.00263077626884511 -0.00735158932667202 -0.0069992977553669 0.999945019979362
1688726106000360 -4.81596673721463 -3.99557072341963 4.29352947408858 -0.00236257779525192 -0.00723694492951893 -0.00704726008283454 0.999946189041977
1688726106000440 -4.83776976817225 -4.013883407876 4.31313545954553 -0.00209875101638764 -0.00710272608471939 -0.00707590514891724 0.999947537670182
1688726106000520 -4.85981010115528 -4.03238630090749 4.33297916619167 -0.00175532760238188 -0.00687743481402391 -0.00728003455812235 0.999948309070134
1688726106000600 -4.88215947764254 -4.05111807399248 4.35306473742337 -0.0014156484887115 -0.00659959621947922 -0.00753949896532983 0.999948797301366
1688726106000680 -4.90478987306924 -4.0701378790621 4.37339525912509 -0.0010930746646012 -0.00644311804070135 -0.00776302874179954 0.999948512075719
1688726106000760 -4.92728481417232 -4.08896338942194 4.39359796752397 -0.000799282067141544 -0.00616951644328287 -0.00804920731574797 0.999948252899429
1688726106000840 -4.9504597654513 -4.10833151541903 4.41438013899261 -0.000881509583124091 -0.00622541801213818 -0.0080740374206162 0.999947637144645
1688726106000920 -4.97409359065132 -4.12787261671423 4.43560476605628 -0.00114493482941103 -0.00642301534956676 -0.00804618591616534 0.9999463450057
1688726106001000 -4.99884161678224 -4.1484273476183 4.45787756072115 -0.00154712109992139 -0.0066514033762638 -0.00791769118578571 0.999945336213793
1688726107000080 -5.02319445106906 -4.16866980375915 4.47976706754978 -0.00180147199626051 -0.00680132861322978 -0.00791780250788346 0.999943900942042
1688726107000160 -5.04750144450038 -4.18891019584477 4.50163619007187 -0.00176320894048618 -0.00666930140788002 -0.00821808433455 0.999942435644589
1688726107000240 -5.07271849247477 -4.20985827822302 4.5243388301545 -0.00168081948579997 -0.00652742102210342 -0.00858107689424905 0.999940464597764
1688726107000320 -5.09680134620291 -4.22980673863712 4.54591607120571 -0.00162669036123515 -0.0063401682459515 -0.00896511676693093 0.999938389515293
1688726107000400 -5.12140658659462 -4.25029034478378 4.56805785216562 -0.00157303258737051 -0.00617398984052069 -0.00924149937661574 0.999936999069041
1688726107000480 -5.14610182891257 -4.27081369085415 4.59029229498728 -0.00179401949534028 -0.00624780964793162 -0.00915636717274596 0.99993695166688
1688726107000560 -5.17095978521818 -4.29148522276877 4.61263487580307 -0.00225460863158901 -0.00664664760257485 -0.008783481741543 0.999936792634445
1688726107000640 -5.19553825074759 -4.31195928067371 4.63477283230786 -0.00255736343124738 -0.00691931493571936 -0.00841187954512817 0.999937409669035
1688726107000720 -5.22011934712972 -4.33241647479607 4.65689853562349 -0.0028023428133527 -0.00715529885609745 -0.00810634424411426 0.99993761593213
1688726107000800 -5.24452818020871 -4.35276599745052 4.67884297315927 -0.00281819388395699 -0.00718511831661467 -0.00801210592147666 0.999938117093609
1688726107000880 -5.2682060333607 -4.37263988125702 4.70017410189793 -0.00262965883632143 -0.00699296792595647 -0.00815642815458043 0.999938826115753
1688726107000960 -5.29301742263823 -4.39336497569265 4.72246205011669 -0.00233338564564951 -0.00680983542966388 -0.00826746347421224 0.999939913445079
1688726108000040 -5.31730657669203 -4.4137643337229 4.74433594881396 -0.00199391559919803 -0.0065964012680217 -0.00841911458557042 0.999940813398718
1688726108000120 -5.34159301010662 -4.43419537785683 4.76622073560777 -0.00170984461454904 -0.00642363545647806 -0.00848549990938044 0.999941903127479
1688726108000200 -5.36605042718808 -4.45466500813416 4.78819181743699 -0.00156697830376943 -0.00639560794725596 -0.00840363394217503 0.999943008233243
1688726108000280 -5.39057451138574 -4.47521662979984 4.81027023102623 -0.00166457980047623 -0.00654058298161272 -0.00815225721421993 0.999943993756981
1688726108000360 -5.41534217509464 -4.4959577775391 4.8325474839901 -0.00162075633601001 -0.00657728899440781 -0.00800791306201707 0.999944991360412
1688726108000440 -5.44015295348549 -4.5167063433648 4.85486500964649 -0.00152133381146534 -0.00653159567228736 -0.00795195315178374 0.999945893657492
1688726108000520 -5.46513979348403 -4.53759457659955 4.87731771333673 -0.00134189179048644 -0.00643954451509631 -0.00801651862800604 0.999946232065478
1688726108000600 -5.49021589157928 -4.55862657630121 4.89989829526663 -0.00126965225532197 -0.006410039186945 -0.00809474028324995 0.999945885816087
1688726108000680 -5.51569813650515 -4.57993747923808 4.922802481281 -0.00112161114299511 -0.00626799462650256 -0.00831320860914738 0.999945170894098
1688726108000760 -5.54133323384555 -4.60137702378087 4.94587300759848 -0.00088889677389587 -0.00599811346014827 -0.0085974321712509 0.999944656797318
1688726108000840 -5.56704271482821 -4.62280565437637 4.96896853163385 -0.000660123275882036 -0.00570983137900766 -0.00895109693826863 0.999943418362502
1688726108000920 -5.59257929652656 -4.64421215291343 4.99198859217245 -0.000398788560576519 -0.00542590141641984 -0.00927373506462852 0.999942197529164
1688726109000000 -5.6181439875742 -4.66563806907504 5.01497254686213 -4.89768188916227e-05 -0.00513160199524053 -0.00953485083800311 0.999941373722345
1688726109000080 -5.64417658996331 -4.68738217587553 5.03837269163691 0.000209474582566726 -0.0049275758552051 -0.00974620154636725 0.999940341556439
1688726109000160 -5.67047660338949 -4.70928165548976 5.06200724089793 0.000111924731942577 -0.00494823453045128 -0.00975169802245456 0.99994020162886
1688726109000240 -5.69826124319235 -4.73239475626821 5.08698215680051 1.14560962952465e-05 -0.00501018080780743 -0.00983501996583981 0.99993908331423
1688726109000320 -5.72389510012833 -4.75377510101265 5.11006259035861 8.01395074792113e-05 -0.00480320840632751 -0.0100660524906852 0.999937796742337
1688726109000400 -5.75063255324676 -4.77605148583063 5.13406324103839 8.39591650211653e-05 -0.00474055676033054 -0.0102146151775637 0.99993658884413
1688726109000480 -5.77766526064589 -4.79850285314525 5.15836988248231 -0.000101347345737721 -0.00485161087181534 -0.0102182292307142 0.999936017649156
1688726109000560 -5.80477678974274 -4.82106520286403 5.18282503882396 -0.000353549544030453 -0.00503756775415323 -0.010143598050742 0.999935800605433
1688726109000640 -5.83192845893481 -4.84369023931707 5.20731929074199 -0.000591185655665736 -0.00521747296044912 -0.00999190800171891 0.999936293095671
1688726109000680 -5.84555832332013 -4.85505018806897 5.21958465282468 -0.00057796048284728 -0.00517449649454045 -0.0100549230238423 0.999935892480459
1688726109000720 -5.85902741851774 -4.86626456560828 5.23166082949757 -0.000506766068794163 -0.00509903301807597 -0.010129685147872 0.999935564188632
1688726109000800 -5.88584602493297 -4.88861379526868 5.25571528048109 -0.000297910924015543 -0.00495009139941165 -0.0102501163935321 0.999935169377564
1688726109000880 -5.91337121035009 -4.91160528456918 5.28048028839111 -7.61720776330452e-06 -0.00472337522358295 -0.0104395738106277 0.999934350328624
1688726109000960 -5.93982267988628 -4.93361708552874 5.30420201408217 2.86264963074091e-05 -0.00471652476218727 -0.0104297487352773 0.999934484811885
1688726110000040 -5.96723904508912 -4.95644265868476 5.32883232136135 -6.83250308754056e-05 -0.00477615046948606 -0.010349577054983 0.999935032876219
1688726110000120 -5.99483603954516 -4.97937840228135 5.35361294673411 -0.000355445570043692 -0.00505541038331938 -0.0100398640792204 0.999936756806936
1688726110000200 -6.02239563819492 -5.002297644012 5.3783929811233 -0.000720073866199149 -0.00542930463659472 -0.00961352059244904 0.999938790309991
1688726110000240 -6.03625395354354 -5.01380562020622 5.39084951671948 -0.000888369423235833 -0.00558777834899491 -0.00941330989591046 0.999939686746003
1688726110000280 -6.05012509753836 -5.0253642452647 5.40334248493393 -0.00101916439554439 -0.00568976637025263 -0.00929096202705888 0.99994013115146
1688726110000360 -6.07760075114725 -5.04825004775258 5.42809177860514 -0.00114622645419745 -0.00568541154966601 -0.00923229883472626 0.99994056169287
1688726110000440 -6.10502940464227 -5.07118176490007 5.45278752918595 -0.00101464811381278 -0.00556872361756821 -0.0094194683989854 0.999939614887597
1688726110000480 -6.11857193664765 -5.0825208663253 5.46497050040547 -0.000826984832713204 -0.00538402451525111 -0.00961787911109328 0.999938910522793
1688726110000560 -6.14527867064196 -5.10482376535562 5.48898014036302 -0.000579253335677697 -0.00518273609829454 -0.00980104075932523 0.999938369756928
1688726110000640 -6.17168129707952 -5.12689554208493 5.51274195752543 -0.000460659846104071 -0.00514174894005512 -0.00979486371821544 0.999938703548915
1688726110000720 -6.19787734007334 -5.14879719572804 5.53636924107816 -0.000632421066131693 -0.00538046973932448 -0.00946323928203244 0.99994054707831
1688726110000800 -6.22370957007634 -5.17047352978011 5.55963810678012 -0.000619605188409002 -0.00545184129646813 -0.00924555408202297 0.999942204952669
1688726110000880 -6.24918233432109 -5.19182959697821 5.58252586152287 -0.000365545368759023 -0.00533209550483757 -0.00922171529694364 0.999943195937196
1688726110000960 -6.2754349033204 -5.21369010054287 5.6060167503441 -0.000240998644463516 -0.0052874680070058 -0.00921996677606021 0.999943486810318
1688726111000040 -6.30088599858537 -5.23495994561854 5.62892534657481 -0.000232297208558744 -0.00523419074961646 -0.00930291226784342 0.999943000929823
1688726111000120 -6.32733787845599 -5.25695683176486 5.65277094980102 -0.000330814093748788 -0.00518969668322633 -0.00955011389664699 0.999940874719567
1688726111000200 -6.35359427618043 -5.27871454547937 5.67639071489239 -0.000440953927403092 -0.00510949249484279 -0.00979329033210758 0.999938893188254
1688726111000280 -6.37930324911568 -5.30003580607408 5.69953457050504 -0.000514909068170767 -0.00503184976975767 -0.0100186944049475 0.999937018576153
1688726111000360 -6.40436191925967 -5.32089812652928 5.7220886269662 -0.000589800459148903 -0.00505110192268962 -0.0100591179179721 0.999936474307992
1688726111000440 -6.42900455806376 -5.34138114505159 5.74420462348407 -0.000793111126880868 -0.0052355235845048 -0.00983335604102487 0.999937630743291
1688726111000520 -6.45330233436906 -5.36171109038098 5.76608223631474 -0.000775910739246908 -0.00520072945994576 -0.00986803531091708 0.999937484173242
1688726111000600 -6.47745159815097 -5.38183287039156 5.78779554020084 -0.000836175742834993 -0.00523101614712038 -0.0098807585301129 0.999937151970595
1688726111000680 -6.50132168586642 -5.40173712894699 5.80928027065218 -0.00104327307024939 -0.00536026139018127 -0.00985172615141675 0.999936559323124
1688726111000760 -6.52433464109632 -5.42097214713346 5.83000930020937 -0.00111538090690736 -0.00541774805030744 -0.00981211569603631 0.999936561146288
1688726111000840 -6.54617577231349 -5.43925406480878 5.84966659951293 -0.000998250012345492 -0.00535751872269439 -0.0097076724616236 0.999938028872503
1688726111000920 -6.56770054531597 -5.4572798488962 5.86899384470242 -0.000777070763227241 -0.00522350342638137 -0.00972863384235733 0.9999387305513
1688726112000000 -6.59011860138963 -5.47609038320483 5.88920359973064 -0.000403569824124731 -0.004938567491479 -0.00996768347716333 0.999938044565076
1688726112000120 -6.62032820977316 -5.50129255268873 5.91629391699594 -0.000263351566968871 -0.00488961057592779 -0.00992750947470116 0.999938731578089
1688726112000200 -6.64085787542517 -5.51842288476361 5.93473839822015 -0.000239872160906773 -0.00490513879535436 -0.0098126844318647 0.999939794837162
1688726112000280 -6.66122729370858 -5.53543436323568 5.95301859375332 -0.000262303329272993 -0.00496537514780215 -0.00965715569186643 0.999941006055131
1688726112000360 -6.68129642476253 -5.55230438490573 5.97112020382229 -0.000111520255035676 -0.00491087482567518 -0.00963927730959523 0.999941475889778
1688726112000440 -6.70133438495391 -5.56912570534124 5.98916648804035 -5.4635119696141e-05 -0.00497223368175391 -0.00951693786693349 0.999942349238622
1688726112000520 -6.72180615320844 -5.58628167050775 6.0076302031161 -1.66191428370486e-05 -0.00500029582820688 -0.00951098954672481 0.999942267255103
1688726112000600 -6.74251121597346 -5.60362152175931 6.02631583315305 -0.000222114856604576 -0.00510988624590771 -0.00939032790233971 0.99994282910046
1688726112000680 -6.7625801373058 -5.62040421101498 6.04447946843761 -0.000409355457803148 -0.00517219216202106 -0.00932472268221577 0.999943063580746
1688726112000760 -6.78389679132466 -5.63825884236063 6.06369574802695 -0.000566087952519816 -0.00530999240668362 -0.00925028240361174 0.999942956273269
1688726112000840 -6.80383588968126 -5.6550517104329 6.08170001453194 -0.000485199635265488 -0.00523102204618381 -0.00926936756195814 0.999943238296388
1688726112000960 -6.83309941698191 -5.67967721122264 6.10799583199933 -2.35915376935098e-06 -0.00492432946723666 -0.00948144242374186 0.99994292498287
1688726113000040 -6.85259395910425 -5.69603523363099 6.12548909422064 0.000247806633729048 -0.00475059437144892 -0.00961833156312186 0.999942427414165
1688726113000120 -6.87202098347603 -5.71231702334726 6.14296025926319 0.000480169863238866 -0.00461167251644653 -0.0097043531144843 0.999942162049452
1688726113000200 -6.89139253368477 -5.728561468871 6.16039230812629 0.000704854519355016 -0.00445069584114492 -0.00975777207802707 0.99994223851716
1688726113000320 -6.92059233386444 -5.75303765598895 6.18667831605183 0.000783851825560396 -0.00443771317180624 -0.00970862921346771 0.999942715757716
1688726113000400 -6.939842864324 -5.76916376335472 6.20398496863354 0.000730452563645282 -0.00457882770599501 -0.00944031266902264 0.999944689106654
1688726113000480 -6.95919367577119 -5.78539914296368 6.22140242649374 0.00064632755972472 -0.00474424646611848 -0.0091791048385653 0.999946407774195
1688726113000560 -6.97881981052509 -5.80187327271429 6.23908854906097 0.000393471562438038 -0.00504564993865184 -0.00881360286727238 0.999948352166913
1688726113000640 -6.99856738473256 -5.81845056741356 6.25691740353909 0.000163220114111318 -0.0052606233811112 -0.0086003296547247 0.999949165473259
1688726113000720 -7.01869509876558 -5.83524841743218 6.27502804004932 3.01263985644781e-05 -0.00526649704348677 -0.00862261082586913 0.99994895553915
1688726113000800 -7.0390001179854 -5.85216383004381 6.29326638258263 3.55474119235181e-05 -0.00514131961489058 -0.00882852263711145 0.999947810016625
1688726113000880 -7.05938678621855 -5.8691800305438 6.31159919231154 6.1771190750559e-05 -0.00502089170891117 -0.00907675501419732 0.999946198227274
1688726113000960 -7.07965756099434 -5.88616475530614 6.32988674930401 5.0104911884212e-05 -0.00498924301079101 -0.00916461788311887 0.999945555879286
1688726114000040 -7.0999212947938 -5.90316204867619 6.34819283631191 -4.94795234986165e-05 -0.00503990523422756 -0.00915073144406263 0.999945429021527
1688726114000120 -7.12009571945158 -5.92003272724756 6.36634989405023 -0.000119448990828887 -0.0050749595986424 -0.0091118523931339 0.999945600851855
1688726114000200 -7.14029163434716 -5.93687871141493 6.38449926083322 -0.000215933804334222 -0.00517948537296074 -0.0090096409072831 0.999945974877936
1688726114000280 -7.16066907858921 -5.95386705688617 6.40280760964302 -0.000359705918179705 -0.00527615704941769 -0.00890259811875604 0.999946386825403
1688726114000360 -7.18099721518527 -5.97084847476418 6.42109520573293 -0.000664501788276444 -0.00553314198555112 -0.00865217983186573 0.999947039878262
1688726114000440 -7.20148231810949 -5.98795999370574 6.4395543688612 -0.000765601610082897 -0.00554960795391293 -0.00856587183160366 0.999947619400885
1688726114000520 -7.22234599231489 -6.00536995296367 6.45832027504529 -0.00108399935453596 -0.00580682879632289 -0.00839143239694595 0.999947343387169
1688726114000600 -7.24291509458929 -6.02257934737135 6.47685932751425 -0.00112375545628759 -0.00581193312567858 -0.00833980861935226 0.99994770173205
1688726114000680 -7.26327936614017 -6.03963355224191 6.49517971045983 -0.00107448711232337 -0.00581126578818466 -0.00826455037908192 0.999948384605134
1688726114000760 -7.28376036600406 -6.05678132941446 6.51357415831881 -0.0011801008847682 -0.00596928721111753 -0.00802851231443005 0.999949257693664
1688726114000840 -7.30435665174683 -6.07403212825107 6.53209923368719 -0.00138753814490914 -0.00619283502747123 -0.00771966135073819 0.999950063933619
1688726114000920 -7.32515321869059 -6.09146433460597 6.55085382970849 -0.00149868834918425 -0.00628668169206937 -0.00756694708376668 0.999950485213326
1688726115000000 -7.34608788528116 -6.1090065770987 6.56975208728361 -0.00163502883709791 -0.00639818818441461 -0.00743661225921856 0.999950542110341
1688726115000080 -7.36711436242619 -6.12666045307344 6.58874583622962 -0.00163330476816466 -0.00639427775916218 -0.00744760351048931 0.999950488139
1688726115000160 -7.38827361972391 -6.14440819639466 6.60783744531215 -0.00172598855793993 -0.00648869808820038 -0.00732295360369643 0.999950644837602
1688726115000240 -7.40963628504682 -6.16236969477113 6.62716715247102 -0.00184816371184273 -0.00662740999741321 -0.00715219250310971 0.999950752722362
1688726115000320 -7.43095281753944 -6.18028305178388 6.64639456032856 -0.00198940153162998 -0.00675763912537056 -0.00696129907866145 0.999950957252472
1688726115000400 -7.45221821173134 -6.19817307998331 6.66558082769071 -0.00206211018118942 -0.00688559343823619 -0.00677890764130928 0.999951190166697
1688726115000480 -7.47353932008966 -6.21611277191532 6.68477057011706 -0.00204449860406238 -0.00689096660043111 -0.00673060096903958 0.999951515632316
1688726115000560 -7.4951564353079 -6.23429225822974 6.70425617653095 -0.00210269311863018 -0.00695201096584138 -0.00672940692554205 0.999950980452347
1688726115000640 -7.5161273271578 -6.25193215160105 6.72320911962874 -0.00213677890809322 -0.00700380468354667 -0.00669667960080367 0.999950766477119
1688726115000720 -7.53888053990949 -6.27105654089007 6.74370329902179 -0.00209149754332794 -0.00694490279711498 -0.00674887357831839 0.999950922129976
1688726115000800 -7.56070694989312 -6.28939794684101 6.7633629006577 -0.00199342575138693 -0.00687857177259201 -0.00674708774795687 0.999951592983913
1688726115000880 -7.5824504412006 -6.30770638103531 6.78294676194594 -0.00177489347947415 -0.0067539935801151 -0.00678540274138918 0.999952594693115
1688726115000960 -7.60271181468009 -6.3248067646519 6.80123484998332 -0.00169936731939944 -0.00685222335138311 -0.0066742685094442 0.999952805549202
1688726116000040 -7.62641300638789 -6.34469202979214 6.82252803628259 -0.00161396815545737 -0.00684461149878513 -0.00655990951120401 0.999953755924457
1688726116000120 -7.64881971768362 -6.36349197370917 6.84268855849163 -0.00161972774946612 -0.00691276151461041 -0.00641223722860896 0.999954235664805
1688726116000200 -7.67147314210132 -6.38249430598445 6.86309550200177 -0.00165507831037938 -0.00696607297126064 -0.00637881128145167 0.999954021597884
1688726116000240 -7.68283470698653 -6.39203400720802 6.8733286782463 -0.00172665843458299 -0.0070480349003697 -0.00631352452314039 0.999953740561427
1688726116000320 -7.70590484795822 -6.41137954245708 6.89409235551027 -0.00178438852080428 -0.00707148833496356 -0.00631211263235723 0.999953482540289
1688726116000400 -7.72921677645525 -6.43092326781509 6.91508289829717 -0.00169324662955708 -0.00695082048250986 -0.0065357419304732 0.999953050441814
1688726116000480 -7.75247591655937 -6.45046215570943 6.9360305117227 -0.00149252880915992 -0.0067237912966937 -0.00684817984894435 0.999952831598125
1688726116000560 -7.77586635481224 -6.47011495100097 6.95707641410994 -0.0013384810559595 -0.00657660457077139 -0.00707125246493538 0.999952475935411
1688726116000600 -7.7876278862068 -6.47997675351017 6.9676555974971 -0.00129662623666321 -0.0065462701901439 -0.00714356659980642 0.999952216139968
1688726116000680 -7.81144016763206 -6.49990205762149 6.98905616349346 -0.00137115963127309 -0.00657261026349925 -0.00714299195011175 0.9999519480363
1688726116000760 -7.83558667678248 -6.52007133714921 7.01078058942553 -0.00152313811552298 -0.0066566758493677 -0.00707612190053155 0.999951647438898
1688726116000840 -7.86003655104952 -6.54042945152537 7.03274620550156 -0.00171970752295717 -0.00673776848559348 -0.00701868257100426 0.99995119039723
1688726116000920 -7.88450242682509 -6.5608742420231 7.05477115014464 -0.00175814368685461 -0.00668995598663919 -0.00717384634230874 0.999950343441278
1688726117000000 -7.90900192039967 -6.58125369728974 7.07674669862401 -0.00186839859662675 -0.0068202882074776 -0.00713062356240331 0.99994957221005
1688726117000080 -7.93369634688067 -6.60193992473498 7.09905559259579 -0.00193874644303595 -0.0068413925498419 -0.00717970433996784 0.999948942924487
1688726117000160 -7.95854116381412 -6.62262459823265 7.12140379916812 -0.00210033931371202 -0.00696354827222634 -0.0070901409829462 0.999948412404895
1688726117000240 -7.98495150514941 -6.64458241700422 7.14512356930942 -0.00221252567993409 -0.0070132522276719 -0.00704239506092998 0.999948160503889
1688726117000320 -8.00921369363752 -6.66481867545742 7.16700320077756 -0.00242518949212049 -0.00708940595184141 -0.0071718725644016 0.99994621006487
1688726117000400 -8.03479361256395 -6.68614154282304 7.19001168876738 -0.00241205342472433 -0.00700314220051774 -0.00733244650058198 0.999945685137904
1688726117000480 -8.06041909849932 -6.70780308386981 7.21327952507871 -0.00263960365890548 -0.00710158702505929 -0.00721828398462661 0.99994524666632
1688726117000560 -8.08522311199726 -6.72843051216633 7.23553704695239 -0.0026469909302893 -0.00716754751093009 -0.00710416454662739 0.999945573792788
1688726117000640 -8.11004633006519 -6.74932258485131 7.25799907246177 -0.00275443607868238 -0.00727903178987029 -0.0068480622441042 0.999946264967069
1688726117000720 -8.13407184585195 -6.76949868272515 7.27960716435978 -0.00299453321890583 -0.00751903070501214 -0.00651576788886665 0.999946019401486
1688726117000800 -8.1598670905324 -6.79125174667549 7.3029747942679 -0.00288120070622979 -0.00750807573700335 -0.00638162778490092 0.999947299765359
1688726117000880 -8.18459886880803 -6.8120852418647 7.32525820107129 -0.00281228281757519 -0.00751659058133475 -0.00620356494753767 0.999948552533243
1688726117000960 -8.20918659296693 -6.83289394606939 7.34743013870034 -0.00268556227604004 -0.00746053444684259 -0.00611180974086245 0.99994988572564
1688726118000040 -8.23388789404721 -6.85380305399969 7.3697204860391 -0.00234066296165115 -0.00722048030690112 -0.00615349796935486 0.999952259072291
1688726118000120 -8.2579374946507 -6.87412715835487 7.3913556122392 -0.00197737583125632 -0.00700993883185656 -0.00627375398879389 0.999953794309159
1688726118000200 -8.28467917263971 -6.89688689404118 7.41569488014227 -0.00163825370251672 -0.00669140804112946 -0.00626065494309845 0.99995667175279
1688726118000280 -8.31067441238154 -6.91897708111226 7.43925286119837 -0.00141169150463701 -0.00649363420035714 -0.00615903386942977 0.999958952229422
1688726118000360 -8.33745923737614 -6.94167695578839 7.46355127134096 -0.00146068318328077 -0.0065053814919752 -0.00587026986896762 0.999960542395522
1688726118000440 -8.36484053087367 -6.96484082960613 7.48844059777791 -0.00168967950235157 -0.00662134784512343 -0.00552737350964811 0.999961374693032
1688726118000480 -8.37860579915438 -6.97653989866541 7.50099840157057 -0.00176379437043566 -0.00662566126146568 -0.00548030368136735 0.999961477214911
1688726118000520 -8.39258676923488 -6.9884046681953 7.51371529637504 -0.00181292109286798 -0.00659355667119129 -0.00544418713942124 0.999961798847299
1688726118000600 -8.42163576278019 -7.01293376649246 7.54011105942225 -0.00184516336996286 -0.00642286297298167 -0.0054981599941262 0.999962555518979
1688726118000680 -8.45126151996185 -7.03801952332006 7.56709640523996 -0.00181885776562398 -0.00616412759005172 -0.0057854208216842 0.999962611397745
1688726118000760 -8.48101196771452 -7.06315946279227 7.59417956780902 -0.00187253699504342 -0.00599348280281376 -0.00588526345648764 0.999962967035851
1688726118000840 -8.51000182051859 -7.08755792389656 7.62051455050066 -0.00203328817732369 -0.00598320326301958 -0.00571730388810295 0.999963689067834
1688726118000920 -8.54100225834256 -7.11381368769297 7.64878882671673 -0.00228881858763352 -0.00598221394620554 -0.00561605162243015 0.99996371653673
1688726119000000 -8.57104004498231 -7.1392212791971 7.67612618096496 -0.00242964595780943 -0.00602408550141759 -0.00544812543129243 0.999964061926066
1688726119000080 -8.60143337168672 -7.16487624640909 7.70375284858362 -0.00263359481609714 -0.00613209597396824 -0.00532843212194202 0.999963534029333
1688726119000160 -8.63218803450894 -7.19081746966774 7.73173302372096 -0.00280603662289017 -0.00617389173734575 -0.00534056965924921 0.999962743073461
1688726119000200 -8.64742134517036 -7.20375715604313 7.745625932442 -0.00284089388666987 -0.00615555482894499 -0.00534913627791305 0.999962711908676
1688726119000280 -8.67806178457264 -7.22964202466904 7.77343997213435 -0.00276826080616419 -0.00608671096535387 -0.00539222728272837 0.999963105602734
1688726119000360 -8.70874562131818 -7.25557495758368 7.80123105405609 -0.00277703415526945 -0.0061927637902907 -0.00516807973678443 0.999963613692905
1688726119000440 -8.73899102948868 -7.28117134940976 7.8286525117976 -0.00281082745785233 -0.00638269722729399 -0.00493013326598603 0.999963526440383
1688726119000520 -8.77051645178623 -7.30791410582762 7.85724762950684 -0.00287608606106316 -0.00654922662681981 -0.0047063019555905 0.999963342568848
1688726119000600 -8.801847752397 -7.33436920504357 7.88558747380992 -0.0027570441349618 -0.00655571851573913 -0.00474915084117483 0.999963432745752
1688726119000680 -8.83388176802665 -7.36133415209408 7.91442597253524 -0.00244067183055345 -0.00642886210877231 -0.00496308043521929 0.999964039696226
1688726119000760 -8.8646173219689 -7.38734175571193 7.94220781207986 -0.00193904551205748 -0.00619273662684297 -0.00522704542271911 0.999965283453241
1688726119000800 -8.88037738145768 -7.40066451157234 7.95642778231677 -0.00167162841448844 -0.00605058489644662 -0.00540460376495445 0.999965692581
1688726119000880 -8.91235412185293 -7.42764468194558 7.98527742675228 -0.0013992598191566 -0.00597161938804761 -0.00555742292520783 0.999965747855532
1688726119000920 -8.92847684924762 -7.44123513564858 7.99982068407554 -0.00133910653974397 -0.00597708995562034 -0.00564088721452099 0.999965330189387
1688726120000000 -8.96131318193029 -7.4688579649546 8.0294470421183 -0.00134326487019997 -0.00607558739344337 -0.00573615745929728 0.999964189046245
1688726120000080 -8.99377946801996 -7.49603925096949 8.05851981340981 -0.00159719878074832 -0.00630788083177183 -0.00560571062241877 0.999963117121769
1688726120000160 -9.02824806849287 -7.52493342184958 8.08965180000716 -0.00179213983442463 -0.00656454365556721 -0.00563436643988226 0.999960973696588
1688726120000240 -9.06367680267343 -7.55455545305313 8.12147165685531 -0.00182674998681571 -0.0066676495389218 -0.00582144854096337 0.999959157251433
1688726120000320 -9.0975037636993 -7.58273406593984 8.15186875439111 -0.00191865632678703 -0.00675967376852423 -0.00608846771474283 0.999956777130556
1688726120000360 -9.11508373190774 -7.59738266651666 8.16764883045357 -0.00202498457859722 -0.00684948140008378 -0.00619207630121532 0.999955320118397
1688726120000400 -9.13288210132687 -7.61219396147547 8.18361634004776 -0.0021303960003099 -0.00692661213316836 -0.00632669385767737 0.999953727130446
1688726120000440 -9.15078483700093 -7.62708069810786 8.19966399434598 -0.00224156974561715 -0.00701012252258708 -0.00646814278042846 0.999951997185998
1688726120000480 -9.16877688440551 -7.64201538073561 8.21577820094019 -0.00232896229359734 -0.00709015985006197 -0.00664098298425946 0.999950100211475
1688726120000520 -9.18688845857829 -7.65702890093379 8.2319756490627 -0.00250742238006025 -0.0072486162671173 -0.00670510029763492 0.999948104666047
1688726120000560 -9.20513290130589 -7.67209299611391 8.24823473207478 -0.00269737490036911 -0.00742507457141598 -0.00671629761592128 0.99994624044625
1688726120000600 -9.2232261991367 -7.68704869227669 8.26436243964371 -0.00286242234574913 -0.00764207235620225 -0.00670121793081997 0.999944247919183
1688726120000640 -9.24231168802682 -7.70277484971023 8.28130802082124 -0.0029211461704029 -0.00780336093376436 -0.00683067245336231 0.999941956503988
1688726120000720 -9.2773369514875 -7.73178681055178 8.31257189814951 -0.00317021449829189 -0.00831525203122538 -0.00669390810324566 0.999937997036815
1688726120000760 -9.29532223074705 -7.74665161069806 8.32855272955507 -0.00316421843697453 -0.00844661385560298 -0.00681681391037056 0.999936084699502
1688726120000840 -9.33195109093947 -7.77680035218576 8.36100266751856 -0.00315770386693621 -0.00876423238965339 -0.00704458534661505 0.999931793151014
1688726120000880 -9.35028548206323 -7.7918310041714 8.37718546893955 -0.00314497389590735 -0.00893547950352054 -0.00719310525487567 0.999929260288961
1688726120000920 -9.36888333632463 -7.80703115446952 8.39356054145629 -0.00312980945988965 -0.00911409983980701 -0.00733413170930514 0.999926671305914
1688726120000960 -9.3875156487789 -7.82225672685081 8.40996273848866 -0.00312158561783447 -0.00934532741713479 -0.00745072489039555 0.999923700717862
1688726121000000 -9.40375680562435 -7.83546330574593 8.4240781255405 -0.00310400283706968 -0.00963844593496946 -0.00757070214970235 0.999920071803395
1688726121000080 -9.4436820575078 -7.86802985544092 8.45920063035612 -0.00322781135491483 -0.0101166760457436 -0.00771641493143998 0.999913841808507
1688726121000120 -9.46227695803998 -7.88312676385332 8.47543161659222 -0.0031516433634744 -0.010270044072661 -0.00794509281233642 0.999910730435002
1688726121000200 -9.49980840693445 -7.9136055012285 8.50817440469691 -0.00290804951686236 -0.0104880030290337 -0.00851025874598099 0.999904555713468
1688726121000280 -9.53712537115238 -7.94391139552439 8.54067317935608 -0.00258643787297726 -0.0106809889168666 -0.00911865385088545 0.999898033284812
1688726121000360 -9.57388438224287 -7.97374925496696 8.57256800911548 -0.00224883608635381 -0.0108963037208369 -0.00967365092124602 0.999891310983016
1688726121000440 -9.60902080907221 -8.00223671059022 8.60296473618268 -0.00189902280322492 -0.0111228247520182 -0.0101401212931422 0.999884920589409
1688726121000520 -9.6468238494034 -8.03265722397509 8.63556229731246 -0.00158522749251976 -0.0113905256412502 -0.0106619314471265 0.999877025537256
1688726121000600 -9.68304018490215 -8.06187980634023 8.66674831921333 -0.000906589538542537 -0.0113033696917805 -0.0116272899120923 0.999868100330398
1688726121000680 -9.71894073550666 -8.09082154750611 8.69758018180526 -0.000114904240997017 -0.0111741187460773 -0.0125340804367401 0.999859001407133
1688726121000720 -9.7398816924601 -8.10806714916665 8.71557831596927 0.000208897005184117 -0.0114033371867785 -0.0129063803643987 0.999851661802357
1688726121000800 -9.77369997798563 -8.13474853353446 8.74451418846821 0.000525460727011965 -0.0112958083381473 -0.0136021120641126 0.99984354333686
1688726121000840 -9.79219942986194 -8.1495376779644 8.76041010121748 0.000503940908981137 -0.0115070364870728 -0.0137959307282804 0.999838490182382
1688726121000880 -9.81076691434116 -8.16434619013329 8.77632190680228 0.000424904484673685 -0.0117091990480209 -0.0139801468922177 0.99983362096236
1688726121000920 -9.82935049209362 -8.1791440117412 8.79223680136069 0.000299347880266047 -0.0119256571290643 -0.0141291579236197 0.999829013376415
1688726121000960 -9.84785697071024 -8.19387195376007 8.8080975889652 0.000106290831245099 -0.0122637447234616 -0.0141148817307827 0.999825164406929
1688726122000000 -9.86626676770219 -8.20858381139146 8.82387476244029 2.16502294894689e-05 -0.0124938381770892 -0.0142094864349949 0.999820980993161
1688726122000040 -9.88445682689163 -8.22313431168341 8.83945149071261 2.25416608014234e-06 -0.0126598797195416 -0.0143657590990374 0.999816659396068
1688726122000080 -9.90274861172419 -8.23763271721663 8.85490932957333 8.39272511436026e-06 -0.0127756769999163 -0.0145312851515981 0.999812794356323
1688726122000120 -9.92053142025405 -8.25199616068658 8.87030307709513 0.000309766513117518 -0.0126894510920101 -0.0148734018085394 0.999808813621051
1688726122000160 -9.93866019114483 -8.26645365565531 8.8857454577557 0.000577089549769517 -0.0125722903468081 -0.0152374545045826 0.999804693159273
1688726122000200 -9.95694059354874 -8.28098892025868 8.90127706962812 0.000870063949730357 -0.0124215926558882 -0.0156996864354071 0.999799213277568
1688726122000280 -9.99365236214762 -8.31009353278785 8.93249807849186 0.00101350714583174 -0.0125035989735092 -0.0161933093994641 0.999790182761697
1688726122000360 -10.0309069377634 -8.33969491573555 8.96435505250933 0.000936068420890473 -0.012821417234134 -0.0163404370745283 0.999783839213374
1688726122000400 -10.0494388313472 -8.3543957913476 8.98017982107241 0.000739121284934388 -0.0130489332090058 -0.0162888197365533 0.999781902913542
1688726122000440 -10.0653715463173 -8.36660008544674 8.99307982742955 0.000479682796427329 -0.0135944880577093 -0.0162336629725094 0.99977568883493
1688726122000520 -10.1049248415948 -8.39841850896717 9.02756375559239 0.000127625408682468 -0.0137190953919804 -0.0161786340277371 0.99977498565146
1688726122000600 -10.1414695657055 -8.42739286511924 9.05878733533244 -1.29846096458417e-05 -0.0139097277130307 -0.0163547095911232 0.999769494823951
1688726122000680 -10.1774630754506 -8.45608251250814 9.089569875083 8.92760164541219e-05 -0.01384138578865 -0.0167698744009092 0.999763561739385
1688726122000760 -10.2128199722489 -8.48454000045095 9.12010541054635 0.00033471657053419 -0.013598531137062 -0.0172505959370158 0.999758663306075
1688726122000840 -10.2472584591904 -8.51250211837553 9.15015349983254 0.000733300633455703 -0.0131742629054806 -0.0177509549564081 0.999755372411278
1688726122000920 -10.2813595878954 -8.54018149729089 9.17973334977813 0.00108584362095702 -0.0127689819824229 -0.0179643160271911 0.999756499049863
1688726123000000 -10.3290907473848 -8.5795321237635 9.22184428632826 0.00118202750609712 -0.0127343262614455 -0.0177785901905083 0.999760151974702
1688726123000160 -10.3784542225063 -8.61934373551563 9.26426460979595 0.00058361492044564 -0.012924110649213 -0.0165036290489537 0.999780104315827
1688726123000280 -10.4263054690091 -8.65865183190854 9.30635956724516 0.000440622487270963 -0.0127893347965188 -0.0161893331601942 0.99978704945559
1688726123000440 -10.4908767546342 -8.71148788565813 9.36350758552858 -0.000280365946819779 -0.0126552760298924 -0.0155957381751496 0.999798248815387
1688726123000560 -10.5510677873458 -8.75785550928052 9.4157785095257 -0.00144786339464714 -0.0121321281443949 -0.0158681939922796 0.999799437676228
1688726123000680 -10.6055825273931 -8.80277465773593 9.46486562698792 -0.00130871755445996 -0.0107551560525266 -0.016620530917872 0.999803166542623
1688726123000880 -10.65425169935 -8.87087245122233 9.52094336465827 -6.24993513207338e-05 -0.0094439449099526 -0.0161472402415098 0.999825022006827
1688726124000120 -10.6814522519614 -8.93210249562593 9.56199598597291 0.00287001145207818 -0.00522480912495872 -0.0181891189275073 0.999816793395927
1688726124000280 -10.7305079713723 -8.99236205651893 9.6218940978293 0.00807447159250151 0.000350358603301355 -0.0217769879633973 0.99973018507625
1688726124000440 -10.8245392720389 -9.07623876001316 9.71618369978404 0.00772007436251 0.00375695984237257 -0.0213703949500786 0.999734760786209
1688726124000560 -10.8924314833785 -9.13879854029634 9.78872892060527 0.0106628979083379 0.00824957146430883 -0.0237838023267738 0.999626219106788
1688726124000680 -10.9455332485631 -9.20922538031966 9.8470468712912 0.0111802790376943 0.0113552933571134 -0.0237744843719381 0.999590332369347
1688726124000800 -11.0107143273342 -9.28988213919997 9.91453652170318 0.0142602032016065 0.0168747069547549 -0.0247824849733428 0.999448707692589
1688726124000920 -11.0865485512582 -9.37059918933411 9.99228725540571 0.0194175237682369 0.0238390674117584 -0.0279884468611018 0.999135278867657
1688726125000000 -11.1610224478578 -9.43630173511634 10.0616690936114 0.0211900109936902 0.0281688168202917 -0.0280183234104202 0.998985722994228
1688726125000080 -11.2252317985048 -9.49622657475715 10.1238626746552 0.0256525912853148 0.0344375338920679 -0.0297687141634261 0.998633979232049
1688726125000160 -11.293954253358 -9.55987630869286 10.1867673127418 0.0310563661846901 0.0415316632787443 -0.0318675293220157 0.998145822833324
1688726125000240 -11.3639999504929 -9.62646188764265 10.2484222171211 0.0360568656841223 0.0485405428608206 -0.0332001926448995 0.997617895461061
1688726125000360 -11.4693496263056 -9.72712893878592 10.3382681101579 0.0370494197147433 0.0555818645358469 -0.0314977931407036 0.997269214335219
1688726125000440 -11.5498994585435 -9.80463596727922 10.4115132485247 0.0365679173429098 0.0599950011328104 -0.02995406123249 0.997078804045075
1688726125000520 -11.6138127247447 -9.86376195260093 10.4726762139762 0.0379668428788763 0.0648525303610691 -0.0287533596393727 0.996757699973783
1688726125000600 -11.6875074817894 -9.92763113120025 10.5408223764266 0.0425704222298997 0.0721216011044297 -0.0290097065898661 0.996064591644975
1688726125000720 -11.7893260139514 -10.0233483722208 10.636197210465 0.0499397508750925 0.0827351554193212 -0.0295924216575219 0.99487949216009
1688726125000840 -11.8849338932178 -10.1218663446521 10.7324394323098 0.054210132179944 0.0909536647171788 -0.0292727121426562 0.993947584517092
1688726125000960 -11.9741573324175 -10.21834956087 10.8258489900169 0.05735139963405 0.0981862976301381 -0.0284021565613626 0.993108043175749
1688726126000080 -12.0726586996013 -10.324693282753 10.9330829481281 0.0627496878616774 0.10673651485223 -0.028232261046605 0.991903590328545
1688726126000200 -12.1821514524572 -10.4364465841953 11.0507664106269 0.0687454349051601 0.115889416471488 -0.0283958689545759 0.990473312591467
1688726126000280 -12.2349756907748 -10.5023642467182 11.1148744029515 0.0708039926322981 0.120096181640342 -0.0278931398296159 0.989841237034092
1688726126000360 -12.2932703079771 -10.5735255985989 11.1853839308306 0.0724277567045524 0.124105891706604 -0.0269463436869224 0.989255195722702
1688726126000440 -12.3521514762725 -10.6490786204508 11.2592577191527 0.0730253246445157 0.127506543487717 -0.02530142231695 0.988822138383399
1688726126000560 -12.4481460096047 -10.7679319291568 11.380052847065 0.0749996130713406 0.133373945338538 -0.0235346685835902 0.987943605738021
1688726126000680 -12.550798448931 -10.8928126357739 11.5058375502866 0.0794883816990566 0.141065020038342 -0.022884740239114 0.986538669267777
1688726126000800 -12.644889097766 -11.0132669536563 11.6261439485253 0.0844709743330109 0.149308206567108 -0.0226841572786141 0.984914789692745
1688726126000920 -12.7358938772766 -11.1398016753992 11.7506794655118 0.0877230393853573 0.155996115401448 -0.021227525203274 0.983625575366154
1688726127000000 -12.7985314861907 -11.229560990999 11.8379245064205 0.0899385352786385 0.160556607147167 -0.0201530795722309 0.982713838895677
1688726127000080 -12.872665096509 -11.3300477755015 11.9365750336545 0.0915252337488772 0.165002123989841 -0.0188892246940923 0.98185570623005
1688726127000160 -12.9491695845309 -11.4325241878117 12.0385539666629 0.0943003554964284 0.170386771642089 -0.0179589785311065 0.980690198835877
1688726127000240 -13.0249893825765 -11.5345652893393 12.1404087632086 0.0972066533997793 0.175881073402722 -0.0170264002016685 0.979452304223995
1688726127000360 -13.1413859241183 -11.6960550491485 12.2973068299832 0.101701686781742 0.183949401214617 -0.0150650667666265 0.977544080060766
1688726127000480 -13.2657243383381 -11.8737217818157 12.4681894117493 0.105352674945994 0.191213747267546 -0.0127022347048059 0.975795454985895
1688726127000600 -13.3906606479227 -12.0581085924179 12.6458872418496 0.109322203533836 0.198998290628782 -0.0106161018081499 0.973825258721362
1688726127000680 -13.4779775652691 -12.1854468175715 12.769019806462 0.111889183965999 0.204012707059966 -0.00935386097670175 0.972508165083623
1688726127000800 -13.6072281945119 -12.3773716057157 12.952737711303 0.115971673322985 0.211734405508356 -0.00767681868725427 0.970391765713999
1688726127000880 -13.6904355969587 -12.5028685693764 13.0728769354394 0.118764564514119 0.216287079901015 -0.00653557257643235 0.969057358248087
1688726127000960 -13.7691776559362 -12.6225013158324 13.1862083470001 0.121139051531509 0.220431301224847 -0.00520733902594333 0.967836894964557
1688726128000080 -13.8785396759154 -12.7912977505209 13.3466521825073 0.124490727566729 0.225835047522231 -0.00343899659995297 0.966172222413232
1688726128000200 -13.9786393251944 -12.947616825538 13.4944097743045 0.127711313784184 0.231147456881274 -0.00297470636619434 0.964495632250801
1688726128000320 -14.0752481642576 -13.0971613458571 13.6321761748412 0.130640238021053 0.236572466264971 -0.00308893364691417 0.962786089899536
1688726128000440 -14.1642959584981 -13.2369823479056 13.7622556659189 0.13386320996771 0.241541636649 -0.00369718057465938 0.961105930497706
1688726128000560 -14.2497047915365 -13.3720258124119 13.886925927584 0.136379321848304 0.245811158094722 -0.00401295485050391 0.959667364935213
1688726128000680 -14.3331173950047 -13.5053176845126 14.0091948454617 0.138753864518803 0.250005058364601 -0.00410404903892606 0.958242136755996
1688726128000800 -14.4182040981317 -13.6419099842128 14.1349447460194 0.140845606360351 0.254153395552427 -0.00392430782095862 0.956845424562548
1688726128000880 -14.47705732333 -13.7376403802909 14.2221626617993 0.14238718457958 0.257321038310567 -0.0037714813435718 0.955770657029576
1688726128000960 -14.5361033058318 -13.8344899999195 14.3088046710613 0.143678171939768 0.260491777218153 -0.00343847488941504 0.954719222494346
1688726129000040 -14.5955721698377 -13.9305066303587 14.3952406387556 0.145300773912467 0.263985164106238 -0.0030099760688565 0.953514791849768
1688726129000120 -14.6585388875419 -14.0310239766242 14.485489714393 0.147023503630458 0.268064424920032 -0.00239243710916065 0.952113349195985
1688726129000200 -14.7228967377997 -14.1320370742782 14.5767476876796 0.148920990198731 0.272673404640433 -0.00170374558121297 0.950509784447808
1688726129000280 -14.7893967281264 -14.237867928228 14.6717504143543 0.150960400830685 0.277747982266051 -0.000689962077300609 0.948718366893204
1688726129000440 -14.8634188049973 -14.3721228572297 14.7899117726866 0.152155581755409 0.281814905698929 0.00163945251594499 0.947325894326775
1688726129000560 -14.9055813204833 -14.4631083081679 14.8690804621052 0.152133523765731 0.28288352289258 0.00327805065904228 0.947006630286389
1688726129000720 -14.9677967897948 -14.5949640245047 14.9830591127508 0.152238295677868 0.285007291702849 0.00560322699000556 0.946341877363886
1688726129000880 -15.0265915199503 -14.7228983646004 15.093547276601 0.152515878038611 0.287507898639827 0.00789953591522443 0.9455240412058
1688726130000000 -15.0800716351187 -14.8270278506686 15.1824688053309 0.153046526613948 0.290875713245737 0.00949774501816272 0.944392859447148
1688726130000120 -15.1103820316312 -14.9067835713865 15.2477219939341 0.153361534614082 0.292987632539249 0.00990769640432086 0.943684441130519
1688726130000160 -15.130394585322 -14.9476209277703 15.2825017464234 0.153233193709128 0.293729038817948 0.0108697400507646 0.943464195850597
1688726130000240 -15.1565216349444 -15.0069636516105 15.3311526059648 0.153210417688191 0.295712039376591 0.0121487682093337 0.942832628365472
1688726130000280 -15.1717422847816 -15.0407935662183 15.3589448201447 0.153045873335497 0.29647772276485 0.0127303077536511 0.942611192286428
1688726130000400 -15.2133365275704 -15.1370477465362 15.4386052770868 0.152615174925726 0.298913280089392 0.0144231563008068 0.941887165180051
1688726130000520 -15.2549620083719 -15.2339351832228 15.5195915943221 0.152200835201709 0.301756817192592 0.0160001454086056 0.941021638639942
1688726130000680 -15.3000537440421 -15.3494292660489 15.6132694401869 0.15212039131441 0.305655101031709 0.0174285870264268 0.939750280720314
1688726130000840 -15.3456277185925 -15.4613433159801 15.704891833884 0.152063143827713 0.30927904218138 0.0197223863711461 0.938527730987437
1688726130000960 -15.3782015235845 -15.5501872936829 15.7755044955319 0.151850630951565 0.312372711294045 0.0209592543330108 0.937510205158442
1688726131000120 -15.4223765113735 -15.6691052205107 15.8725352953675 0.15169005903845 0.317329430068496 0.0230095942675786 0.935821947473426
1688726131000280 -15.4659012494889 -15.7868213686251 15.9693919430432 0.151526880647465 0.322634911837952 0.025597655067969 0.933965244620798
1688726131000440 -15.5076526932152 -15.9063889125048 16.0652583236743 0.151397125632527 0.329702839889662 0.0281844553372263 0.931440059368419
1688726131000560 -15.5351227123367 -15.9852786830152 16.1262904455176 0.151451119235334 0.336271440107783 0.0320366361719084 0.928955182445844
1688726131000680 -15.5691613804955 -16.0761216867738 16.1977325792488 0.151548860709677 0.343811846096704 0.0361707359290777 0.926022696894371
1688726131000760 -15.5885494892723 -16.1393455982548 16.246594563929 0.151512663088122 0.348701288626184 0.0393055308869081 0.924070559792964
1688726131000840 -15.6063545663146 -16.2041387842085 16.2969369460572 0.151622801352017 0.353691788580842 0.0420742884442344 0.922031669224308
1688726131000920 -15.6237957831714 -16.2754433729561 16.3514553319475 0.151370731225973 0.359348898749944 0.0449427558205177 0.919747475883774
1688726132000000 -15.6394419917713 -16.356655068836 16.4129096941281 0.152035624039178 0.36547754110398 0.0475163577616332 0.917089707562284
1688726132000040 -15.6439794815531 -16.3948953434807 16.4407981183421 0.152160690540703 0.367438651353941 0.0480579743925394 0.916256728675244
1688726132000080 -15.6477888807137 -16.4373968720535 16.4715553689969 0.152132078371863 0.369223333376532 0.0488732667958713 0.915500608745444
1688726132000120 -15.6504762916343 -16.4832846288324 16.5034061466503 0.151947231543711 0.370938455681196 0.0492942920807447 0.914815158210286
1688726132000160 -15.6461031655441 -16.532390674326 16.5357225359975 0.151919667513236 0.37293861389337 0.0501872722010046 0.913957571552959
1688726132000200 -15.6536918805336 -16.5843060354815 16.5731889695518 0.151391397450016 0.374329459342895 0.0506132780927924 0.913453007399335
1688726132000240 -15.6539651080318 -16.6345280406537 16.6067533141599 0.151150620999168 0.375842236641851 0.0515179395438039 0.912820905124755
1688726132000280 -15.6534650117273 -16.6838299782293 16.6386774123576 0.150866551338195 0.377597171063476 0.0530185555607501 0.912057395594396
1688726132000320 -15.6519486172366 -16.7312852407521 16.6685234815681 0.150306821434305 0.379361824987795 0.0553506335275247 0.911278647034126
1688726132000400 -15.6510341945313 -16.8108775576825 16.7173736650063 0.149004081855405 0.381779112336923 0.05884292352986 0.910263699882687
1688726132000440 -15.6491663918636 -16.8461854529368 16.7385025243803 0.148579243979536 0.383103925882933 0.060553169352092 0.90966417095155
1688726132000600 -15.6352497948013 -17.0127974400097 16.8333453415102 0.145774851623172 0.387863863747132 0.0660303367429709 0.90771763806979
1688726132000640 -15.6308793074221 -17.0718389831589 16.8712070702842 0.145164049612819 0.389130697231624 0.0675280651812814 0.907162973001494
1688726132000720 -15.6192540357925 -17.175371143804 16.9336059716451 0.143324728467963 0.391442262904579 0.0715642234402234 0.906150947108221
1688726132000800 -15.6080280917825 -17.2551309540541 16.9784042058501 0.142164515785629 0.394752544360623 0.0758802710414159 0.904545114208757
1688726132000960 -15.5852511071525 -17.2445994115596 16.9315938903857 0.141714213121423 0.404296490541644 0.0855027890999238 0.899528044360608
1688726133000040 -15.5627709514853 -17.1987269011542 16.8570734216557 0.14160889528016 0.409611448738556 0.0893657416328641 0.896760361558339
1688726133000120 -15.5429053966913 -17.2505721405618 16.8776238249983 0.140974317683805 0.409101020860776 0.0905717339498345 0.896972328164909
1688726133000320 -15.5288889074368 -17.316697033887 16.9114284112552 0.140490384444305 0.411048506844387 0.0930052887197707 0.895908250419563
1688726133000440 -15.4996889597662 -17.3522870253336 16.9256438941062 0.140097884174812 0.413866098630948 0.0941561854581773 0.894551310989875
1688726133000800 -15.5121838154448 -17.5668804434843 17.0847911271171 0.138104655342809 0.419060264369269 0.0980957754332056 0.892016153352371
1688726134000040 -15.4924995749819 -17.5880546565284 17.0917607774315 0.137336223995007 0.423346257275625 0.102678937813429 0.88959189730967
1688726134000400 -15.5057047387193 -17.7336360026701 17.1908536461204 0.135531130778213 0.430624876992691 0.109708102358882 0.885526769884357
1688726134000720 -15.5060367205496 -17.7946238867335 17.2319763475176 0.135086157831042 0.438713351153363 0.118131439825147 0.880526710785692
1688726135000280 -15.4656067841262 -17.8788839891181 17.2790099916698 0.13411476916654 0.429500498973762 0.11205150963802 0.885994926204736
1688726135000800 -15.4067097456032 -17.8745898797177 17.2096293503434 0.133775219836014 0.429517849475375 0.111139205286749 0.886152743373345
1688726135000920 -15.3673524215053 -17.8627838811679 17.1419293241121 0.132519103575901 0.427959867036178 0.111435444995406 0.88705759733655
1688726136000280 -15.1352907135416 -18.204574462789 17.194380908012 0.126561964256537 0.428889597596597 0.116864326631686 0.886779855115055
1688726136000320 -15.121641108076 -18.2501629423373 17.2098364897836 0.126033030047354 0.429262063962985 0.117145864281 0.886637807823002
1688726136000560 -15.1268573710756 -18.2026133046344 17.1555026701544 0.126056097366049 0.428570602291211 0.118671811125486 0.886766091149626
1688726136000880 -15.0844941961046 -18.479488610702 17.3660610460224 0.121769790083383 0.429144186776414 0.121872765956186 0.886653491560964
1688726137000000 -15.0650766605416 -18.7539910704256 17.5590626176757 0.117815537026641 0.428095656577717 0.1253282238347 0.887212739068177
1688726137000080 -15.0476991388163 -18.9384914246892 17.7089857993018 0.115432736934524 0.427881720375537 0.125673567843237 0.887580233532624
1688726137000440 -14.8805934336112 -19.1728363763954 17.8109423719281 0.111941314822882 0.424786422063505 0.125340753326641 0.889559066741338
1688726137000480 -14.8603258604487 -19.2207086246433 17.8385012713777 0.111451494208899 0.424953283418932 0.125212443101685 0.889558944332853
1688726137000680 -14.7635427184576 -19.5452142948541 18.051507321137 0.107682738389055 0.424056948530445 0.124446438448679 0.89055781183117
