1695209201000560 -6.88451211988864e-05 -7.24815030487835e-05 7.55561016714511e-05 3.07216611862885e-06 6.89330009458798e-07 3.3100134012832e-06 0.999999999989565
1695209201000840 -0.148932595908923 -0.128906393421445 0.139225811677911 -0.0012433674249191 -0.000842365317314687 0.000660144030264939 0.999998654333084
1695209201000920 -0.191690666524213 -0.165839817825739 0.179196471417286 -0.00170522016768935 -0.00113479426152518 0.000874286454447368 0.999997520041605
1695209202000000 -0.233952185590324 -0.202477780791744 0.21868097724153 -0.00192662497235677 -0.00123265446381078 0.00091373260738082 0.999996966881356
1695209202000080 -0.275762823374806 -0.239069667912879 0.257834350738153 -0.00210986567649202 -0.00144646181378477 0.00118267264454105 0.999996028742347
1695209202000160 -0.317060252980075 -0.275408007730411 0.296575961268416 -0.00163778794205392 -0.000983235867393605 0.000630050508258026 0.999997976965075
1695209202000240 -0.35884332733982 -0.311667791975508 0.335539082159355 -0.00109901437679704 -0.000360880295817918 -0.000207119882690014 0.999999309516845
1695209202000320 -0.399802802467815 -0.347510061435787 0.373555185399855 -0.000758516896536195 -0.000146779729469437 -0.000301393381114207 0.99999965613487
1695209202000400 -0.434803241446816 -0.379409292387917 0.406590206521343 -0.00030474996667001 -0.000139022119780936 0.000224319860522341 0.999999918740451
1695209202000480 -0.470874668274456 -0.412590023806866 0.440919906184114 -0.000101971676710384 -0.000369386790730699 0.000888655296128337 0.999999531723361
1695209202000600 -0.531076599559478 -0.465831899743166 0.497193802174168 -0.000436606832364103 -0.00091073820296936 0.00182509036365066 0.999997824485416
1695209202000720 -0.593208215447497 -0.520315686834938 0.555655410146529 -0.000760127780922568 -0.00125506935858536 0.00212583981572058 0.999996663900305
1695209202000840 -0.654322806804448 -0.573942461244503 0.612685496736893 0.000165835174621068 -0.000400187044565355 0.00136401347231715 0.999998975907611
1695209202000960 -0.713831691790892 -0.627090426498733 0.66857999870531 0.00169414827693639 0.000524692667902127 0.000611727977791839 0.999998240172502
1695209203000040 -0.755414163369372 -0.66343054908752 0.707488058840986 0.00152493629951226 0.000412795069088912 0.000496369155035542 0.999998628892648
1695209203000120 -0.799570103060426 -0.701289276902691 0.748649724300209 -1.97208259968401e-05 -0.00050862293605887 0.00121533077512691 0.999999131942076
1695209203000200 -0.842021271910146 -0.738222778795735 0.78852581761285 -0.000596779157421911 -0.000761909914559656 0.00135026938963657 0.999998620059295
1695209203000280 -0.883220130281702 -0.774548847927368 0.827119457433732 -0.000278439175276296 -0.00043865689539253 0.000967480427595135 0.999999397016506
1695209203000360 -0.923906341432392 -0.809931319087756 0.864816925551463 1.78533978778563e-05 -0.000217704328759197 0.000866480881926108 0.999999600748402
1695209203000440 -0.965899129293955 -0.846173576341219 0.903883142966033 0.000155687097760502 -5.88648152464401e-05 0.000698465678078075 0.999999742221046
1695209203000520 -1.00999488118485 -0.884514811457733 0.945341569117414 -0.000453382763715825 -0.000254294106270196 0.00063904576766596 0.999999660699484
1695209203000600 -1.05362497154396 -0.92213560144567 0.986113010066239 -0.000705650165403958 -0.000264913633928785 0.000420239324283148 0.999999627638691
1695209203000680 -1.09420277795128 -0.957590777126464 1.02401845202957 -0.000838348407360781 -0.000339028576253913 0.00051787717840711 0.999999457017253
1695209203000800 -1.15239409214306 -1.0094279937568 1.07847659610209 -0.000171145549153197 4.71967831573576e-05 0.000316380457191746 0.999999934192533
1695209203000880 -1.189374068 -1.04236763199382 1.11304677223794 0.00027573777128839 0.000248914887124526 0.000455500238679947 0.999999827264782
1695209203000960 -1.22766398057091 -1.07629559223768 1.14882740342023 0.00104415770971092 0.000836628063472625 5.08961605422989e-05 0.999999103598469
1695209204000040 -1.26774517715131 -1.11158253019263 1.18626187627409 0.00100185352617806 0.000642821395351353 0.000433474269009478 0.99999919758479
1695209204000120 -1.30790698575338 -1.14691573392617 1.22392730383193 0.000841258876895076 0.000411362840092537 0.000656011801979579 0.999999346356102
1695209204000200 -1.34863835233546 -1.18253000468504 1.2622657321372 0.00104005122163322 0.000577191850020946 0.000473855075713015 0.99999918030186
1695209204000280 -1.39125841103899 -1.21932580673968 1.30191515728102 0.000262408636288429 9.47169499114111e-05 0.00110768314451046 0.999999347604016
1695209204000360 -1.43213440887493 -1.2551727255356 1.34005030389362 0.00046551336398297 0.000265288613812499 0.000906859101322237 0.999999445262761
1695209204000440 -1.47221248346023 -1.29066840983171 1.37760058096664 0.000478698463327586 0.000222687016377263 0.00107391283058128 0.999999283984497
1695209204000560 -1.53411918004024 -1.34508629812148 1.43541084298868 0.000563352006862942 0.000368057837512849 0.000843610574295448 0.999999417744402
1695209204000640 -1.57585511179816 -1.3815850362845 1.47435621499301 0.000434074671773008 0.000342816853195292 0.000674393661288205 0.999999619624415
1695209204000720 -1.61668107569816 -1.4173260635487 1.51245049772785 0.000448769114888038 0.00033466406174148 0.00067452489203196 0.999999615811135
1695209204000800 -1.65695151147537 -1.45264917815721 1.55022212460316 0.00118854802442803 0.000921186190733847 -1.69915658081078e-05 0.999998869239802
1695209204000880 -1.69697147155509 -1.48793582834974 1.587946260587 0.00209484298651855 0.00167885263637129 -0.000698315726808294 0.999996152713516
1695209204000960 -1.73758828030719 -1.52342329870819 1.62581297917806 0.00203871002966324 0.00156738843498637 -0.000558947861086173 0.999996537260103
1695209205000040 -1.7792221863445 -1.55964174723101 1.66453658519293 0.00105267250552538 0.000564434745957166 0.000489742617880078 0.999999166722744
1695209205000120 -1.8221507356559 -1.59677729155391 1.70449912664424 -3.81024050715414e-05 -0.000240906836714816 0.00111798933019096 0.999999345305766
1695209205000200 -1.86423343991261 -1.63377792193353 1.74413136424869 -0.000704277889916281 -0.00072155983744676 0.00166326657578407 0.999998108442387
1695209205000280 -1.90451091585944 -1.668993355903 1.78180982378168 -0.000301127337673578 -0.000363784638845339 0.00128224968372629 0.99999906640897
1695209205000360 -1.94503235589995 -1.70493659010213 1.82004738017934 0.000294442428506199 0.000181333958407403 0.00051260416658665 0.999999808829292
1695209205000480 -2.00733887388441 -1.75893108641288 1.87775217949181 0.00127006427249348 0.00116414025783086 -0.000663413260494286 0.999998295797073
1695209205000520 -2.02763733095124 -1.77694677007755 1.89692387278329 0.00141491025538581 0.00139011163822701 -0.000863304931254769 0.999997660158862
1695209205000600 -2.0694096594891 -1.81342055284199 1.93593648504964 0.0016276826019354 0.00163447505166195 -0.00124632388894918 0.999996562902802
1695209205000720 -2.13510297568507 -1.86959045034225 1.99734856479307 -0.000398096233038748 -4.66611329115159e-06 0.000195560086318586 0.99999990162693
1695209205000840 -2.19922293289997 -1.92568577669435 2.05762292262516 -0.00125682072519219 -0.000660177622561419 0.00086303652535978 0.999998619866611
1695209205000920 -2.24037012721918 -1.96161654888526 2.09588321170878 -0.00119330590509027 -0.000582108400439073 0.000820190752520008 0.999998782228237
1695209206000000 -2.2805111151942 -1.99695204476706 2.13328508937361 -0.000179024300487596 0.000233437000356347 -4.13314074637449e-05 0.99999995587459
1695209206000080 -2.32058905593496 -2.03235370714163 2.17091513183494 0.000420818404321671 0.000672010444270635 -0.000503972934100464 0.99999955866246
1695209206000160 -2.36152974347535 -2.0684778766287 2.20936143243994 0.000728706625484026 0.000896628544976729 -0.000782882508530261 0.999999026068968
1695209206000240 -2.40337633123919 -2.105037905093 2.24864566740665 0.000922002615036165 0.00106813699138799 -0.00100684238036553 0.999998497630355
1695209206000320 -2.44774272464551 -2.14255580147413 2.28992431345562 0.00110372981892338 0.00142052440546157 -0.00174256402291753 0.999996863675845
1695209206000400 -2.49386602178313 -2.18078375826221 2.33229526280942 -0.000448347174443612 0.0004956327931404 -0.00108393518173091 0.999999189208405
1695209206000520 -2.55443636107897 -2.23500681273607 2.3896109275691 -0.000615269019813532 0.000128305489068711 -0.000437606458657429 0.999999706741118
1695209206000640 -2.60945794627738 -2.28558296672875 2.44104461992559 0.000584352774842522 0.000175403421898021 0.000468017067881191 0.999999704362705
1695209206000720 -2.64758724339136 -2.31993769898358 2.47649713995983 0.00182960477421045 0.000906668150787858 6.50281361791374e-06 0.999997915226301
1695209206000800 -2.68825549286999 -2.35609882096067 2.51449083561677 0.0023741032940301 0.00123710581847287 -0.000250865483826553 0.999996385128092
1695209206000880 -2.72983527274965 -2.39255423329555 2.55308358813226 0.00294819777702658 0.00166351054762506 -0.000689248391569236 0.999994032881787
1695209207000000 -2.78834007603489 -2.44433328643543 2.60798871840779 0.00465690229833425 0.0027237142622985 -0.00103204891175855 0.999984914644538
1695209207000080 -2.83041950837514 -2.48039166222609 2.64677190560655 0.00459047402269447 0.00212808821931175 -8.18762101912025e-05 0.99998719596056
1695209207000160 -2.87541425796595 -2.5190556217514 2.68880169098125 0.00262845560318791 0.000583303221214926 0.00109203597800278 0.999995779209051
1695209207000240 -2.92093768395144 -2.55822380459933 2.73157100680131 0.000719201323650386 -0.000350389551690371 0.00139948253079107 0.999998700711788
1695209207000320 -2.96457411825192 -2.5961822957264 2.77254459806445 -6.65278943532994e-05 -0.000409386989286173 0.000749432479534417 0.999999633163578
1695209207000400 -3.00632505469083 -2.63279714083694 2.81148997104434 0.000520827292509879 0.000320096023351956 -0.000391668171507194 0.999999736436721
1695209207000480 -3.0474128475836 -2.66898127006083 2.84977525439341 0.0014650110577332 0.00120984330516637 -0.00141407117090385 0.999997195208317
1695209207000560 -3.08875803517176 -2.70555174343115 2.88866308558411 0.00188965272728891 0.0015770272901343 -0.00176836111779804 0.999995407537681
1695209207000640 -3.13082785000771 -2.74214431964573 2.92788143589794 0.00160468989626384 0.00134346166371884 -0.00145611515524238 0.999996749899593
1695209207000720 -3.17348034897522 -2.77886688137354 2.96772490197528 0.00101103306927643 0.000863073703502585 -0.000979145067146585 0.999998637094498
1695209207000800 -3.21569944740803 -2.81558843377984 3.00721561754399 0.000616060904729346 0.000574697475879344 -0.00077538667983087 0.99999934448342
1695209207000880 -3.25513836094295 -2.84991569523434 3.04394331210512 0.000857173247313146 0.000819591971228127 -0.000952200355874401 0.999998843418085
1695209207000960 -3.29126709761738 -2.88252774108825 3.07820064315167 0.00160191754393245 0.00129500561491272 -0.00133677866479997 0.999996984917175
1695209208000080 -3.34520526527737 -2.93033270891798 3.12847251946147 0.00255253635511228 0.00211193761470631 -0.00202211467729507 0.999992467636581
1695209208000160 -3.38430873729375 -2.96490917996096 3.16519757637048 0.0024521864979741 0.00196610797040801 -0.00181501667136328 0.999993413435964
1695209208000240 -3.42678676388077 -3.00126105339029 3.2046875261843 0.00136924068279797 0.000902809554700828 -0.000501798918596007 0.999998529155271
1695209208000360 -3.48541064456024 -3.05295071158428 3.25989819897073 0.000798632300163822 0.000253162414965861 0.000530503000962754 0.999999508330782
1695209208000400 -3.50253007993707 -3.06835518160831 3.27601566901809 0.00101517328823552 0.000400291044763615 0.000512268387221593 0.999999273385423
1695209208000560 -3.57835822554728 -3.13573664083165 3.34708822124013 0.00231401327587028 0.00163623685732933 -0.000788115292759604 0.999995673463536
1695209208000640 -3.61678145115933 -3.16967905845756 3.38321006394071 0.00249447138481075 0.00183855687319204 -0.000983260780749879 0.999994715245721
1695209208000760 -3.67635881816617 -3.22194742365255 3.43895967013219 0.00180030433474013 0.00125120367948475 -0.000270998195927588 0.999997559973839
1695209208000840 -3.71453807858015 -3.25595223211219 3.4747854193235 0.00142979248332143 0.000767381989595434 0.000511857076243983 0.999998552409287
1695209208000960 -3.77331104230686 -3.30755026376906 3.52982122990239 0.000804094197362962 -7.53251499083303e-07 0.00153671472047756 0.99999849596878
1695209209000080 -3.83341825594218 -3.35988557177305 3.58633790715741 0.00053099051025302 7.0022477718639e-05 0.00139342798321574 0.999998885751572
1695209209000160 -3.87333324550374 -3.39506214712301 3.62375495250292 0.00058606209578998 0.000381913545382778 0.00084588343200861 0.99999939757706
1695209209000280 -3.93136455370381 -3.44608303429042 3.67802720144837 0.000685201241404857 0.000388336929665086 0.000892233260377065 0.999999291806498
1695209209000360 -3.96912676644488 -3.47959211750691 3.71343886074986 0.000698827056305801 0.000269187970429824 0.00125759453560584 0.999998928816709
1695209209000440 -4.0082107683404 -3.51422493491257 3.7501793016225 0.000562547905033568 0.000177288699773195 0.00135022915102993 0.999998914494316
1695209209000560 -4.06677144119443 -3.56581101206238 3.80514221969763 0.000655119698525773 0.000377856156008342 0.000882719986092055 0.999999324423938
1695209209000640 -4.10576048343908 -3.59981447562372 3.84152319468275 0.000800670845809293 0.00061137299782947 0.000593073038194183 0.999999316706579
1695209209000720 -4.14525255828188 -3.63430257263237 3.87868060039306 0.00102257421679793 0.000971514835483772 0.000140852639015173 0.99999899533021
1695209209000800 -4.18424259792841 -3.6681729049794 3.91516754031688 0.00103752684208191 0.00107106555150336 -0.000142926867044233 0.999998877963644
1695209209000880 -4.22352409427925 -3.70229446378256 3.95191686276614 0.000782687999009438 0.000858775480305147 5.37354797444255e-05 0.999999323508106
1695209209000960 -4.26221045503295 -3.73593831413039 3.98826129146961 0.000406988355180674 0.000626445444001072 0.00019754267020865 0.999999701451694
1695209210000040 -4.30256328117459 -3.77135986462674 4.02594635397423 -0.000128511192158586 0.000324843393060716 0.000405136265097703 0.999999856913115
1695209210000120 -4.34072073467678 -3.80515919464428 4.06172741979295 -9.76165659724389e-05 0.000339939662446171 0.000390773855986754 0.999999861103903
1695209210000200 -4.37822133986202 -3.83861742696172 4.09700527322733 0.00073197883007032 0.00111919094891895 -0.000504014939348659 0.999998978793255
1695209210000240 -4.39759444911466 -3.8555518309811 4.11514611689564 0.000810033434900268 0.00122208127968804 -0.000680105115558476 0.999998693909253
1695209210000320 -4.43689512372227 -3.8896041120496 4.15198343574499 6.0905186885106e-05 0.000480771850466347 0.000255946916816319 0.99999984982007
1695209210000400 -4.47482526008736 -3.92300541938582 4.18751773947635 0.000442314111061746 0.000590825197348189 0.000305472634971619 0.99999968098509
1695209210000480 -4.51178746231395 -3.95570868250872 4.22216265809501 0.00115942378627464 0.000988939989383485 0.000235930620015823 0.999998811034755
1695209210000560 -4.55016716803437 -3.98941540745091 4.25767124781429 0.00145935106007336 0.00114670342380734 0.000133618593354603 0.999998268754408
1695209210000640 -4.58802856960666 -4.02306560759242 4.29315503348551 0.00188313610095242 0.00139611682686856 -0.000261522639001391 0.999997218127201
1695209210000720 -4.62633409960803 -4.05708073695138 4.32914259300832 0.00152137125490886 0.00104706891514862 0.000215508964233263 0.999998271314545
1695209210000800 -4.66455313062142 -4.09086343279641 4.3650097191032 0.00150363339235795 0.000958791601825242 0.000307554867872982 0.999998362606304
1695209210000880 -4.70322759155674 -4.12483196410409 4.40129966221544 0.00150612010803484 0.000920834026218313 0.000409888023795998 0.999998357828014
1695209210000960 -4.73949355515043 -4.15641469491413 4.43510497188951 0.00153460251901855 0.000822899050410976 0.000591901625765146 0.999998308740933
1695209211000040 -4.78132852371989 -4.19273359366317 4.47421166638933 0.000895868395357951 0.000132626831536533 0.00124243301928106 0.999998818094369
1695209211000120 -4.82058900658026 -4.22699503870767 4.51107854828129 0.000466483831841435 -5.95061825085499e-05 0.00132135872912165 0.999999016430995
1695209211000200 -4.85943643429448 -4.26111878089551 4.54759496614557 0.000297377346985244 9.80994550632721e-06 0.00118706172467366 0.99999925117719
1695209211000280 -4.89743032562151 -4.29460996143773 4.58306738131162 0.000595187386981277 0.000336317831357459 0.000652375192606204 0.99999955352435
1695209211000360 -4.93534215027958 -4.32803708323439 4.61832042542836 0.000903276178093168 0.000585564989636011 0.000252295240035441 0.999999388776264
1695209211000440 -4.97317518287979 -4.3612825525896 4.65357877191319 0.000804581914400006 0.0004839386225995 0.000391970215060153 0.999999482405218
1695209211000520 -5.00983985118721 -4.39397070991935 4.68803862942677 0.00124491384279093 0.000808327285849609 0.000139741429666335 0.99999888863381
1695209211000600 -5.04695067844724 -4.42681588122373 4.72276771003737 0.00146027540417423 0.000772142860045781 0.000356244497774493 0.999998572239483
1695209211000680 -5.08371580048806 -4.45948918374207 4.75728838577724 0.00180820455489562 0.000831998206343022 0.000421210316956044 0.999997930376429
1695209211000760 -5.1218492975297 -4.4929522912756 4.7929733857906 0.00145359159709778 0.000449120892229717 0.000911335854350827 0.99999842741319
1695209211000840 -5.16020095408093 -4.526491561798 4.82887714183939 0.000959797327411962 2.6531441904181e-05 0.00134562509517272 0.999998633688205
1695209211000920 -5.19453575772166 -4.5564738367252 4.86086548120964 0.000451677940039645 -0.000321625808128703 0.00184866800907778 0.999998137483501
1695209212000000 -5.23594391295033 -4.59311436682057 4.89967601396171 3.03222098799704e-05 -0.000737380879592224 0.00205965354125517 0.999997606585782
1695209212000040 -5.25435568640722 -4.60943600906712 4.91689487654358 0.000132642186217585 -0.000682933014712026 0.00202761965112151 0.99999770238091
1695209212000120 -5.29107989256992 -4.64188549856392 4.95120741239885 0.000359871965207918 -0.00047856246341175 0.00188535368018741 0.999998043453905
1695209212000200 -5.32785804052073 -4.67438490321698 4.98565269655931 0.000812353828496411 -4.58191746716108e-05 0.00132639962013669 0.999998789322221
1695209212000280 -5.36586976521032 -4.70739998271837 5.02101898740743 0.00107168576351199 0.000289494794038677 0.00083820973592961 0.999999032542946
1695209212000360 -5.40456210657728 -4.74090055010347 5.05703027473439 0.00027412431467463 -0.000275764243843341 0.00129590226908625 0.999999084723207
1695209212000440 -5.44112689787928 -4.77331933293576 5.09136589857746 -0.000168233952634209 -0.000677057944711209 0.00189330814740806 0.999997964334996
1695209212000520 -5.4745282916861 -4.80383863887389 5.12278620714252 0.000737146945761188 -0.000346738479771732 0.00193559366038432 0.999997794929563
1695209212000600 -5.50740724168635 -4.83383965458891 5.15352021835439 0.00233310795335964 0.000633403474877831 0.00130478384905387 0.999996226466092
1695209212000680 -5.53896584994301 -4.86250889079195 5.1830660881662 0.00402111028374991 0.00179409817687907 -4.45792427177101e-05 0.999990304901257
1695209212000760 -5.57739888513261 -4.89610929684328 5.21842716419395 0.00452157417931705 0.00234363832410993 -0.000575202574842376 0.999986865847919
1695209212000850 -5.61423265590618 -4.92840937404203 5.25279267277259 0.00439852018704378 0.00229384987278694 -0.000731718522977857 0.999987427851435
1695209212000960 -5.66928694748397 -4.9765613783382 5.30444739980169 0.00397829884779821 0.00194918719513249 -0.000374579830916517 0.999990116699913
1695209213000040 -5.70599841184082 -5.00847173993995 5.33867256785276 0.00382723887958772 0.00172979389123528 -0.000132670819469863 0.999991171188079
1695209213000120 -5.74356600397187 -5.04095040005995 5.37356087340041 0.00315362749425339 0.000982912430705756 0.000525767026474214 0.999994406027261
1695209213000200 -5.7806482024105 -5.07315237066328 5.40824106815493 0.00243116592778755 0.000562413273760633 0.000592507732527342 0.999996711023655
1695209213000280 -5.81756776702703 -5.10528582765474 5.44267777740631 0.0020773263189463 0.00079033121481818 -0.000172642244715974 0.999997515140208
1695209213000370 -5.85359524566055 -5.13679110645066 5.47625780672753 0.00251602752806949 0.0015162741755166 -0.00140783109332065 0.999994694250782
1695209213000440 -5.88916247263252 -5.16792098245549 5.50928118138682 0.00324777649750528 0.00229026495687039 -0.00259139022140372 0.999988745602154
1695209213000530 -5.92431946909823 -5.19882622466824 5.54198550164517 0.00380611931750462 0.0027096921532236 -0.00309249703509067 0.999984303619944
1695209213000610 -5.95957392631993 -5.22987452382898 5.57489357878039 0.00377584330956368 0.00250963592281156 -0.00286178254098989 0.999985627364476
1695209213000680 -5.99597549196986 -5.2613352243807 5.6086873927443 0.00367895250665222 0.0024025529355954 -0.00290734206510384 0.999986120108655
1695209213000760 -6.03302715839716 -5.29307958849826 5.64301256629263 0.00363193413357343 0.00244180339116334 -0.00320260685906704 0.999985294871857
1695209213000890 -6.0882693147872 -5.34085052247893 5.69414009584715 0.00296791913947839 0.00192523784809825 -0.0028453891199246 0.999989694284879
1695209214000000 -6.12795857862156 -5.37606825871449 5.73136752685971 0.00252476592171113 0.000998424789533455 -0.0020171776859433 0.999994279833222
1695209214000080 -6.1750340449964 -5.41709331693316 5.77478764389773 0.00235303735429998 0.000686803401434771 -0.00148822069761556 0.999995888349273
1695209214000170 -6.20923006376373 -5.44715513267844 5.80663147490683 0.00247992966022185 0.000649298518405345 -0.00159849809812785 0.99999543657166
1695209214000240 -6.244844047662 -5.47812049400009 5.83963117701026 0.00247836415926699 0.000634883437760004 -0.00178461859367372 0.99999513487346
1695209214000320 -6.28178748992235 -5.50969702708503 5.87367947529476 0.00223552021778919 0.000442411566714824 -0.00192604752613873 0.999995548521236
1695209214000400 -6.31950962678486 -5.54155622885378 5.90820196936154 0.00187919058096212 0.000102873210485415 -0.0020808762647495 0.999996063999171
1695209214000480 -6.35441228424738 -5.57187699400963 5.94039261712892 0.00253019022894766 0.000459269586421956 -0.00282908851789771 0.9999926917068
1695209214000570 -6.3899287808878 -5.60199361722202 5.97262975863295 0.00372281212573714 0.00129137582939978 -0.00441148452358286 0.999982505758297
1695209214000650 -6.43013350487093 -5.6355454033125 6.00941448103519 0.00371927155812654 0.00126880428313859 -0.00543611627252771 0.999977502644254
1695209214000720 -6.47286129893478 -5.66889325286944 6.0465517385237 0.00230016543318981 5.55005172483769e-05 -0.00528078746083697 0.999983409583612
1695209214000930 -6.59407303249524 -5.76546717176809 6.15286255455513 -0.00360586177358732 -0.00542453825431533 -0.00168887211495502 0.999977359671996
1695209215000210 -6.70140120939465 -5.85324476884514 6.24515013872902 -0.000135127797345669 -0.00447655754207157 -0.00745705548814774 0.999962166532563
1695209215000530 -6.82133421369568 -5.94272230751666 6.34002017193514 -0.000917273937845534 -0.00926996624005159 -0.00804194235316559 0.999924273881587
1695209215000850 -6.99354409316297 -6.06601501895475 6.47370370344762 -0.00168907978473248 -0.0145889115455535 -0.0104992548591852 0.999837024877954
1695209216000090 -7.12212219030152 -6.15168426509413 6.56330006358608 -0.00162958868656259 -0.0180932309486771 -0.0144466892991848 0.999730600013245
1695209216000290 -7.28063492132643 -6.26129122481682 6.68291144827978 -0.00274641862444843 -0.0226734885979055 -0.0161558416618816 0.999608602844001
1695209216000490 -7.39455333844738 -6.33316159178215 6.75798561443164 -0.00400550849044036 -0.0275235744587081 -0.0191747289304192 0.999429206357906
1695209216000690 -7.54637313826764 -6.43316448909042 6.86255876873733 -0.00482757401454976 -0.0323830579759706 -0.0219626583042003 0.99922253463654
1695209216000850 -7.69089325262191 -6.52593949398044 6.96379384181151 -0.00608597908670032 -0.0370446639262641 -0.0236641669317471 0.9990148452033
1695209216000970 -7.80004441241729 -6.59523327655589 7.03793934027095 -0.00633984361569505 -0.0397605737011509 -0.0261136526663299 0.998847826401152
1695209217000090 -7.90288707742025 -6.66041422346907 7.10350786648704 -0.00617806802362641 -0.0422049603057545 -0.0287021149206299 0.998677506205165
1695209217000210 -8.03041832316849 -6.7426133409226 7.1896787351272 -0.0058066691782978 -0.0445482705490859 -0.0317461666831613 0.998485811158608
1695209217000290 -8.11073305280291 -6.78365226965918 7.23620139087077 -0.00637247026304429 -0.0465694206447374 -0.032503397971946 0.998365769547332
1695209217000370 -8.20407843639903 -6.83974022913317 7.29774800587359 -0.00716549338686031 -0.0490300857334372 -0.0335884674936086 0.998206652576973
1695209217000490 -8.34881822383444 -6.92197117248329 7.39158443856511 -0.00828263774126893 -0.0522526746838392 -0.0352862239463996 0.997975920701515
1695209217000610 -8.49210606646878 -7.00037620891548 7.47784172812855 -0.00928956049242095 -0.0554179127982721 -0.0373912362844894 0.997719627177925
1695209217000730 -8.6704780138648 -7.11106328886533 7.59797146576829 -0.00992956564942885 -0.0582734420556541 -0.0383567045268657 0.997514096589536
1695209217000930 -8.89842429566686 -7.23821740172779 7.73346974427408 -0.0117204133841175 -0.0637055207682249 -0.042610002401203 0.996989782409591
1695209218000050 -9.04969699274992 -7.32452517885622 7.82593352633534 -0.0114982750377481 -0.0657192648105281 -0.0448653245807973 0.996762695205925
1695209218000130 -9.14969914172845 -7.38258063843277 7.88655619197247 -0.0107470026138078 -0.0667165666651661 -0.0467709363302349 0.996617218987322
1695209218000330 -9.4562028784915 -7.56204258511147 8.07950386550208 -0.010336570851847 -0.0703558298166475 -0.0499346805040854 0.996217717267059
1695209218000570 -9.77854188134756 -7.74002695540458 8.26791234258906 -0.0132423196911217 -0.0774069863854302 -0.0552222978114713 0.995380980957716
1695209218000650 -9.89054096196505 -7.80466617275366 8.3359789015623 -0.013447951580797 -0.0792175697586016 -0.0567565340883454 0.995149448614679
1695209218000770 -10.0565757693036 -7.89483553506051 8.43146829342345 -0.0126991108194591 -0.0811609316646706 -0.0590349202200071 0.994870099033203
1695209218000930 -10.3114883966669 -8.03879853786733 8.58543695188097 -0.0107095578925398 -0.0826899408841568 -0.0621035343447532 0.994580730794746
1695209219000130 -10.55519368053 -8.16532787367956 8.71453114097597 -0.00982747421404665 -0.0851843255287356 -0.0671036295521471 0.994054402100667
1695209219000210 -10.6606434788573 -8.2231453134034 8.77518089491335 -0.00966012880092129 -0.0862961536129976 -0.0685063197498658 0.993864447466293
1695209219000330 -10.8114138328105 -8.30570030490055 8.86017785980956 -0.00873148318441285 -0.0876090748798464 -0.0709225723776179 0.993588647241623
1695209219000410 -10.9182736774901 -8.36278751653822 8.92019303514053 -0.00894158205283641 -0.0889650914588714 -0.0720433779408728 0.993385631216284
1695209219000490 -11.0291192904415 -8.42118733255853 8.98289240243462 -0.00945175875029479 -0.0902879676502945 -0.0732700180821717 0.99317181373836
1695209219000570 -11.1426786670945 -8.47965095852508 9.04680802305368 -0.0103712733406413 -0.0916218267587822 -0.0742946280467392 0.992964342659934
1695209219000650 -11.2545393567277 -8.53634709296684 9.10930996760209 -0.0108281900077566 -0.0926774882148976 -0.075527228411738 0.99276848824274
1695209219000730 -11.3633775372176 -8.59105622822779 9.16910977661363 -0.0106030063990589 -0.0931020295116069 -0.0768179499613716 0.992632152874293
1695209219000810 -11.4693978900955 -8.64603505189424 9.22824994501118 -0.0101012769623758 -0.0933474135408949 -0.0780477333450891 0.992518400790962
1695209219000890 -11.5686407037144 -8.69836260431079 9.28371813729149 -0.00908576681740731 -0.093195219190978 -0.0795407592858946 0.992423985791108
1695209219000970 -11.6684824983472 -8.75049120227038 9.33918047338732 -0.00872670084742033 -0.0935196705016784 -0.0805197264306409 0.99231773620001
1695209220000050 -11.7707782267451 -8.80263116084502 9.39530101442541 -0.00852008207033041 -0.0940449164455909 -0.0814420427320298 0.992194615772476
1695209220000130 -11.8756795867927 -8.85545990169287 9.45340473125081 -0.00887313317703647 -0.0947868391104774 -0.0818932126224456 0.992083778904505
1695209220000210 -11.9836043324569 -8.90897551685732 9.5131382782251 -0.0100808208748973 -0.0961012254157062 -0.0819135525181336 0.991944101972458
1695209220000290 -12.0867148440137 -8.96039252423448 9.56946726377247 -0.0104996970086607 -0.0968990561508705 -0.082018406168281 0.991853472207166
1695209220000370 -12.1858944477941 -9.00978002501689 9.62317746383017 -0.0108379296606025 -0.0978268338327376 -0.0819946402222708 0.991760721564307
1695209220000450 -12.2839305436232 -9.05904870452962 9.6764028310677 -0.0106008840198231 -0.098422811503029 -0.0823651078184333 0.991673615887755
1695209220000530 -12.381214416589 -9.10778575720172 9.72888057754415 -0.0101389834267785 -0.0988196955394956 -0.0829737399707716 0.991588234734467
1695209220000610 -12.4794813109054 -9.15631857612001 9.78151087524916 -0.00965391450551473 -0.0991017420212761 -0.0837706112538654 0.991497923020125
1695209220000690 -12.577953985397 -9.20472777768513 9.83406707964784 -0.00934344232302347 -0.0994087894743132 -0.0846688414497209 0.991393857126606
1695209220000770 -12.6789624901802 -9.25445964052722 9.88851155608203 -0.00963665107332627 -0.100055620459885 -0.0849961388425016 0.99129796940796
1695209220000850 -12.7790047256614 -9.30310496345524 9.94167890484018 -0.00984828863487361 -0.100690707602591 -0.0855076252570293 0.99118759003347
1695209220000930 -12.888153394472 -9.35847009460922 10.0022396681932 -0.00964693811766027 -0.101250675989969 -0.0856327960198989 0.991121718782483
1695209221000010 -12.9746824054504 -9.3977308845594 10.045153645237 -0.00999453307867044 -0.101984246015162 -0.0863513669281088 0.990980708340433
1695209221000050 -13.0255218488953 -9.42132244743695 10.071370863816 -0.00994640947130218 -0.102331028441654 -0.0864785646211354 0.990934350710364
1695209221000130 -13.1212934050198 -9.46781455129141 10.1222516447583 -0.0102900126740229 -0.103267823258162 -0.0864153037569618 0.99083917342588
1695209221000210 -13.2151294749841 -9.51420324656972 10.1726021718687 -0.0105959915125681 -0.103944049480916 -0.0865245700719306 0.990755700622127
1695209221000250 -13.2615502558431 -9.5376987240215 10.19797147191 -0.0107093455727043 -0.104203411430409 -0.0866747729066297 0.990714107452424
1695209221000330 -13.3545104012753 -9.58282836249506 10.2469047577216 -0.0107719218529878 -0.104631620091429 -0.0872067224465223 0.990621611583743
1695209221000370 -13.4006106781592 -9.60535423530189 10.271315380709 -0.0107465410535126 -0.104844685929925 -0.0875421401294866 0.990569774114469
1695209221000450 -13.4917962693481 -9.64939240477257 10.3188117345976 -0.0103413729941958 -0.105131818166206 -0.0883411175387751 0.990472717325249
1695209221000530 -13.5830116291347 -9.69342358420844 10.366277359555 -0.00997652222990624 -0.105480739866465 -0.0889238249633238 0.990387215121092
1695209221000610 -13.6757047970459 -9.7377501363943 10.4143859153037 -0.0103168659668497 -0.106196288446788 -0.0888754312547277 0.990311601626496
1695209221000690 -13.7695277512464 -9.78226468626766 10.4626992990992 -0.0104348722647664 -0.106901263682278 -0.0891109926446366 0.990213342797317
1695209221000730 -13.8173960569881 -9.80471564507019 10.4870836151709 -0.0105294064435533 -0.107289284205791 -0.0891675402074018 0.990165284620662
1695209221000810 -13.9134003963874 -9.8495004367102 10.536183747221 -0.0109103485945143 -0.10793916423299 -0.0893721476282401 0.99007207835922
1695209221000890 -14.0087912503167 -9.89467297665883 10.5853433071374 -0.0107905597275502 -0.108277830401259 -0.089900007595348 0.989988618065238
1695209221000970 -14.1032269856317 -9.93955590942327 10.6340389200658 -0.0106065799282537 -0.108607434055206 -0.0904637579363915 0.989903143863174
1695209222000050 -14.1983595213983 -9.98481719890997 10.6832991868909 -0.0106491765566898 -0.109053420503725 -0.090843070498781 0.989818914275463
1695209222000130 -14.2929569261703 -10.0295930042517 10.7316007134822 -0.010696889776581 -0.109477755235444 -0.0911393383119926 0.989744319847186
1695209222000210 -14.3866328503949 -10.0744030695149 10.779776262112 -0.0103855599623144 -0.109762299475286 -0.0915546211514207 0.989677790548008
1695209222000290 -14.4823296123453 -10.1195709944047 10.8285482448122 -0.0100217499697708 -0.109971556066551 -0.092148539337872 0.98960318718249
1695209222000370 -14.5778112356355 -10.1647298947212 10.8772392370402 -0.00977230984470996 -0.110178271220552 -0.092685660219246 0.989532525438589
1695209222000450 -14.6752591878711 -10.2097352390498 10.9262907284208 -0.00974567704322775 -0.110531762509092 -0.0930880115118724 0.989455594439876
1695209222000530 -14.7724624567249 -10.2550673699931 10.9751954339095 -0.00960020430740126 -0.11080427164647 -0.0934726870945513 0.989390269928644
1695209222000610 -14.8710536916152 -10.300494788463 11.0245976165852 -0.00959514233578077 -0.11118592972985 -0.0936715048103196 0.989328697380317
1695209222000690 -14.9707924811679 -10.3465067819737 11.0746849022135 -0.00997538241688666 -0.111864664311033 -0.0935537627941971 0.989259562547294
1695209222000770 -15.0702348640836 -10.3927645729384 11.1247294191075 -0.00998206857483263 -0.112204325094773 -0.0937768242312956 0.98919990647699
1695209222000890 -15.2171382760867 -10.4620659470038 11.1991094258757 -0.00919413649476262 -0.112151633147838 -0.0948293906497362 0.989113171333487
1695209222000970 -15.3153850247715 -10.5081744663363 11.248417710129 -0.00862014583481302 -0.112136038408364 -0.095585120696714 0.989047363212328
1695209223000050 -15.4147699769325 -10.5548475793089 11.2985236192491 -0.00803627539590912 -0.112044651316786 -0.0964185880285982 0.988981734043472
1695209223000130 -15.5138444428094 -10.6011033193988 11.3481128171494 -0.00757653682842738 -0.111984885205256 -0.0971005970895475 0.988925404477055
1695209223000210 -15.6122738308077 -10.6467365828154 11.3973517106006 -0.00739028373086651 -0.112125634061037 -0.0974487959608141 0.988876614173161
1695209223000290 -15.7153873282546 -10.6935143087958 11.4486954420944 -0.00764707944302668 -0.112643770032371 -0.0974534706452305 0.988815313548534
1695209223000370 -15.8202504396668 -10.7407796327292 11.500890447667 -0.00843626999269446 -0.113465111774025 -0.0971641848233642 0.988743454565606
1695209223000450 -15.9231483337018 -10.7881830029226 11.5524991037424 -0.00881706663606243 -0.113980252862 -0.0971626075070873 0.988681035013757
1695209223000530 -16.0249143382785 -10.8353003518786 11.6037309926407 -0.0087847793204761 -0.114226514490152 -0.0973766455409477 0.988631842468628
1695209223000610 -16.125003299341 -10.88144104038 11.6533332823745 -0.0084257708772424 -0.114195280137364 -0.0979115680399536 0.988585741968511
1695209223000690 -16.2254290001241 -10.9282118868161 11.7031935277589 -0.00771726030040613 -0.113935496319088 -0.0986785159468181 0.988545242800001
1695209223000770 -16.3281170079026 -10.9754700015114 11.7537845602315 -0.00691740392227943 -0.113594816774319 -0.0996616826235697 0.988491738023957
1695209223000850 -16.4338304784449 -11.0240918164084 11.8066586630632 -0.00664872232312565 -0.113493916571477 -0.100295629827847 0.988441051368351
1695209223000930 -16.5375622890734 -11.0721785557705 11.8589943513567 -0.00659935798986885 -0.113564690365206 -0.100600250722394 0.988402296198753
1695209224000010 -16.6390639295347 -11.1193597506594 11.9102188708464 -0.00669418030018385 -0.113826799639301 -0.100667203822061 0.988364690642392
1695209224000090 -16.7393573766293 -11.166046031579 11.9606661093258 -0.00659878169723474 -0.113997748405165 -0.100622252568157 0.98835020702521
1695209224000170 -16.8397432379512 -11.2120570113241 12.0104696583268 -0.00659866420962361 -0.114282543865425 -0.100439175071272 0.988335939804527
1695209224000250 -16.9414171954976 -11.2591966869717 12.0611248328571 -0.00667540293449845 -0.114460647616992 -0.100423469098221 0.988316409859231
1695209224000330 -17.0454286263201 -11.306890208282 12.1126677831486 -0.00661854331120617 -0.114523433447478 -0.10042909842469 0.988308946769907
1695209224000410 -17.1530711137059 -11.3567676256436 12.1665546366556 -0.00676117356644018 -0.114688357330849 -0.100721754794716 0.988259072984321
1695209224000490 -17.2590541710448 -11.4062144189037 12.2198830727007 -0.00646684947934581 -0.114640116177485 -0.101084513115228 0.988229601271325
1695209224000610 -17.4111530680266 -11.4774326671238 12.2962444552021 -0.00585105807579684 -0.114480816846812 -0.101573984734954 0.988201716917424
1695209224000690 -17.5126759105577 -11.5248240169247 12.3472650140361 -0.00591506070315315 -0.11474142433419 -0.101358268659811 0.988193259930933
1695209224000770 -17.6218888224092 -11.575176960224 12.4019654766163 -0.0063233557090434 -0.115133753006672 -0.1012607214797 0.98815509935262
1695209224000890 -17.7955276701861 -11.6557783377667 12.4894758405654 -0.00597197201904226 -0.115029763551039 -0.101637615257962 0.988130701988492
1695209225000010 -17.9418316429544 -11.7215127802784 12.5610897742277 -0.00586169077130557 -0.115044450846987 -0.102325277087831 0.988058678712715
1695209225000090 -18.0441647847546 -11.7693133841224 12.6122577852244 -0.00590808427733961 -0.11526470674761 -0.102283547025445 0.988037052911708
1695209225000210 -18.1956623847653 -11.8400071212416 12.6872541194459 -0.00603605928875529 -0.115546863292781 -0.102084473604157 0.988023910955815
1695209225000330 -18.3478189347156 -11.9103760103673 12.7623002010581 -0.00577994605602834 -0.115612322728289 -0.102219150599083 0.988003860472094
1695209225000410 -18.4516756484535 -11.9585168006228 12.8135193555026 -0.00624486119375104 -0.116036228099911 -0.101843733603751 0.987990105923467
1695209225000530 -18.6072069256332 -12.0303628043414 12.8904670184011 -0.00651787515129314 -0.116364642922515 -0.101611895972472 0.987973587591241
1695209225000650 -18.7608025322403 -12.1023066348442 12.9676598972406 -0.00630504176744335 -0.116421825263314 -0.101748892231021 0.987954132528646
1695209225000770 -18.910554617077 -12.1718965435219 13.0422059673531 -0.00553575758119145 -0.116081071513984 -0.102231119527401 0.98794905659368
1695209225000890 -19.0659602708564 -12.2447323072236 13.1192078964891 -0.00584108903081854 -0.116397465557771 -0.102042958724507 0.987929524948723
1695209226000010 -19.2228076268347 -12.318200208032 13.194710869982 -0.00641048601884575 -0.117137109911147 -0.10149042420246 0.987895488878186
1695209226000130 -19.3783419901004 -12.3877204616094 13.2703327705602 -0.00672244643301554 -0.117446493216769 -0.101176168842199 0.987888917238904
1695209226000290 -19.5944756286053 -12.4862104631936 13.3773132648449 -0.00691246814630228 -0.117518690727255 -0.101469643738466 0.987848918870425
1695209226000330 -19.6504498294826 -12.5117556279528 13.4055321411231 -0.00705988041571807 -0.117590221083872 -0.101620925959409 0.987823812934834
1695209226000450 -19.819743845415 -12.5886148216851 13.4905611307494 -0.00739415765157794 -0.117624903980525 -0.102094651546509 0.987768389108395
1695209226000530 -19.9321279365599 -12.6386246350661 13.5457533901375 -0.00742900439050888 -0.117566909899714 -0.102572936820104 0.987725480193002
1695209226000650 -20.0956304487921 -12.7133278968435 13.6263857530779 -0.00785289404219791 -0.117782743683283 -0.102570417598699 0.987696748389519
1695209226000770 -20.2572053941501 -12.7870418617211 13.7056594416486 -0.00801485550147967 -0.117795928817397 -0.102704429240006 0.987679948900362
1695209226000850 -20.3624779430763 -12.8349106453769 13.7572337083101 -0.00790825312856891 -0.117811940770393 -0.102815519529068 0.987667340296487
1695209226000970 -20.5180295313076 -12.9066272498558 13.8346252041879 -0.00746575351273405 -0.117693879988017 -0.103100279113231 0.987655175445675
1695209227000090 -20.6753340803893 -12.9791103634323 13.9121764480303 -0.00783354164971113 -0.118169417697053 -0.102497028871865 0.987658333341445
1695209227000210 -20.8299769780712 -13.0508072165145 13.9892926246203 -0.00718352616516201 -0.11783953901812 -0.10288839338717 0.987661996080662
1695209227000330 -20.9916818461546 -13.1249252843727 14.0701694219704 -0.00687854754715334 -0.117491441441663 -0.103446660970596 0.987647323241265
1695209227000410 -21.0947496658293 -13.17293111824 14.1218750007271 -0.00599868236664562 -0.116971056115503 -0.104210935787702 0.987634481325627
1695209227000490 -21.1984353663967 -13.2204257089375 14.1730503774084 -0.0056235355501612 -0.116758537117694 -0.104434751244834 0.987638194173596
1695209227000610 -21.357324219181 -13.2929925963137 14.2505058079646 -0.00590377644198361 -0.117140356811559 -0.104066693461348 0.98763019675474
1695209227000730 -21.5209234907761 -13.3683268641109 14.3309385614512 -0.00681733567133741 -0.117769055678621 -0.103362198811518 0.98762352610484
1695209227000890 -21.742914381814 -13.4695795480767 14.4405118265807 -0.00757021804115444 -0.118199489788038 -0.103045523319578 0.987599712705735
1695209228000050 -21.955327219761 -13.5660228264753 14.5453707371099 -0.00657713380261225 -0.117684380349744 -0.103876345376189 0.987581304401782
1695209228000210 -22.1686736958964 -13.6626427468732 14.6499213750577 -0.00595935960279883 -0.117291985150278 -0.104467253402563 0.98756957690036
1695209228000330 -22.3280712756579 -13.7351746527476 14.7281239942609 -0.00628278058369657 -0.117610175109819 -0.104188371511832 0.987559191451574
1695209228000530 -22.5929983990199 -13.8578350874772 14.8589932214362 -0.00560865772635486 -0.117333868603082 -0.104598828376436 0.987552728384373
1695209228000690 -22.8177279823114 -13.9593441135456 14.9693195715574 -0.00653703814188768 -0.117922877624556 -0.104302142901846 0.987508240497849
1695209228000730 -22.8747990951318 -13.9848351402166 14.9970638537016 -0.0066313043404871 -0.11793279854865 -0.104362165531191 0.987500085688537
1695209228000890 -23.0950556972183 -14.0844816121313 15.1058279999311 -0.00648202140473021 -0.117877028342774 -0.104905733051987 0.987450138873053
1695209229000010 -23.2536383987065 -14.1571635964335 15.1838980625163 -0.00595930128822744 -0.117635277577953 -0.105299934276432 0.987440303025298
1695209229000130 -23.4160875305 -14.2304799285598 15.2637742762 -0.00523810431714176 -0.117127632033336 -0.105934448358817 0.987436870249607
1695209229000210 -23.5253858118513 -14.2796039213882 15.3168018500557 -0.00558237372777153 -0.117361822638909 -0.105764758943026 0.987425367030927
1695209229000290 -23.6330432158963 -14.3280350933043 15.3693767208513 -0.00601218233126215 -0.11780435325625 -0.10531683365128 0.987418023213654
1695209229000410 -23.7887851452734 -14.4000633706225 15.446339130933 -0.00614695676285061 -0.118105665804769 -0.10472825742471 0.987443800286452
1695209229000530 -23.9455921739561 -14.4716882968938 15.5232372848784 -0.00588506217639342 -0.118131457531308 -0.104675222479244 0.987447934112796
1695209229000610 -24.0543226893362 -14.5202724281878 15.5759448106977 -0.00584621514745424 -0.118112138113276 -0.104926416020709 0.987423815704183
1695209229000690 -24.1605907477841 -14.5691082722395 15.6281934369602 -0.00581112080509158 -0.11807120270001 -0.104899471759104 0.98743178133612
1695209229000770 -24.2677035307716 -14.6174396867376 15.6807084496236 -0.00585158579875777 -0.118163691643995 -0.104953649009148 0.987414721624287
1695209229000810 -24.3189148948954 -14.6416704759564 15.7066509680952 -0.00556213556426869 -0.117971175941316 -0.104991498141347 0.987435390095485
1695209229000890 -24.4239655231681 -14.6895301891178 15.7584917188605 -0.00525344134573827 -0.117775609673437 -0.105331590718351 0.987424206264369
1695209229000970 -24.530890383445 -14.738260057395 15.8114915976492 -0.00517286815963619 -0.117774555099427 -0.105509715308198 0.98740574009964
1695209230000050 -24.6390626581454 -14.7869142371687 15.8646573763983 -0.00552510707743638 -0.117939044204963 -0.105457834828863 0.987389740739193
1695209230000130 -24.7486371272683 -14.836306086482 15.917951226496 -0.00596949947203829 -0.118184174204718 -0.105203339034713 0.987384992543207
1695209230000210 -24.8584121848347 -14.8863292714894 15.9713041023757 -0.00617732961725185 -0.118276454697055 -0.105164703840209 0.987376780124637
1695209230000290 -24.9672507966649 -14.9363249737921 16.0248629513823 -0.00639310452161312 -0.11846819291097 -0.104869522830703 0.987383815273597
1695209230000370 -25.0716542544413 -14.9840699343912 16.0766544300109 -0.00623911789076039 -0.118320330185261 -0.104972072897748 0.987391632932114
1695209230000450 -25.1749820986197 -15.0314548605403 16.1278561610652 -0.00582575448693295 -0.11803199254034 -0.105157214478074 0.987408967735673
1695209230000530 -25.2773774489385 -15.0778949267606 16.1786428187869 -0.0051724685138525 -0.117591026292115 -0.105615267283133 0.987416331352562
1695209230000610 -25.3805415129078 -15.1250911541849 16.2300272056669 -0.00435603465640302 -0.116993406785748 -0.106294065547037 0.98741842162288
1695209230000690 -25.4859892486291 -15.1737813234884 16.2828625298948 -0.00439103416755715 -0.116956846801979 -0.106258325635526 0.987426444368497
1695209230000770 -25.592943805187 -15.2224935609847 16.3351918793023 -0.00502625456872385 -0.117428411189123 -0.105736797157961 0.98742343234166
1695209230000850 -25.7009271643193 -15.2713155397582 16.3873458429393 -0.00632584749945932 -0.118313343820806 -0.104457256385537 0.9874465139519
1695209230000970 -25.8534188509491 -15.3415704891386 16.4626983440298 -0.0062903712161034 -0.118244298127809 -0.104293102911313 0.987472362081773
1695209231000090 -26.0017013128185 -15.4104503411555 16.5359309275009 -0.00495720109149717 -0.117503228679918 -0.104988382162822 0.987494737716595
1695209231000210 -26.1381008927159 -15.4737957099833 16.6022242170982 -0.00454236876228478 -0.117292129471653 -0.105132222973289 0.987506526025386
1695209231000370 -26.3616240738012 -15.5753662455841 16.7135592474389 -0.00443732718975172 -0.117058125930222 -0.104994194104001 0.987549454197392
1695209231000450 -26.4678718733263 -15.6234328583654 16.7653952277033 -0.005242031977674 -0.117531823383587 -0.104331510428103 0.987559480499613
1695209231000570 -26.6276672721363 -15.6974292989123 16.8442601606769 -0.00652771032410903 -0.118277116257668 -0.103379452029391 0.987562960861634
1695209231000690 -26.7794879120281 -15.7681761514 16.9199383368639 -0.00647161523930148 -0.118147774521102 -0.103303698639766 0.987586739187627
1695209231000810 -26.9322186401602 -15.8387934265553 16.9953931694562 -0.00600228644214168 -0.117787204336863 -0.10367622165504 0.987593736369013
1695209231000970 -27.1417779170791 -15.9346558862091 17.0986385122826 -0.00701452990136963 -0.118416908601776 -0.102799612656516 0.987603398012143
1695209232000050 -27.2412702303532 -15.9815867242977 17.1486028293279 -0.0066238315665802 -0.118173915008712 -0.103042272003154 0.987609913299436
1695209232000130 -27.345681614316 -16.0295683591902 17.2001552599726 -0.00670823674473434 -0.118234247283966 -0.103034818741529 0.987602900186037
1695209232000210 -27.4485035319279 -16.0771017655145 17.2512525644246 -0.00647138467376953 -0.117991581573997 -0.103282981884912 0.987607580727807
1695209232000290 -27.5528548546875 -16.1250363633348 17.3027049583721 -0.00689038091830459 -0.118157430831059 -0.103050524054799 0.987609200889823
1695209232000370 -27.6552416353616 -16.171930940433 17.3528633545719 -0.00695825705679856 -0.118236817634462 -0.10285469457341 0.98761963802803
1695209232000450 -27.7589598388183 -16.2190051912569 17.403894962057 -0.00716468212904277 -0.118253829812117 -0.102751184747285 0.987626899743919
1695209232000530 -27.8610806090272 -16.2653225576854 17.4537969249888 -0.00709072538997935 -0.118239829011649 -0.102738858989176 0.987630392050762
1695209232000610 -27.9609028163252 -16.3118013718708 17.5035073670548 -0.00684187721034465 -0.11815463641023 -0.102709777529726 0.987645367634962
1695209232000690 -28.0612195192419 -16.3590081962781 17.5538005912545 -0.00661373336824324 -0.117961028256774 -0.102910999918736 0.9876491180775
1695209232000810 -28.2180782158297 -16.432096968462 17.6323583295653 -0.00634229611235511 -0.117541022617388 -0.103499130001095 0.98763951590198
1695209232000890 -28.3180473627802 -16.4785006361847 17.6825406200312 -0.00625524921283226 -0.117428870841079 -0.103545444271366 0.987648557494476
1695209232000970 -28.4179908724326 -16.525187679813 17.7325996140603 -0.00644207106185337 -0.117606296658189 -0.103220604866909 0.987660247978873
1695209233000050 -28.5165878362236 -16.5701023465417 17.7812262221082 -0.00621140353425813 -0.117418521278727 -0.103378378281197 0.987667565646864
1695209233000170 -28.6683754212881 -16.6399400443028 17.8557828386986 -0.00638270363110022 -0.117463934061331 -0.103124449326978 0.987687619260361
1695209233000290 -28.8251408976995 -16.7118924973348 17.933187980606 -0.00665380110412873 -0.117498349863372 -0.103138031592194 0.987680318296127
1695209233000450 -29.0256846791228 -16.8040997482616 18.0325597425031 -0.00745480811700487 -0.11802995676907 -0.102249942297429 0.987703550890247
1695209233000610 -29.2269552882674 -16.8970613625605 18.1325358796483 -0.00738739505409913 -0.117907974770401 -0.102255032261239 0.987718099589711
1695209233000770 -29.4332873287882 -16.9937950751612 18.2367905692018 -0.00519774938679666 -0.116154830560843 -0.104242444393641 0.987732024147001
1695209233000970 -29.6931682281969 -17.1128716511636 18.3655399162819 -0.00655650191140875 -0.116817943373822 -0.103165530787982 0.987758803375515
1695209234000130 -29.895853017541 -17.2070315464269 18.4667474052771 -0.00800565662469196 -0.117643650189914 -0.101895295770686 0.987781974795959
1695209234000250 -30.0416691426648 -17.275328458601 18.5397266966954 -0.00783084230068418 -0.117484616781586 -0.101682483002143 0.987824233038988
1695209234000330 -30.143175489758 -17.3230128570302 18.5908513103645 -0.00751546545309655 -0.117143538576136 -0.101863742600236 0.987848514243129
1695209234000450 -30.2972690095921 -17.3957022866386 18.669663782667 -0.00625429520777453 -0.115960415920927 -0.102962339473847 0.98788300035023
1695209234000570 -30.4478851772352 -17.4665229862705 18.7456637455828 -0.00535201487179398 -0.115141941979167 -0.103586615112067 0.987918773130515
1695209234000730 -30.6346205628635 -17.5510240362175 18.8379824120927 -0.00631393394572916 -0.115833034473476 -0.102602803175758 0.987934971110585
1695209234000890 -30.8472111600557 -17.6530151430184 18.9467777803589 -0.0068628869034689 -0.115666678652837 -0.101543922609894 0.988060196553716
1695209234000970 -30.9457513388152 -17.6988371526188 18.9962878271615 -0.00724245458739086 -0.115828743337977 -0.10096929190978 0.988097389511546
1695209235000050 -31.0433506723086 -17.7438102837308 19.0451407868668 -0.00785585936343143 -0.116239617014136 -0.100142907978219 0.988128551804741
1695209235000170 -31.1847524329159 -17.8108265142698 19.1166310216586 -0.00718920349563126 -0.115646803215469 -0.100223728081593 0.988194989153744
1695209235000250 -31.2804386470935 -17.8558535729937 19.1647277119581 -0.00631457541813947 -0.114889273258082 -0.100739127421143 0.988236919586566
1695209235000330 -31.388428643042 -17.9055840963659 19.2194871484273 -0.00575040008710221 -0.114205285333138 -0.101469242718257 0.988244948625086
1695209235000450 -31.5256710794715 -17.9675946842584 19.289212275785 -0.00656930709708042 -0.114546952117514 -0.100753816474179 0.988273498800175
1695209235000610 -31.7486297827701 -18.0746971276472 19.404448078513 -0.006717959014112 -0.114119712053111 -0.100240136629111 0.988374157572008
1695209235000730 -31.9013846466331 -18.1464293616912 19.4834063357698 -0.0065276286907897 -0.113718362925035 -0.100269375211431 0.988418725233408
1695209235000850 -32.055030222529 -18.2179478153039 19.5630156043268 -0.00764523760538666 -0.114030799046512 -0.0992280998492277 0.988479798180561
1695209235000970 -32.199539790014 -18.2859867722779 19.6386450425627 -0.00700233744771193 -0.113049869607803 -0.0990056951229788 0.988619525694867
1695209236000130 -32.3749404858707 -18.3677479950346 19.7330316728194 -0.00505140809401378 -0.1113531909469 -0.0987932626262021 0.988845205986195
1695209236000290 -32.5828274286448 -18.4678635554683 19.8425155561379 -0.00523444187876097 -0.110089002721669 -0.0974994689903306 0.989114182308883
1695209236000410 -32.7346130236995 -18.5371591078973 19.923248884764 -0.00424481051251662 -0.108127618639133 -0.0968942179215611 0.989394719110888
1695209236000610 -33.0132455892703 -18.6766952914392 20.0732737123978 -0.00413545633503988 -0.106203437700272 -0.0948251981693124 0.989803975347491
1695209236000770 -33.242848951211 -18.7910165582379 20.1967749219684 -0.00409247072268246 -0.103198465725271 -0.0927232611505863 0.990321021283974
1695209236000970 -33.601941066738 -18.966573267897 20.3887155916671 -0.00367950551188834 -0.0995232138915888 -0.0902587470086293 0.990926308927313
1695209237000130 -33.8721209689008 -19.1022143465929 20.5336227648639 -0.00141231713863419 -0.0950314304968588 -0.0878257716172757 0.991591481618237
1695209237000290 -34.1661645712837 -19.2565043647291 20.6924058986615 0.00022153761398185 -0.0903134757304114 -0.0850486352014176 0.99227524239646
1695209237000410 -34.3963979652311 -19.3843403841414 20.8239028972002 -0.000323201908859434 -0.0876249903699954 -0.0819059567869605 0.992780525013458
1695209237000530 -34.6486983089617 -19.528594824123 20.9691003492675 -0.000900440857876696 -0.0848689713911561 -0.0786978984453113 0.993278957635548
1695209237000610 -34.8258165424986 -19.6264253943413 21.0711822610267 -0.000554780944316477 -0.0824282664009823 -0.0768050298853409 0.993632860014475
1695209237000690 -35.0049242516498 -19.7296444469944 21.1816796860755 -0.000165089949494677 -0.0800117279257717 -0.0754919978403717 0.993931111497024
1695209237000770 -35.1999168600433 -19.8416458188747 21.2983646050245 0.000674836872217367 -0.0771386292840427 -0.0746193683372009 0.994223881395097
1695209237000850 -35.3955170946805 -19.9577316053457 21.421086600814 0.000879841634320358 -0.0746431642684463 -0.0734213474848732 0.994503358285027
1695209237000930 -35.5904668974473 -20.0777211926762 21.5457044767185 0.00124932473212433 -0.0720895832671378 -0.0721539259575941 0.99478406809769
1695209238000010 -35.7754294648454 -20.1922220019255 21.6643303479703 0.00264410014988706 -0.068634736573656 -0.0712610228387397 0.995090020196082
1695209238000090 -35.9817273776565 -20.3238301378259 21.8005049336146 0.00368594050467135 -0.0657618181513299 -0.0704240616813784 0.995340267773953
1695209238000170 -36.1849295627411 -20.454752940108 21.9358055163869 0.00507347591550854 -0.0623648686021541 -0.0695145634956148 0.99561669756407
1695209238000290 -36.4726905831251 -20.6488484277164 22.1342649639617 0.00731849591882768 -0.0573095716704883 -0.067915876965947 0.996016810233832
1695209238000370 -36.6873411364485 -20.7995224380957 22.2874994350203 0.00784752825993288 -0.0547116817447119 -0.0662072417958721 0.996273882682196
1695209238000450 -36.8986294370754 -20.9508800649757 22.440509418434 0.00984654362587804 -0.0510176591383675 -0.0654128732016747 0.996504591085343
1695209238000530 -37.124595335527 -21.111246465885 22.6051344852952 0.0122481196214744 -0.0468749928152912 -0.0648532193268723 0.996718003528202
1695209238000610 -37.3607406158057 -21.2808512131822 22.7785987019022 0.0150614413967884 -0.0426392566408684 -0.0648240472710844 0.996871551239959
1695209238000690 -37.6104053685444 -21.4616863647017 22.9644846732221 0.0169948929784118 -0.0386604767031947 -0.0641984726365084 0.997043177231996
1695209238000770 -37.8743358546269 -21.6546771880069 23.1608740580155 0.0198865680807141 -0.0340809391364978 -0.0642716249247459 0.997152030648827
1695209238000850 -38.1437398418604 -21.8565080353875 23.3628036724561 0.0230590420456051 -0.0295452310108586 -0.064530500340175 0.997211699906445
1695209238000930 -38.4173010928014 -22.0639557510816 23.5688141414949 0.0267689909771251 -0.0246934126909974 -0.0651111631306344 0.997213213373908
1695209239000010 -38.7095792660764 -22.2885526878673 23.7898572889696 0.0299407194823158 -0.0201353031068168 -0.0652973813638857 0.997213304600724
1695209239000090 -38.9458481481905 -22.4827982984328 23.9794768336078 0.0317677925244154 -0.0166523838384125 -0.0644301117341812 0.997277426884087
1695209239000170 -39.2161459268126 -22.7076047625735 24.1953425456651 0.0350775903830168 -0.0121691146994406 -0.0644985951826613 0.997226858101915
1695209239000250 -39.5478348271243 -22.9705990660439 24.4585719461661 0.0385252286483061 -0.00775448335455488 -0.065146950990625 0.997101574325367
1695209239000330 -39.8432872209693 -23.2090687920208 24.6968021606479 0.0416074976685031 -0.00324349919105409 -0.0649446621985155 0.997015790598466
1695209239000410 -40.1834530211037 -23.4786863791057 24.96859047797 0.0448420005624528 0.0010368187820989 -0.0651592951568338 0.996866283032501
1695209239000490 -40.5848058135415 -23.7892948192793 25.2803364535272 0.0479076024565693 0.00571454792219407 -0.0651847452437225 0.99670615256274
1695209239000570 -40.8816553178252 -24.0457897899471 25.5319625495547 0.049993523613568 0.00913831450240211 -0.0646966055360312 0.996609997961525
1695209239000650 -41.2136939222912 -24.336196307289 25.8124866867867 0.0517445132548703 0.0124301567272268 -0.0639488003498874 0.996533264615669
1695209239000730 -41.5619969938849 -24.641944118543 26.1072932609471 0.0533196742619354 0.0160380754806054 -0.0628829617808595 0.99646652005431
1695209239000810 -41.9149195972193 -24.9592323656393 26.4098712100193 0.0564372717723919 0.0208114983820595 -0.0628114414168549 0.996211041254372
1695209239000890 -42.3127985389509 -25.3023675617019 26.737490217147 0.0598138909999984 0.0252732182713464 -0.0635022878671089 0.995866970190945
1695209239000970 -42.7061483830615 -25.6551448824284 27.0671118426716 0.0636122522510744 0.0302440842617673 -0.0640943309442643 0.995455018306463
1695209240000050 -43.1396051152498 -26.0416243931437 27.4239394715855 0.0672764953746965 0.035582649729208 -0.0642796594945695 0.995025564286471
1695209240000170 -43.8082839434494 -26.6226184625315 27.9597881639353 0.0745159397493241 0.0449121870813844 -0.0651452967396894 0.994075631170757
1695209240000290 -44.553473100356 -27.2462864704833 28.5422537987183 0.0813260205314133 0.0543195873817783 -0.0656696118600811 0.993037241441298
1695209240000370 -45.0483200324196 -27.6665772660595 28.9252757671177 0.0864609797681669 0.0612399384462988 -0.0659288477173188 0.992183227007637
1695209240000490 -45.8321420922207 -28.3078017567795 29.5179725220921 0.0953558889366601 0.0735198818695607 -0.0650312294933657 0.990592257493247
1695209240000610 -46.70322988352 -29.0193357637218 30.1649895494251 0.10431580018927 0.0844564826044691 -0.0648173426976244 0.988829625599159
1695209240000690 -47.280341160922 -29.481287529934 30.5910646801613 0.111864003591751 0.0936551419476507 -0.0643891776532196 0.987202711143123
1695209240000770 -47.8460846726291 -29.9456269928527 31.0120960879245 0.121183318693861 0.105144071963043 -0.0639734743622747 0.984970416804176
1695209240000850 -48.4660136844447 -30.429481997421 31.4515855401018 0.129618261767718 0.114712453998317 -0.0625934963045083 0.982915160801977
1695209240000930 -48.8656116266871 -30.7740379656614 31.7473648496648 0.138996301637174 0.125883784348429 -0.0608653869089117 0.980371718097648
1695209241000010 -49.5727355333161 -31.3088936052511 32.2419396340782 0.148690477065725 0.137853004365154 -0.0583173080215201 0.977490042303548
1695209241000050 -49.8406760710261 -31.5256687779072 32.4385357261773 0.153963553550084 0.144268693574262 -0.0564792286121508 0.975854428164356
1695209241000290 -49.7602414930323 -31.5225644818634 32.4502177734314 0.15507502694878 0.14941573335866 -0.0470276309612504 0.97540508332072
1695209241000450 -49.6896516096529 -31.5503357872685 32.4606729370239 0.15460714490769 0.151254622899757 -0.0407671583928146 0.975477682262142
1695209241000650 -49.6452906173219 -31.6424007622865 32.5422139983177 0.157941476930217 0.157251590804459 -0.0369440318434731 0.974146583202814
1695209241000770 -49.5623800014235 -31.6839253254136 32.5551544498082 0.158892549662449 0.160554054322149 -0.0356688837454247 0.973500531091197
1695209241000890 -49.5111819142003 -31.778746996584 32.616095981805 0.159594241775062 0.163374919776385 -0.0344901912302405 0.972958755697899
1695209242000050 -49.4495710849778 -31.9236462703285 32.6943932574073 0.162180686858525 0.167912227805429 -0.0339018253646216 0.971778562636808
1695209242000250 -49.4251844134225 -32.1666534745297 32.8397687345822 0.165914097698783 0.173685063330587 -0.0347029999158624 0.97010397007614
1695209242000610 -49.6198485583471 -32.9213096553988 33.3574438371879 0.1725286215344 0.183728490334665 -0.0378837759216944 0.966975974940794
1695209242000850 -49.7503156770754 -33.4501264722693 33.7368452052232 0.175632753179025 0.187812546918213 -0.0400686501563585 0.965543415132379
1695209243000210 -50.3368324153142 -34.5120179949807 34.5718151903866 0.178955500461661 0.193439743455848 -0.0419680899109851 0.963739941029464
1695209243000370 -50.5320860006615 -34.8723851033461 34.857425633576 0.179878632841174 0.19527939843819 -0.0419843238633299 0.963196216013408
1695209244000050 -51.6494187471123 -36.8673766239834 36.4451890802571 0.184494998654493 0.201776877246306 -0.0453559365046029 0.960828042005435
1695209244000410 -52.2923509341046 -38.0048964346777 37.3381708494319 0.185996128593627 0.20389028043667 -0.0471715492807891 0.960004707608296
1695209244000850 -53.1679251019893 -39.4858794083691 38.496455519674 0.186633000027704 0.205648916719621 -0.048500717178683 0.959439589961691
1695209245000250 -53.8788447683466 -40.7089775832436 39.4716631951203 0.18891199688752 0.208541891561603 -0.0507561435437733 0.958251715776414
1695209245000690 -54.6396528632471 -42.0687096265421 40.5293896769412 0.192365036978873 0.213201504930603 -0.0527251876270625 0.95643131767688
1695209245000970 -54.9922696157088 -42.6893907799068 41.0432225255769 0.193929604220597 0.216205967347095 -0.0529870338180808 0.955425906356694
1695209247000290 -55.0739494321094 -43.4094418599928 41.3299261848898 0.19386805537011 0.229960279286443 -0.0411400789940326 0.952806874953092
1695209247000330 -55.0486090974116 -43.210247340188 41.2432330307329 0.19362787011516 0.23113015839786 -0.0395885151437948 0.952638361217076
1695209247000490 -54.97049477144 -42.8903807245686 41.0218822154727 0.19246296995436 0.234425301610166 -0.0347481101495136 0.952258028058765
1695209247000570 -54.8999825754662 -42.5391231755617 40.7956225463713 0.192037829224365 0.236734699447796 -0.0319968060545666 0.951868876803135
1695209247000770 -54.7229415516409 -42.0139373413648 40.3881669188723 0.191045074800545 0.240524953716115 -0.0269363701701907 0.95127491189265
1695209248000330 -54.3001757409309 -40.9656248982646 39.4899881945362 0.184891231908389 0.245600203340504 -0.013676909635261 0.951477122491829
1695209248000690 -54.0242424218846 -40.2574875242031 38.862819774316 0.181873913815351 0.248708868837989 -0.00623772417095028 0.951329001361769
1695209249000370 -53.5867967480087 -39.125897041336 37.7715348856619 0.173735753341273 0.25246556958082 0.00783226231892219 0.951848559306647
1695209249000730 -53.3714076348169 -38.6128033302643 37.2170950246446 0.168811398191049 0.253620367769876 0.0147409568276393 0.952345591203562
1695209250000050 -53.202621145063 -38.1910990314296 36.72321277674 0.163206609384544 0.253814392877147 0.0213742465967114 0.953144793934284
