1702924560000420 2.14834572293814e-05 1.94262251779691e-05 -2.26450197353721e-05 -1.47608764993501e-05 -6.86186232325049e-06 8.77192152731698e-06 0.999999999829042
1702924560000740 -0.080517441001443 -0.0735322025542369 0.0781129716466131 8.1080844067344e-05 0.000259455841499651 0.000730618395002018 0.999999696152616
1702924560000940 -0.139483357846991 -0.126016393807139 0.134249262991718 -0.000505669293630478 -0.000248144374173212 0.00178529256588804 0.999998247725159
1702924561000060 -0.177115470882541 -0.159448296042299 0.169871609011764 -0.000551122879048213 -0.000252630842070708 0.00193030604614879 0.999997953177804
1702924561000220 -0.230750563096523 -0.20698673394875 0.220112077056794 0.000233780378204259 0.000463885421664619 0.00117409135003321 0.999999175832936
1702924561000340 -0.274334226178888 -0.245203855756859 0.260790158189485 0.000428697304303449 0.000536062977878848 0.00101146956854333 0.999999252891929
1702924561000460 -0.321660756401119 -0.286061031862975 0.305150020072679 0.000350860100613096 0.000498671713890321 0.00101432369272453 0.999999299685334
1702924561000580 -0.371375825527342 -0.328840629223879 0.351097344911534 0.000391587411795853 0.00061307733195024 0.000667288844779993 0.999999512760422
1702924561000740 -0.4401926738984 -0.388317314164808 0.415004974598497 -5.03179458149786e-05 -4.12140825660691e-05 0.001244799511962 0.999999223121538
1702924561000860 -0.496706879543115 -0.436251424870395 0.46757411941735 -0.00144789449322361 -0.00134084711457163 0.00274990920354415 0.999994271848556
1702924562000020 -0.570869251401059 -0.500689282467114 0.536157941701893 -0.00153579880005039 -0.0015429779783208 0.0026491757725938 0.999994121187085
1702924562000180 -0.642493310694451 -0.564776433546985 0.602947803430869 4.41427556052745e-05 -0.000327124176838852 0.000958368531372562 0.999999486285342
1702924562000340 -0.72024986179629 -0.633078296909667 0.675474641175801 0.000634065455403171 0.000143870784422718 0.000275645764195997 0.999999750640773
1702924562000460 -0.782728310154879 -0.685987184761948 0.732996730570571 -0.000401055507876289 -0.000901635471260357 0.00147596830540039 0.999998423861517
1702924562000580 -0.846499359705801 -0.74212612702188 0.793057424096603 -0.00125073492398888 -0.00158486400344284 0.00232630056779664 0.999995256085702
1702924562000700 -0.912263132405578 -0.799224561104967 0.854061180846766 -0.00110891223099772 -0.00152988954464243 0.00208534201076895 0.999996040542333
1702924562000820 -0.980557510882384 -0.859258727616415 0.918087961729869 -0.000963789612206425 -0.00125157724483001 0.00176440767236172 0.999997195760843
1702924562000940 -1.04915290056581 -0.920058878583478 0.982768686379102 -0.000721022045461554 -0.000945027861582816 0.0014658396472874 0.999998219180254
1702924563000060 -1.11847676239859 -0.981087038754219 1.0474129614447 -0.000294683248274777 -0.000592268336783308 0.00120336055279663 0.999999057151246
1702924563000220 -1.21900656189097 -1.06908150706493 1.14156925660937 -0.000590582666635008 -0.000909501545808509 0.00170647802417938 0.999997955973813
1702924563000340 -1.29785896095639 -1.13928388935464 1.21710227741892 -0.00168047120352583 -0.00214225864744727 0.00322967621913378 0.999991077928169
1702924563000500 -1.40972449036943 -1.23601333813169 1.32087053582614 -0.0017986381600661 -0.00193899547374402 0.00289520456913899 0.999992311464356
1702924563000620 -1.4913071196014 -1.30893360700793 1.39870635315588 -0.000336818911180496 -0.000509635508485507 0.000768888018682805 0.999999517817826
1702924563000740 -1.57652338948213 -1.38205042361177 1.47689419549611 -0.000175321380685477 -0.000389158792816773 0.000507170299244356 0.999999780298043
1702924563000820 -1.63392804779961 -1.4321680818267 1.53107626488553 -0.000430778972119553 -0.000707719341388779 0.000664207810879274 0.999999436195239
1702924563000900 -1.69187933717157 -1.48209462261523 1.58480848419608 -0.00105263173937248 -0.00138115106728262 0.00133761869101036 0.999997597579308
1702924563000980 -1.74843507442994 -1.5314474298115 1.63700628242662 -0.00093731239879284 -0.00146730477178922 0.0013325870225117 0.999997596334112
1702924564000100 -1.83142543119541 -1.60298176446299 1.71251013386553 3.66957437662189e-05 -0.000915478276527204 0.000394682183412231 0.999999502389337
1702924564000180 -1.8890036123755 -1.65317187087109 1.765568874092 0.000620312037861896 -0.000496606740684404 -0.000266235415102055 0.999999648856651
1702924564000300 -1.97821487279036 -1.73098379706691 1.84834228551919 0.000704192832934268 -0.000518518162445767 -0.000385660004587102 0.999999543258761
1702924564000380 -2.04034581932071 -1.78430148102398 1.90580850674417 -5.53368907926167e-05 -0.00129151784391504 0.000365977644190042 0.999999097489518
1702924564000460 -2.10325419506791 -1.8382052649816 1.96365253631232 -0.000684842583136266 -0.00190206445201709 0.000869662432953152 0.999997578411423
1702924564000540 -2.16350756947556 -1.8903845895315 2.01890545224055 -0.000825299366660382 -0.00220080225527262 0.00114028911442588 0.99999658753974
1702924564000660 -2.25299142060611 -1.96720170163385 2.10021730494189 0.000112751345050402 -0.00173000263488187 0.000305789093595173 0.999998450434323
1702924564000780 -2.34507930503634 -2.04563802123977 2.18334970947584 0.00123027844813939 -0.00101429688679471 -0.000845372807446158 0.999998371479465
1702924564000900 -2.43902384706635 -2.12644884827737 2.2689262389154 0.00240465892464508 -0.000289201814168477 -0.00221855302700137 0.999994605985569
1702924564000980 -2.50575975980303 -2.18333895944492 2.32997571596779 0.00239361022953197 -0.000374541127008339 -0.00259622978263989 0.999993694950088
1702924565000060 -2.57320261312603 -2.24072460489105 2.3915440199859 0.0023868138982691 -0.00039817892311664 -0.00296825918161528 0.999992666978309
1702924565000180 -2.6781127874792 -2.32823458700067 2.4858411852143 0.00168148554541728 -0.00113998595245905 -0.0026318286253147 0.999994473242965
1702924565000300 -2.77914965199029 -2.41481959337461 2.57896799582402 0.00229303046064489 -0.000743072095077983 -0.00350056622936063 0.999990967904832
1702924565000380 -2.8488445503219 -2.47384928676163 2.64243296381773 0.00217145621284005 -0.000841222445075239 -0.00369650066100377 0.999990456457249
1702924565000460 -2.92185928067692 -2.53499635304592 2.70894140704533 0.00102736092456088 -0.00181850117761764 -0.00289754204343833 0.999993620896206
1702924565000540 -2.99548223056233 -2.5969125478917 2.77624094303679 -7.12511866710564e-05 -0.00281979028230762 -0.00210793369255048 0.999993800141571
1702924565000620 -3.06950428467596 -2.65909683382006 2.8431705061263 -0.00119300259158969 -0.00396433930897046 -0.000985797662976775 0.999990944439812
1702924565000700 -3.14214686286704 -2.72125570774745 2.90950763819328 -0.00181019214920872 -0.00452981581831343 -0.000519451848793158 0.999987966999009
1702924565000780 -3.21208734427157 -2.78202843373648 2.97429488900403 -0.00151796330651826 -0.00425989165423524 -0.00111942833283206 0.999989147936467
1702924565000860 -3.28267851047729 -2.84101759808114 3.03649309747786 -0.000879281120499953 -0.00376692060514216 -0.0017854668494504 0.999990924599816
1702924565000980 -3.37732358138553 -2.92642280779015 3.12613076132864 0.000793492971420754 -0.00230568433075231 -0.00315751930073903 0.999992042098604
1702924566000060 -3.44356087822359 -2.98525313771297 3.18814583880591 0.000866221216132028 -0.00225857024618325 -0.00297053880245481 0.999992662183314
1702924566000140 -3.50882335563395 -3.04263168329376 3.24844401486393 0.00119095593942441 -0.00206803543483328 -0.00294456948187419 0.999992817156182
1702924566000220 -3.57557242076855 -3.10058623312636 3.30953765905599 0.00131862307254561 -0.00203552724495678 -0.00276463192273145 0.999993237313313
1702924566000300 -3.64339731506964 -3.15950189999703 3.37174899765872 0.00125026281694458 -0.00220377206578591 -0.00256371620369178 0.999993503774298
1702924566000380 -3.71227490607606 -3.21974896671683 3.43641474959347 0.000962665713434026 -0.00259428093298989 -0.00201547989619753 0.999994140393809
1702924566000460 -3.78279349458267 -3.28093967458963 3.50230528285677 0.000316841051398691 -0.00324461109998235 -0.00116524534414175 0.999994007138966
1702924566000540 -3.85319070929152 -3.34197816745391 3.56774900030997 -0.000377440640376044 -0.00389924912303254 -0.000227073467839744 0.999992300886602
1702924566000620 -3.92281403060717 -3.40188423165766 3.63144278359865 -0.000583143254729009 -0.00409504235660093 2.63843474725631e-05 0.999991444901359
1702924566000740 -4.02505603677598 -3.49077123018633 3.7264056797835 -0.000561669010412277 -0.0038834674376398 -0.00027678916993065 0.999992263268241
1702924566000860 -4.12522436166549 -3.57748798854406 3.81887433112828 -8.51475261960001e-05 -0.00327429744096653 -0.00116232179399201 0.999993960348868
1702924566000980 -4.22619487702043 -3.66533103484367 3.91215950055935 -2.706482647545e-05 -0.00329288448627057 -0.00134243731180665 0.999993677000669
1702924567000060 -4.28996995015189 -3.72123546447873 3.97180474571768 -0.000170288505185873 -0.00312840896082529 -0.00140915126596514 0.999994099158544
1702924567000140 -4.35650626000706 -3.77869098757603 4.03306725514272 -7.22963502269283e-05 -0.00301506313137393 -0.00164169743089303 0.99999410448117
1702924567000220 -4.42344074669582 -3.83648549105319 4.09498799900602 4.23797376614569e-05 -0.00290466674525415 -0.00182409723034726 0.99999411687487
1702924567000300 -4.49113134938884 -3.89495755189774 4.15788170840588 0.000325174002781791 -0.00254559762291188 -0.00215176159478053 0.9999943920426
1702924567000380 -4.56023455233461 -3.95462442386012 4.22213599156873 0.00018698173189546 -0.00256560299891157 -0.00216040397549365 0.999994357670955
1702924567000460 -4.629935438022 -4.01472137471999 4.28663557083276 -0.000370923156660849 -0.00292439043016802 -0.00183546896949699 0.999993970686967
1702924567000540 -4.70522976566237 -4.07902922568865 4.35618505178954 -0.000867158307777382 -0.00320890496918231 -0.00152225944469051 0.999993316823443
1702924567000660 -4.80542756118791 -4.16659885800349 4.4494406403019 -0.00124865249990714 -0.00346013800994924 -0.000932502251806764 0.999992799349794
1702924567000740 -4.87555023278556 -4.22739043418582 4.51402537754936 -0.000955859256535819 -0.00329100141466944 -0.00116750349418747 0.999993446267705
1702924567000820 -4.94802886491024 -4.28968968154014 4.58071633794359 -0.000632037271825315 -0.00291441935810882 -0.0015199993957354 0.999994398129574
1702924567000900 -5.02321582859005 -4.35546215500061 4.65181860997416 -0.000162053036635638 -0.00236323298686936 -0.00236852508219659 0.99999438946306
1702924567000980 -5.09232826501144 -4.41608241613701 4.71644152351643 0.000296502323765326 -0.00192948689588341 -0.00266483739856688 0.99999454388928
1702924568000060 -5.16072614350267 -4.47701616593166 4.78034330347762 0.00030281661289425 -0.0021499609826236 -0.00209540958062353 0.999995447603919
1702924568000140 -5.22772629163602 -4.53667293639712 4.84228490987563 0.000136989093472642 -0.00261567623472449 -0.000970353077770951 0.999996098935755
1702924568000220 -5.29619282449076 -4.59680823993858 4.90538489045441 0.000278731087169953 -0.0026721435476676 -0.000502532510855003 0.999996264702482
1702924568000340 -5.40579643979227 -4.69296492207782 5.00771474786979 0.000471862729252095 -0.00256935445432993 -0.000581547471825732 0.999996418776483
1702924568000420 -5.4809411023212 -4.7580560123358 5.07739225435826 0.000808082650720908 -0.00226227981240727 -0.000874518992149133 0.999996732149167
1702924568000500 -5.55611998485103 -4.8235805719766 5.14730641900537 0.000373725046087519 -0.00266553937196104 -0.000294366714464762 0.999996334282123
1702924568000580 -5.63145530069923 -4.88977885337404 5.21717180403792 0.000655367345405421 -0.00254535927714044 -0.000324943411013906 0.999996493019637
1702924568000660 -5.70414950649725 -4.95424997115495 5.28466220042584 0.00144639652757245 -0.00199130081926575 -0.000416683314953873 0.999996884511721
1702924568000780 -5.81777482479087 -5.05465328375595 5.39080019413958 0.0019978359930082 -0.00168102952914104 -0.000751009146157521 0.999996309381354
1702924568000860 -5.90429332129794 -5.12808400889164 5.46985102825475 0.00117138876036311 -0.00216115718404108 -0.000454687003435305 0.999996875248981
1702924568000940 -5.99218010940983 -5.20300161744695 5.55117986662764 -7.99094856778192e-05 -0.00293183215265385 2.43479492777187e-05 0.999995698681689
1702924569000020 -6.07441428892615 -5.27400871343041 5.62722608789986 -0.000309715733880091 -0.00292355500262345 -0.000283307287327809 0.999995638310134
1702924569000140 -6.19350961096873 -5.37653156920599 5.73636132703323 0.000585729698419773 -0.0022873655886096 -0.000852911687615461 0.999996848705553
1702924569000220 -6.27478456760018 -5.44641081963402 5.81112085608839 0.000704018448433405 -0.00216196969426347 -0.00105229075577781 0.99999686145969
1702924569000300 -6.35939997090555 -5.51864917679818 5.88931670333024 0.000259910950780351 -0.00234026145766614 -0.00110237927261894 0.999996620185562
1702924569000380 -6.44443606329878 -5.59137458571579 5.96799399755006 -0.0005161244150051 -0.00270371878994512 -0.00106577543888889 0.999995643812015
1702924569000460 -6.52638893072026 -5.66250705664891 6.04423598997161 -0.000730571741523201 -0.00279806982503553 -0.00130837466522708 0.999994962600272
1702924569000540 -6.60634308134846 -5.73225476161124 6.11845638947478 -0.000890678659261666 -0.00299600069068161 -0.00112609063429861 0.999994481280407
1702924569000620 -6.6853443640001 -5.80047964197327 6.19090890912376 -0.000686700284843866 -0.00290339761639349 -0.00116150015503472 0.999994874808061
1702924569000700 -6.76103254955883 -5.86735063139637 6.26135553525732 -0.000328564930040382 -0.0028164903927235 -0.00111549274684872 0.999995357540667
1702924569000780 -6.83503507186529 -5.93192015399477 6.3292949974923 0.00012651027853142 -0.00256605730986583 -0.00122440383888044 0.999995950081935
1702924569000860 -6.90884745228321 -5.99648184414524 6.39738819846199 0.00058580441440216 -0.0021720472556932 -0.00162474996510787 0.999996149608316
1702924569000940 -6.98161314059185 -6.05968966884594 6.46411833911042 0.000832379002163075 -0.00202501357564549 -0.00165341733406608 0.999996236331085
1702924570000020 -7.05967518899451 -6.12689931732487 6.53599288687112 0.000816095716177296 -0.00224077499335142 -0.00131945993605891 0.999996285963447
1702924570000100 -7.13610488178745 -6.19294284290639 6.60668835244122 0.00102624117201654 -0.00215190877403203 -0.00133834102824445 0.999996262473504
1702924570000180 -7.21435195929512 -6.26001924043389 6.67876703633719 0.000763432541654955 -0.00234379284156741 -0.00119231948243807 0.999996251083034
1702924570000260 -7.29217444573788 -6.32720922549373 6.75040890494955 0.000672368096811813 -0.00240665099688612 -0.00116792434425106 0.999996195945188
1702924570000340 -7.36899989077475 -6.39401568453621 6.82099172862925 0.000726400260698442 -0.00243803815732321 -0.00112366033634798 0.999996132842549
1702924570000420 -7.44642355625566 -6.46130492298513 6.89197739536886 0.000461022766280874 -0.00273874727700314 -0.000671678245209733 0.999995917776516
1702924570000500 -7.52442333383696 -6.52961401069759 6.96413167639146 0.000819634675311636 -0.00243411838395032 -0.00114464739149468 0.999996046516706
1702924570000580 -7.603096652612 -6.59788795790641 7.03696097956438 0.000761745928842365 -0.00240176261237142 -0.00132894875637774 0.999995942579117
1702924570000660 -7.68679849385026 -6.66988487704664 7.11396761663337 0.00089444533531901 -0.00227788122817046 -0.00154943666201948 0.999995805226543
1702924570000740 -7.76646585063995 -6.73906398627758 7.18772102169033 0.00127044627104403 -0.00198502278846844 -0.00193297469822174 0.999995354619019
1702924570000820 -7.84550163855158 -6.80725420162264 7.26056560174504 0.00236609892611953 -0.000987234130707653 -0.00306987061858037 0.999992001387525
1702924570000940 -7.96654541671096 -6.91223734042995 7.37243128211872 0.00332606781694357 -0.000147418293830165 -0.00404365583951069 0.999986282099997
1702924571000060 -8.09673702857377 -7.02365315363781 7.4914967743402 0.00163538635441235 -0.00172522034160577 -0.00240724481147591 0.999994277132956
1702924571000180 -8.22524858091576 -7.13422275952104 7.60936756430924 -0.0004982278900636 -0.00355715553708437 -0.000464685959587509 0.999993441218698
1702924571000300 -8.3531567643799 -7.24457804911704 7.72719571769995 -0.000291894252417016 -0.00344656213540278 -0.000570867713783739 0.999993855039743
1702924571000380 -8.43920124379646 -7.31815208096794 7.80561963751595 0.000580366580462694 -0.0027740240039451 -0.00157631922894568 0.999994741577748
1702924571000460 -8.52497622787356 -7.39119669930558 7.88425055670368 0.00159842201611487 -0.0018457154245614 -0.00274581491462823 0.999993249418257
1702924571000540 -8.60918356153866 -7.46396484112678 7.96202791976953 0.00302542861305538 -0.000586240741349194 -0.00415500398790598 0.999986619433161
1702924571000620 -8.69715326773064 -7.53970146310324 8.04319846279406 0.00342577799762583 -0.000251440926940056 -0.0047132742015321 0.999982992789814
1702924571000700 -8.79127529570147 -7.61954014432028 8.12944039860563 0.00208462461240697 -0.00129672423701112 -0.00394326234653188 0.999989211706079
1702924571000780 -8.88876695529705 -7.70176614607172 8.21862127768962 7.4522330041275e-05 -0.00286643617628344 -0.00246828071040224 0.999992842764589
1702924571000860 -8.98379847843417 -7.78239038836332 8.30558368671553 -0.0013550304502296 -0.00391947858710888 -0.00139506863741515 0.999990427635975
1702924571000940 -9.07857372875068 -7.86330378169646 8.39203438964013 -0.00156439815855413 -0.00409676031476837 -0.00132047979598473 0.999989512718225
1702924572000060 -9.20681642346103 -7.9733655910252 8.50842550174546 -0.00019371399369193 -0.00296487760453627 -0.00262342079801328 0.999992144788646
1702924572000180 -9.34048211540153 -8.0870355487109 8.62961386862985 0.00103146744689237 -0.0019563818590768 -0.00359796858395305 0.999991081593729
1702924572000260 -9.43063398621577 -8.1650388592095 8.71482248481243 0.00146211975900066 -0.00161646211921748 -0.00410231852443322 0.999989210061164
1702924572000340 -9.5255942336319 -8.24325822590377 8.79999016380159 0.00194443365803225 -0.00104042146989114 -0.00506464629026967 0.999984742913045
1702924572000420 -9.626144711328 -8.3267964623568 8.89337710046487 0.000320521996630752 -0.00213338039698036 -0.00414820942962352 0.999989069096387
1702924572000500 -9.71774604084262 -8.40493479754866 8.97793973023278 -0.000219734867997741 -0.00245841482294344 -0.00381127019471357 0.999989691013187
1702924572000620 -9.82892137149883 -8.5073881461459 9.08022167317976 -4.53017498135953e-05 -0.00299185308770567 -0.00236185273248313 0.999992734180865
1702924572000740 -9.94498990063342 -8.61140121886705 9.18668869342951 0.0020305858350858 -0.0019180905488446 -0.00288706231273191 0.999991931227955
1702924572000820 -10.027750371232 -8.68364058771085 9.26267618153485 0.00283091451821523 -0.00137098618017035 -0.00322636057974685 0.999989848407119
1702924572000900 -10.1126907792302 -8.75759170492365 9.34143613926251 0.0034813297870501 -0.000932158012513003 -0.00356923279475051 0.999987135918063
1702924572000980 -10.1953467327588 -8.8305518566404 9.41918330487496 0.00480590057067612 1.93990240636002e-05 -0.00434024675685294 0.999979032380916
1702924573000060 -10.2820352842784 -8.9064326173911 9.49813925327054 0.00552854883869107 8.21683398074023e-05 -0.00376544422499991 0.999977624662617
1702924573000140 -10.3658348622604 -8.9792019058573 9.57618051646999 0.0054666374039931 -0.000344175319082702 -0.00306733470320937 0.999980294244172
1702924573000220 -10.4640039889031 -9.06246265097771 9.66649062487862 0.00310102982879173 -0.00194809997843259 -0.00187349871389985 0.99999153922573
1702924573000300 -10.5652141700104 -9.1478002087879 9.75940904079063 0.00139067702931174 -0.0025852670816478 -0.0019057701696167 0.999993875207032
1702924573000380 -10.662621958608 -9.23060679363382 9.84846487522073 0.000841213278177922 -0.0024631501879905 -0.002631176607948 0.999993151057061
1702924573000460 -10.7555497155527 -9.31049398862918 9.93344843262485 0.00166282511623185 -0.0016208578539204 -0.00369654855087363 0.999990471635236
1702924573000540 -10.8457024678399 -9.38940434525611 10.0170871241507 0.00262181479226583 -0.000819846534249406 -0.00456207587623001 0.99998582060075
1702924573000620 -10.9384047993375 -9.46979819796825 10.1027375218897 0.00280908705380928 -0.000609663690467027 -0.00467099776067041 0.999984959446905
1702924573000700 -11.0335776412096 -9.55114777487842 10.1903791886237 0.00213603450803904 -0.00108183845890429 -0.00429101088302312 0.999987927030987
1702924573000780 -11.1294431137944 -9.63261535412148 10.2785939082662 0.00160878565441698 -0.00145104376731468 -0.00405825128410217 0.999989418382624
1702924573000860 -11.2230635462897 -9.71324426712639 10.3651845601268 0.00118541310931351 -0.00170852104769885 -0.00386269499193767 0.9999903776232
1702924573000940 -11.3072519100779 -9.78719478388219 10.4432890777438 0.00169862338093593 -0.00127130802813862 -0.00418886675958694 0.999988975864123
1702924574000020 -11.4056802267456 -9.87243455499748 10.5340870833971 0.00254807099293583 -0.000613877368735171 -0.00455448648040862 0.999986193475535
1702924574000100 -11.4944945339254 -9.95101294939509 10.6162932531345 0.00319487758753133 -0.000198566588154438 -0.00484082400812978 0.999983159733919
1702924574000180 -11.5892338738498 -10.0336782740877 10.7039927643384 0.00251536324022925 -0.000787127309844351 -0.00419495682568192 0.999987727782496
1702924574000260 -11.6768169769904 -10.1095485211722 10.7845268044545 0.00162257604112352 -0.00153659503730825 -0.00343664938134817 0.999991597746557
1702924574000380 -11.8212984342056 -10.2362204966124 10.9186905246646 0.00184927939365258 -0.00151785611855319 -0.00300586676055728 0.999992620494544
1702924574000540 -12.0025856097797 -10.3930005443351 11.085782937155 0.00304402689648687 -0.000546268566489206 -0.00386312045716536 0.99998775582066
1702924574000700 -12.19486610266 -10.5599584698536 11.263520555234 0.00289843137032024 -0.000586279829516557 -0.00371239501426323 0.999988736683974
1702924574000820 -12.3411179713456 -10.6870893766976 11.3985853283128 0.00210249948852627 -0.00149822273624534 -0.00244667056351556 0.999993674293836
1702924574000940 -12.4931080279369 -10.8177702681819 11.5391558977281 0.00137854030791891 -0.00211416569233326 -0.00194150965486102 0.999994930222301
1702924575000020 -12.5937212261089 -10.9044421750856 11.6322405591705 0.00147594230325686 -0.00177586727397748 -0.00232382526505153 0.999994633848542
1702924575000140 -12.7425983004683 -11.0329679072021 11.7688801637142 0.00212808673577267 -0.00102031027713923 -0.00311522483523891 0.999992362764841
1702924575000220 -12.8408804760105 -11.1185854298978 11.8596201504222 0.00211449952175981 -0.00113266850427811 -0.00292990960904303 0.999992830766058
1702924575000300 -12.9427418448407 -11.2075816797696 11.9540267611147 0.00205276145778026 -0.00112497877126654 -0.00297537094682067 0.999992833854768
1702924575000380 -13.0481420172514 -11.2985390766632 12.0511486735471 0.00208641648763188 -0.000910971883437449 -0.00326310937426771 0.999992084525512
1702924575000460 -13.1583959906135 -11.3930190956854 12.1528883602177 0.00209773016902877 -0.000764214999262733 -0.00350600149608172 0.999991361691231
1702924575000540 -13.2614037291746 -11.4805341602562 12.2476440684116 0.00207303263229541 -0.000682083833617447 -0.00371461418831713 0.999990719426326
1702924575000620 -13.3692818679316 -11.5726389495914 12.3472251831767 0.00205087101065273 -0.000566757637311295 -0.00393628772130282 0.999989989126318
1702924575000700 -13.4769028015238 -11.6641534912025 12.4468487945996 0.00205979855559214 -0.00045485893190659 -0.00406515023331223 0.999989512388426
1702924575000820 -13.6363780250805 -11.8018140807447 12.5941338676466 0.0016884703326811 -0.000555561014718722 -0.00409155120598281 0.999990049764808
1702924575000940 -13.7859361172649 -11.9321004851013 12.7323032577057 0.00173710101209031 -0.000371907574737181 -0.00434445218398445 0.999988984889359
1702924576000100 -13.9853486553625 -12.1046103693684 12.9164095211693 0.00253860064606018 1.84671032379509e-05 -0.00421363465739366 0.999987900151147
1702924576000220 -14.1288905075007 -12.2302896042259 13.049298606379 0.0032286061868379 0.000404370943461494 -0.00412605753904358 0.999986194022405
1702924576000300 -14.228143593214 -12.3170866818077 13.1407931764072 0.00353850955840014 0.000582801025186865 -0.00423273046712483 0.999984611524529
1702924576000380 -14.3293594299338 -12.4059683394604 13.235045749524 0.00300511908614064 0.000133018116689694 -0.00376945912469907 0.99998837130407
1702924576000460 -14.4309994351142 -12.4946497373572 13.3295018124699 0.00243401493612939 -0.000297739661644281 -0.00331239624921079 0.999991507440675
1702924576000540 -14.5382838249842 -12.5869457958894 13.4287894456669 0.0017273831298159 -0.000964859064172858 -0.00248390725413499 0.999994957686918
1702924576000620 -14.6338743050485 -12.6689662566791 13.5166706518716 0.00150200410047675 -0.00107979071099825 -0.00232379089477451 0.999995589006062
1702924576000700 -14.7342913420767 -12.7552569483969 13.6092918609115 0.00163961886157181 -0.000825863275622639 -0.00261288083268693 0.999994901213798
1702924576000780 -14.8345489514495 -12.842111180681 13.702094424787 0.00175960056330451 -0.000575451491680228 -0.00293446057452978 0.999993980783172
1702924576000860 -14.9346241220575 -12.9287187054742 13.7947258906344 0.00208736010095186 -0.000209632164657456 -0.00348020639100868 0.999991743538736
1702924576000940 -15.031915015651 -13.0136002032848 13.8850880112937 0.0021214275580836 -0.00012117998561117 -0.00358758962562691 0.999991306992818
1702924577000020 -15.1247902454766 -13.0949324040828 13.9713218679448 0.00236986840759413 6.65665378752751e-05 -0.00361330483864672 0.999990661616782
1702924577000100 -15.2156400848424 -13.1746003603439 14.0555022758791 0.00279036092858955 0.00021258624011229 -0.00347240424478309 0.999990055501423
1702924577000180 -15.3074697233063 -13.2550987286268 14.140932492076 0.00278951333545529 -1.17409105833447e-06 -0.00300129180291339 0.999991605395509
1702924577000260 -15.4019316832498 -13.337827212704 14.2290426654304 0.00248478103431556 -0.00030178086798962 -0.00251646598072525 0.999993701075405
1702924577000340 -15.4968391517747 -13.4204279643932 14.3169907591005 0.00195981027157591 -0.00076917599378302 -0.00199119445023999 0.999995801319511
1702924577000420 -15.5921860448446 -13.5036152113502 14.4054695715659 0.00149550981526777 -0.00112838380632444 -0.00168026421226459 0.999996833451264
1702924577000500 -15.6861704288295 -13.5848824472188 14.4920522579399 0.00141281171325216 -0.00113362961532373 -0.00168104093078363 0.999996946469512
1702924577000580 -15.7784459697229 -13.6648164632566 14.577347420146 0.00178925783141033 -0.000710284875513971 -0.00213297606908929 0.999995872223929
1702924577000660 -15.8727818939399 -13.7466504641867 14.664579115036 0.00205870342906568 -0.000502500528899426 -0.00256102818696901 0.999994475168756
1702924577000740 -15.9664953829845 -13.8271244608914 14.7514036112965 0.00161963216855859 -0.000688228277595678 -0.0022909914309562 0.999995827237164
1702924577000820 -16.0513547695908 -13.9023735476219 14.8300803037851 0.00209209104386954 -0.000507656591755185 -0.00222349171591128 0.999995210750751
1702924577000900 -16.1305197001704 -13.9733935139015 14.9031273370352 0.00337295616374454 0.000164871124682532 -0.00247585430498419 0.999991233026415
1702924577000980 -16.2109570870947 -14.045337953265 14.9774934275074 0.00475287831826023 0.00109217796637015 -0.00324383176947155 0.999982847278109
1702924578000060 -16.2956409496972 -14.1206286053869 15.0563992213583 0.00566358553538125 0.0017956879868955 -0.00394436746151339 0.999974570311098
1702924578000140 -16.3840646568682 -14.1980458607898 15.13873893414 0.00588902498193916 0.00202577033991141 -0.00418496815810199 0.999971850444205
1702924578000220 -16.4742228580857 -14.2761467299695 15.2223036030212 0.00579860247769407 0.00194758120711145 -0.00411314043504589 0.999972832237211
1702924578000300 -16.564915097345 -14.3545225495273 15.3063631730288 0.00557970228607685 0.00176839551377469 -0.00386669673495917 0.999975393875302
1702924578000380 -16.6557113631533 -14.432370083857 15.3902746405107 0.00498936279116738 0.0011541415759118 -0.00324709246239383 0.999981615134349
1702924578000460 -16.7512964787741 -14.5139821403917 15.4786091193065 0.00412018418016307 0.000744918294612106 -0.00326450943643791 0.999985905979277
1702924578000540 -16.8469920230477 -14.5962455915272 15.5677358597103 0.00381573288073239 0.00107561109065677 -0.00407370843770315 0.999983843940955
1702924578000620 -16.9386483587346 -14.6761105988401 15.6530310341481 0.00404804297702724 0.00172374225810625 -0.0051377438892702 0.999977122562517
1702924578000700 -17.0242184930386 -14.7505214432952 15.7319007350405 0.0049267243008589 0.00258646895722989 -0.00634497897585317 0.999964388769816
1702924578000780 -17.1069923431251 -14.8228372556778 15.8082319948652 0.00550312003100265 0.00293151554928355 -0.00677990225638226 0.999957576506075
1702924578000860 -17.1894463402832 -14.8945506207288 15.884864031404 0.00586593975209686 0.00322060987449177 -0.00710070657735138 0.999952398061509
1702924578000940 -17.2746507736211 -14.9673345729723 15.9638175613326 0.00572289119573808 0.00328816477790101 -0.00728726865856841 0.999951664933987
1702924579000020 -17.3603326028114 -15.0394147565096 16.0421936969088 0.00480496211546387 0.00251474454170423 -0.00674161183168396 0.999962568833889
1702924579000100 -17.4398283253551 -15.107541095003 16.1153713109837 0.00385370544777203 0.00153454710399653 -0.00564458009442017 0.999975466116577
1702924579000180 -17.5125887740277 -15.1718738315827 16.183184000821 0.00362742216978009 0.00111050333595727 -0.00498178020608345 0.999980395036183
1702924579000260 -17.5827854250758 -15.2337981678665 16.2479057806689 0.0033773760502478 0.000693652230019632 -0.00441355695680419 0.999984316223304
1702924579000380 -17.6882776106438 -15.3247268835288 16.3444084980812 0.00364067069546168 0.000743025229674578 -0.0047203381803562 0.999981955756132
1702924579000460 -17.7593291365734 -15.3852774723316 16.4099704529785 0.0035221818422341 0.00072555544860674 -0.00480659720043086 0.999981982051534
1702924579000540 -17.8259401523736 -15.441749699682 16.4718078884406 0.00356875496884822 0.000838518817429486 -0.0051263643558838 0.999980140434127
1702924579000620 -17.8842182137125 -15.4925715962738 16.5256088040762 0.00426619754747967 0.00135002176557743 -0.00592323028376597 0.999972445791745
1702924579000740 -17.9808182543504 -15.5766517570417 16.6143669069939 0.00561950409357 0.0024933511042073 -0.00738839835124277 0.999953806905007
1702924579000940 -18.1770046842911 -15.7398150768883 16.7946518819002 0.0026445261964082 0.000563348706325665 -0.00656410510837233 0.999974800504272
1702924580000060 -18.2994450388905 -15.8417340725497 16.9074333494955 -0.000800331815233473 -0.00231782097209585 -0.00388232309701863 0.999989457315575
1702924580000180 -18.414811626327 -15.9387164895822 17.0138117560225 -0.00332288559659356 -0.00452540203557215 -0.00198936275962347 0.999982260644427
1702924580000340 -18.5103881849793 -16.0202675292083 17.1004472958434 -0.00120340353986147 -0.0023342941960601 -0.00473842426286108 0.999985325005338
1702924580000580 -18.6333728552008 -16.1288614480051 17.2115222811731 0.000955279924616588 -0.00109434718713435 -0.00588477492757079 0.999981629465537
1702924580000820 -18.7882667800138 -16.2596437666742 17.3522945253181 0.000308378894252597 -0.00242598331098782 -0.00481723090997966 0.999985406790415
1702924580000980 -18.8906032186699 -16.3466960477402 17.4451818143799 -0.000396681407348123 -0.0034756319316047 -0.00415247097021524 0.999985259697051
1702924581000100 -18.9650645564427 -16.4104729164153 17.5123972231103 -0.000549173892858932 -0.00427910813421277 -0.00351870899369428 0.999984503044237
1702924581000220 -19.0487996512637 -16.4790548106479 17.5871386097685 -0.00157606298274298 -0.00615518143444098 -0.00193240492039695 0.999977947545948
1702924581000340 -19.1223312107304 -16.5401371175085 17.6526506098451 -0.0011413252124143 -0.00640196830958574 -0.00229723360905222 0.999976217165322
1702924581000500 -19.2219114865207 -16.6084080336196 17.7291586391838 0.00130268779084596 -0.00467274126031678 -0.00569055460034719 0.99997204265018
1702924581000620 -19.3204935036603 -16.6761656242741 17.8027934648282 0.0014269185197975 -0.00498051056175189 -0.00703947192267616 0.999961801396999
1702924581000740 -19.4293658287365 -16.7552646937617 17.8870227813598 0.000295318842508019 -0.00667536510851476 -0.00673616198957596 0.999954987191473
1702924581000980 -19.6785627536255 -16.9472682787522 18.0862783794787 -0.0005615462610749 -0.0104207900806112 -0.00763116734703531 0.999916425050021
1702924582000180 -19.9433822521947 -17.1457724122009 18.2983195120652 -0.00129398227378824 -0.0134703002149407 -0.00957404512012234 0.99986259770132
1702924582000340 -20.1166966391596 -17.2716892966337 18.4292653477135 -0.00250868494657785 -0.0163931618261057 -0.0106440995401099 0.999805818091774
1702924582000540 -20.3680667683282 -17.4569398741494 18.6226504296642 -0.00244603605463054 -0.018970318887656 -0.0126954281548729 0.999736450277214
1702924582000740 -20.6343179778121 -17.6500122085569 18.8273772506431 -0.00292372880252252 -0.0219047541452952 -0.0150418662432413 0.999642624049037
1702924582000900 -20.8767243424923 -17.820311908383 19.011751774703 -0.00440799636529968 -0.0251758886808655 -0.0158351198352521 0.999547894388746
1702924583000060 -21.1228297535779 -17.9884848723165 19.1933440304836 -0.0049261718169144 -0.027401087439081 -0.0175550181320691 0.999458220525885
1702924583000220 -21.3845054330259 -18.1728815269847 19.3891181966193 -0.00448457842438065 -0.0294870240091433 -0.0196757542309626 0.999361430447905
1702924583000380 -21.6379307059364 -18.3450092167564 19.5702531490985 -0.00467570264452157 -0.0316588274798304 -0.0223371591213323 0.999238163687602
1702924583000540 -21.9252176491983 -18.5302636226189 19.7717712254414 -0.00496684914966093 -0.0339299777963556 -0.0241572178059503 0.999119870608196
1702924583000700 -22.2265243603228 -18.7347479122128 19.9896650201752 -0.0054260049216899 -0.0366215139500349 -0.0270276668327386 0.998948911812899
1702924583000820 -22.4612293695011 -18.8817598462416 20.1472342760682 -0.00507213329636978 -0.0383493456456524 -0.0291950506529802 0.998824934695637
1702924583000980 -22.7595965197942 -19.0750476841718 20.3507335898393 -0.00671905936691033 -0.0425929332225853 -0.0303175143333721 0.998609805982981
1702924584000180 -23.2202790428469 -19.3604904485471 20.6566400682908 -0.00752855260404451 -0.0463560413816522 -0.0336914176720531 0.998328266001899
1702924584000380 -23.656134290977 -19.6332392886813 20.9420269635121 -0.00780746354333977 -0.0498916664643741 -0.0371096255854421 0.998034438694044
1702924584000620 -24.1763616146945 -19.9397342819758 21.266184639767 -0.00936181892946459 -0.0558472609405358 -0.0390767149557236 0.997630417609668
1702924584000860 -24.7421035474193 -20.2687432819563 21.6157043475576 -0.0103426377878734 -0.0603091731158771 -0.0424333371494128 0.997223768960624
1702924585000140 -25.4280165223204 -20.6717290635903 22.0358504542517 -0.0111903075594989 -0.0650788705423065 -0.0470148480851044 0.996709145982516
1702924585000460 -26.1494680779589 -21.1077807297338 22.4771327198629 -0.0122610049640236 -0.0713161308292885 -0.0516074468764675 0.99604234280863
1702924585000740 -26.8268995017798 -21.4992834690011 22.877761225718 -0.0133084430884627 -0.0764511738616209 -0.0560710169621245 0.995406522188083
1702924586000060 -27.5785316597406 -21.915193849869 23.2960595946229 -0.0144592150295903 -0.0822652664208649 -0.0600017810490233 0.994697513474512
1702924586000340 -28.3177441679625 -22.3304793988021 23.7183040175443 -0.0160619175522721 -0.0875783511706669 -0.064918485682452 0.993910276346647
1702924586000580 -28.9953936770609 -22.6815753504557 24.0797393639958 -0.0164010317352542 -0.0913520947262478 -0.0690290399191924 0.993287869952604
1702924586000820 -29.7622202262131 -23.0559156518468 24.4838788995256 -0.0164741377827902 -0.0945553477093045 -0.0727302618371475 0.992722618870441
1702924587000020 -30.4136180096368 -23.3779305703328 24.8209521962723 -0.0180338574261427 -0.0983751687252297 -0.0764749315198386 0.992042686084451
1702924587000180 -30.9829683431549 -23.6471477256385 25.1075958594131 -0.0186143100630864 -0.101193094183037 -0.0794874513926168 0.991511578460708
1702924587000340 -31.5877219842625 -23.9341192279633 25.4132523465623 -0.0189886589731042 -0.103995414357348 -0.0829764277557958 0.990928502496489
1702924587000460 -32.1085457563192 -24.180521293303 25.6820833598903 -0.0190340626578132 -0.106381133734981 -0.0849160556459793 0.990509980937864
1702924587000580 -32.6247430466032 -24.4131884527048 25.9295010157238 -0.0198304418844159 -0.109097111499135 -0.0880898456293328 0.989921589285846
1702924587000700 -33.2207753072131 -24.6764389331677 26.2222641726295 -0.0204610389183555 -0.111850415041391 -0.0911678040388078 0.989322627886471
1702924587000820 -33.8572252004944 -24.9522009534589 26.530534112754 -0.0211633641127976 -0.114632647150223 -0.0940534893738928 0.98871907504779
1702924587000900 -34.2978232076055 -25.1500458112507 26.7510033952171 -0.0218216139321022 -0.116789666833201 -0.0952284632170894 0.988339785033315
1702924588000020 -34.9143600969292 -25.4169924808528 27.0412244426178 -0.0222410606137273 -0.119683483334483 -0.0991790973299941 0.987595415994074
1702924588000140 -35.5966356560972 -25.705559649896 27.3641523432781 -0.0227183561879568 -0.122625429833439 -0.102967670065558 0.98683561912385
1702924588000260 -36.2938959447829 -26.0067133507126 27.6951752248086 -0.0232580330959744 -0.125574266404331 -0.106618596634203 0.986064218175101
1702924588000340 -36.7636221499494 -26.2017118122728 27.9114714220828 -0.0236134533445782 -0.127522766020431 -0.10909572917813 0.985534611691915
1702924588000460 -37.4024276012651 -26.4333533213954 28.1772519601786 -0.0246415594083361 -0.130629246470599 -0.112087864705865 0.984766522634746
1702924588000580 -38.1904907514603 -26.7755745662638 28.5629111740389 -0.0247757983304295 -0.133086065941754 -0.116242256470382 0.983952232925924
1702924588000660 -38.6533075141278 -26.9659448048993 28.7734154523529 -0.0253291932519553 -0.134717107883499 -0.118321491152489 0.983468229046654
1702924588000780 -39.3104732542718 -27.2373277390841 29.0612951233455 -0.026189469919916 -0.137053636047891 -0.121644652256872 0.982717147041137
1702924588000900 -39.9524284942371 -27.5027848803858 29.3465481498249 -0.0271631031269176 -0.139584409259268 -0.124844001317723 0.981932957922911
1702924589000020 -40.6218137667776 -27.7690748841346 29.6428933317718 -0.0285755411762206 -0.142190881643897 -0.127554239059808 0.981170274581171
1702924589000220 -41.6789283008668 -28.168134172685 30.0966301051346 -0.0304870285386852 -0.145214356815235 -0.132470862047281 0.980017756152443
1702924589000380 -42.4645106615862 -28.4504844605759 30.4230746702653 -0.0315018191712559 -0.146684647758325 -0.136168058507948 0.979259674112589
1702924589000580 -43.4041180231063 -28.6920258889441 30.7372653602913 -0.0323513334280956 -0.146948624952727 -0.14087770423166 0.978525914475618
1702924589000780 -44.5623103034192 -29.0966548262198 31.221320526799 -0.0331578526578642 -0.147767007652502 -0.145803799157364 0.977653681222458
1702924590000140 -45.3369167941102 -29.3388192062115 31.5267452617332 -0.0339450037041245 -0.149110938494134 -0.149732368779344 0.976828481610079
1702924590000700 -46.4179124964208 -29.6365474095114 31.9459257090876 -0.0355841094251536 -0.149932278536434 -0.154379544180924 0.975920611191188
1702924593000100 -47.3748119214475 -29.8936122497573 32.3217093485532 -0.0367961750384514 -0.15307929485066 -0.159304439365819 0.974594719146839
1702924597000140 -47.6348670265903 -29.8659195838621 32.2392874112365 -0.0371249553066499 -0.143776772271762 -0.157102134006774 0.976354903167445
1702924599000580 -48.4885787403852 -30.2668558249469 32.6685927779714 -0.038943914851412 -0.140462299405489 -0.161014481234515 0.976129115831788
1702924602000930 -48.1196757292942 -30.3408218986458 32.7437938382562 -0.0394174507604637 -0.152932757572964 -0.165887737088736 0.973416198201085
1702924604000370 -48.8779257338386 -30.5222969435262 33.0100773381888 -0.0412140756642315 -0.141559770363111 -0.16405766302194 0.975370347399215
1702924605000010 -49.1578774855983 -30.7301433761039 33.2453799457674 -0.0388422060434844 -0.13799477308523 -0.167517679120181 0.975390461719316
1702924605000410 -49.1871399755615 -30.812751897216 33.3414894366985 -0.0377319749888527 -0.128808648005082 -0.16553939961188 0.977026784401882
1702924605000690 -49.1378124524292 -30.8938388297852 33.4207257052115 -0.0375504543745247 -0.119925123800752 -0.163537288893531 0.97850063014747
1702924605000930 -49.1506799057068 -31.0058508923803 33.523663535745 -0.0366983745597858 -0.107883907679649 -0.160935993050753 0.980364165965488
1702924606000170 -49.2556457112225 -31.0263855349288 33.516013439614 -0.0365393992075522 -0.0909829476998012 -0.15539671218886 0.982974484599829
1702924606000370 -49.2788582564872 -31.0395904237333 33.4880127605737 -0.0373813529980449 -0.0775212408121281 -0.149658981842244 0.984984914008802
1702924606000650 -49.2361495523369 -31.0349547197556 33.4299160863947 -0.0371183026947725 -0.0618706666118982 -0.143866751603105 0.98696332758681
1702924606000810 -49.2483517724485 -31.0314980891686 33.3931032116862 -0.0367594018415598 -0.0510761395624363 -0.139952737477256 0.988156468185212
1702924607000010 -49.2114027675549 -31.0069174977674 33.3198611116577 -0.0332406201662382 -0.033447141120375 -0.136321408911136 0.989541723927961
1702924607000170 -49.2215355478022 -30.9952365560972 33.2799917256818 -0.0287165729985198 -0.018031605789769 -0.132863556753854 0.990554135277108
1702924607000370 -49.2641946728566 -30.9981985465753 33.2566414466139 -0.0239609786643107 0.000209722920787154 -0.129658848304621 0.991269090900177
1702924607000570 -49.3359585173524 -31.0194939191646 33.2769121832252 -0.0203601301880524 0.0146565847099085 -0.124332772111265 0.991923389885779
1702924607000730 -49.4188465178707 -31.0437031461844 33.3089736320328 -0.0132947235541261 0.0292446039439061 -0.122445271440679 0.991955220243133
1702924607000930 -49.5714826712951 -31.0948435718478 33.3964140093047 -0.00488489721132881 0.0469162921973442 -0.120128252354145 0.991637132368502
1702924608000130 -49.7394552148878 -31.1686535066106 33.5155388304346 -0.0017536214379206 0.060411015082589 -0.113406573794151 0.9917088197091
1702924608000330 -49.9385401479069 -31.255048368088 33.6581410473986 0.00549773884315117 0.0764001273065792 -0.108911034907255 0.99109594989112
1702924608000490 -50.0844403631607 -31.3212518920931 33.7739754804464 0.0138396662611335 0.0914637188034334 -0.107446761260974 0.989897997409306
1702924608000690 -50.2586487824853 -31.4150038388112 33.9228644615857 0.0182031810486069 0.102192352009198 -0.10311619861905 0.989238301408157
1702924608000890 -50.3807442132901 -31.4863806544477 34.0412773733451 0.023336006350582 0.111919136944863 -0.100604690517948 0.988336093562767
1702924609000050 -50.4935981980172 -31.5523892827409 34.1466618064036 0.0302873987970101 0.121841390839631 -0.100211009900242 0.987013223035613
1702924609000210 -50.5975563036474 -31.6128069676034 34.2438645978539 0.0358029381750413 0.131474882133725 -0.0977624782082185 0.985837209097194
1702924609000410 -50.6964862674017 -31.6853831756862 34.3537390241774 0.0399622905383196 0.139146168203537 -0.0937498384457849 0.985013871476231
1702924609000650 -50.8088623117072 -31.7682186615069 34.483407586221 0.0413586090544246 0.144602536888768 -0.0838492473380292 0.985062878959136
1702924609000850 -50.890763829753 -31.8340287549786 34.5816071899123 0.0401639437617583 0.148687860283629 -0.0756400384420036 0.985168697437282
1702924610000050 -50.9567964357868 -31.8980921045154 34.6746414538378 0.0398940746141151 0.151341631609888 -0.0692960428487881 0.985242219861613
1702924610000210 -51.0051524619663 -31.9433342463544 34.7406152683488 0.0401406940641063 0.153603346476899 -0.0640591661279634 0.985236600957424
1702924610000370 -51.0493371410058 -31.9873264425464 34.8030787294772 0.040170631409761 0.155944468296402 -0.0601085876592962 0.985116541770312
1702924610000530 -51.0736265419501 -32.0189618402539 34.8436902815915 0.0396202732494834 0.158053868559484 -0.0563055360907866 0.985027357582797
1702924610000730 -51.122528348776 -32.0755790153431 34.9164278775151 0.040041062889791 0.161006535066363 -0.0545268571136367 0.984632129681887
1702924610000850 -51.1494721020556 -32.1068752120178 34.9575068854772 0.0418549549227824 0.164550063812645 -0.0548744944035119 0.983951334727295
1702924610000970 -51.1739339044498 -32.137387165852 34.9967477615835 0.0431657943651891 0.167244855848832 -0.0550673867931092 0.983429435852265
1702924611000210 -51.2062241913153 -32.1879402444849 35.0575194630428 0.0439638537450888 0.170569770106342 -0.0536757186462833 0.982899817029973
1702924611000490 -51.2747389143587 -32.2670155914353 35.1613994929252 0.0459348934348772 0.175425319637578 -0.0538246720134055 0.981946458559645
1702924611000730 -51.3279353962739 -32.3347061859904 35.2479524215025 0.046437618231531 0.178373156532632 -0.0528814347797639 0.981442875819679
1702924611000970 -51.3812568422363 -32.4041693574189 35.3360002219406 0.0472624121534073 0.181496373056932 -0.0521598049626744 0.980869352009164
1702924612000170 -51.4244872379876 -32.4605852972773 35.4088488890186 0.0494396329633559 0.185687809111837 -0.0524983526713818 0.979959021187359
1702924612000370 -51.465414278773 -32.5176730087089 35.4821864913618 0.0502449763985003 0.188258267883573 -0.0503780772167974 0.979538828355533
1702924612000570 -51.5098107600789 -32.5797313597746 35.5600765639287 0.0514302241003981 0.191279017448454 -0.0488292721021912 0.978970363044207
1702924612000730 -51.5433327052038 -32.6272828460961 35.6214044943548 0.0532735071454758 0.195265154194281 -0.0488917765679827 0.978081309083213
1702924612000890 -51.575455513946 -32.6754311351114 35.6829724031542 0.0535160904915211 0.197901843099875 -0.0473286545009157 0.977614897093589
1702924613000090 -51.614198056889 -32.7384845763308 35.7609946744545 0.0548579609654405 0.201869134821788 -0.0448525861878191 0.976845792352755
1702924613000250 -51.643132140022 -32.7868014465865 35.8216815813487 0.0578476089051633 0.207153147134966 -0.045458359758139 0.975538192642469
1702924613000370 -51.6643143033726 -32.8250898654616 35.8689725100157 0.0599932326091004 0.211009202757631 -0.0456237491303778 0.974573959178054
1702924613000490 -51.6861994769551 -32.8669592776908 35.9203755523431 0.0615906542102348 0.214450763983226 -0.0451253143888704 0.973745945892599
1702924613000610 -51.7068628111867 -32.9070432555584 35.9697118193478 0.0628844640168201 0.217225973492876 -0.0434172747892005 0.973125562748851
1702924613000730 -51.7280943156618 -32.9471994151096 36.018630776533 0.0633849712332495 0.219629640189934 -0.0418112121289032 0.972623765446903
1702924613000850 -51.7490354420684 -32.9878106722661 36.067526071208 0.0647408542890385 0.223964803945216 -0.042594017532762 0.971511265014526
1702924613000970 -51.7675529910939 -33.0233779996476 36.1105067191723 0.0665951860066567 0.228772842432986 -0.0436181069404966 0.970219319799806
1702924614000130 -51.7883739964221 -33.0660426061969 36.1620562965206 0.0683262283204885 0.234834836448179 -0.0434855639516327 0.968655321485234
1702924614000330 -51.8080889373113 -33.1083414408328 36.213326572934 0.0688688195465653 0.241233564870386 -0.0413313473513795 0.967137618232435
1702924614000530 -51.8298300959249 -33.146625638394 36.2636631553435 0.0701688663440853 0.247941264303044 -0.0402695277240812 0.965391021705026
1702924614000810 -51.8385230962186 -33.1696943048884 36.2923881147844 0.0705102348255068 0.255793928327974 -0.035967348085507 0.963485403567221
1702924614000890 -51.8410185509909 -33.1752204042621 36.2989632335362 0.0706665217417527 0.25826974334931 -0.0346439585796856 0.962861765005306
1702924615000010 -51.8453673598467 -33.1861775526937 36.3118748880421 0.0711396819734046 0.262420627263404 -0.0327388402776932 0.961770621495935
1702924615000170 -51.8528392043255 -33.2029987444619 36.3335430468066 0.071597799788885 0.267747448746339 -0.0300596320057885 0.960354870492618
1702924615000290 -51.8584125940158 -33.2175949986259 36.3513293809896 0.0719029916135713 0.271486762284596 -0.0274339734625416 0.959360346690076
1702924615000370 -51.8638959965054 -33.2320650874773 36.36765498173 0.0716419182972947 0.273588993590894 -0.0254362215124096 0.95883757579883
1702924615000450 -51.8699346505856 -33.2461239292169 36.3840432646636 0.0724086486478133 0.276378553991882 -0.0240095259726451 0.958016401298497
1702924615000530 -51.8746532658409 -33.2615889032521 36.4006527419309 0.0730181600648666 0.27900707503697 -0.0232968721747611 0.957225499099835
1702924615000610 -51.8804878813 -33.278080986664 36.4192136152424 0.0736013195151597 0.281380536300633 -0.0225442954850777 0.956503839144348
1702924615000690 -51.8866748099624 -33.2957474523107 36.4393805779525 0.0738140759457972 0.283016833016433 -0.0210143878325346 0.956039408144685
1702924615000770 -51.8954567778735 -33.3111569616541 36.4579558364338 0.0743611175127251 0.285222557081447 -0.0197455484228251 0.955368321879923
1702924615000850 -51.8998436678035 -33.3337945245239 36.4830820367515 0.0740174074065924 0.2856595687116 -0.0177482135271136 0.95530363504014
1702924615000930 -51.9067518584254 -33.3538871190959 36.5061399441289 0.0742552493889871 0.287008140251688 -0.0166340339246003 0.954900934276871
1702924616000010 -51.9138906296585 -33.3749155830624 36.5303213991708 0.0742765324972252 0.287576686835758 -0.0147525387423353 0.954759136384362
1702924616000090 -51.9217075501565 -33.3960395948541 36.5548009505051 0.074364963521783 0.288106039971661 -0.0128035286817711 0.954620778940804
1702924616000170 -51.928896076166 -33.4202765090702 36.5824954075097 0.0737983979613468 0.287699805120045 -0.0108106147369405 0.954811892050595
1702924616000250 -51.936972174886 -33.4442433079318 36.6101841856281 0.0735800881794499 0.287884830021947 -0.00942194437526764 0.9547876843733
1702924616000330 -51.9453137790582 -33.4691035526074 36.6388724277357 0.073600826384443 0.288391865531723 -0.0087143564866545 0.95463978035785
1702924616000410 -51.9554972737744 -33.4936222642401 36.6676600649226 0.07404274488306 0.289430999757607 -0.00882842017517522 0.954290012159147
1702924616000530 -51.9663390137665 -33.5318642702436 36.7112813475218 0.07441738533478 0.290537983201544 -0.00883757296982592 0.953924331580402
1702924616000610 -51.9756783269179 -33.557844527995 36.7417086118025 0.0743089525345804 0.290950457164804 -0.00825422266758242 0.953812287012994
1702924616000690 -51.9845983192474 -33.5840122725057 36.7722645721988 0.0741338985821098 0.291112551786906 -0.00787346650957086 0.953779668371189
1702924616000890 -52.007405884589 -33.6497837983476 36.8487133744015 0.0736346493241424 0.29060237676591 -0.00602342854365487 0.953987376931946
1702924616000970 -52.0164039148933 -33.675720561087 36.8788712888431 0.0736817207131494 0.290564143481102 -0.00560642497641506 0.953997930057936
1702924617000090 -52.0298202169221 -33.7150631167888 36.9243844691073 0.0740521215707179 0.291284078519876 -0.00600234873503291 0.953747262486958
1702924617000210 -52.0446282915086 -33.7556789043166 36.971515019318 0.073845388625534 0.291427947314586 -0.00518041643855872 0.953724160010783
1702924617000330 -52.0568242734765 -33.7942595815292 37.0165314542768 0.0733838025370881 0.29073248236586 -0.0042360484401609 0.953976675352283
1702924617000450 -52.0696499286352 -33.8332670488972 37.0615455703656 0.0735132230900688 0.291010165489105 -0.0040011019776733 0.953883054045871
1702924617000570 -52.083247418597 -33.8742102531018 37.109174191195 0.0737091127438168 0.291868353369675 -0.0046244126572833 0.953602876362781
1702924617000810 -52.109389932413 -33.9529646016786 37.2004173836363 0.0738915713688899 0.292541010825372 -0.00432238476267184 0.953384030522784
1702924617000890 -52.1176420238466 -33.9781379618128 37.2290646070427 0.0743358175271383 0.293214862702521 -0.00405285665763734 0.953143643359083
1702924618000010 -52.1307522603169 -34.0178665044776 37.2750877298361 0.0742178440141902 0.293117156121406 -0.00359908775766132 0.953184709793698
1702924618000090 -52.1404002467012 -34.0452762279978 37.3069245916558 0.0743017317629432 0.293431894900597 -0.00342933148678153 0.953081956285831
1702924618000250 -52.1566316547288 -34.0966424798908 37.3658343412985 0.0747561569351209 0.293871750558119 -0.00364289486101514 0.952910090481379
1702924618000370 -52.1690912254185 -34.1351414427222 37.4099619348761 0.0752717848065956 0.294452350598776 -0.00389789027973425 0.952689234792885
1702924618000490 -52.1834197016486 -34.1748111501287 37.4562189493563 0.0751812345558561 0.294363824040576 -0.00315145410263786 0.952726502939802
1702924618000610 -52.1953711054994 -34.2155027241287 37.502550066354 0.0752775097981649 0.294510951586517 -0.00307146241726859 0.952673691267273
1702924618000730 -52.2087393851191 -34.2560397261378 37.5494144448223 0.0752830196754598 0.294654042624416 -0.00300366924794022 0.952629224874338
1702924618000970 -52.2351635336705 -34.3360903805882 37.6419982035894 0.0754376335354386 0.295009102610433 -0.003194581927947 0.952506476340117
1702924619000090 -52.2484534896931 -34.3753742839751 37.6877629979471 0.075920029038589 0.295812877207853 -0.00430221584333514 0.952214462086997
1702924619000210 -52.261698411131 -34.414583432082 37.7331900836079 0.0758992720953054 0.295843245719081 -0.00437565734613932 0.952206347427169
1702924619000330 -52.2757363538694 -34.4548560497085 37.7802054653824 0.0748506277823429 0.294520614948952 -0.00262811036612719 0.952705664896868
1702924619000610 -52.3055027659552 -34.541829378315 37.8815356640524 0.0745659968157152 0.294376644119131 -0.00280393256366242 0.952771977693622
1702924619000730 -52.3177897353408 -34.5781227209931 37.9237148718964 0.0744285742875926 0.294256858232731 -0.00267499621816407 0.952820094827849
1702924619000890 -52.3338520824674 -34.6257149067609 37.9789221250699 0.0743538549072143 0.294076840704222 -0.00264015374170413 0.952881601044999
