1688725888000730 0.000104429299825603 7.40032420746818e-05 -8.01746370112661e-05 -3.49919268227455e-05 -4.29515116803819e-05 2.87990183790621e-05 0.999999998050675
1688725889000010 -0.159196301398937 -0.140990457637444 0.149531652303952 0.000160540846459448 1.20473292161355e-05 -0.000217403758702798 0.999999963408551
1688725889000090 -0.221004621208106 -0.194845396407887 0.207129286768228 4.28124391099344e-05 0.000238727867868871 -0.000629341589811868 0.999999772552606
1688725889000170 -0.280792882562964 -0.247226101278425 0.262859527092283 9.34623414915429e-05 0.000419197456574089 -0.000996215784790717 0.999999411546024
1688725889000250 -0.339069780829343 -0.298641011278441 0.3172367384663 0.000568107080435231 0.000811060196278634 -0.00119307832135294 0.999998797999189
1688725889000330 -0.39718856898711 -0.350002648030168 0.371507731245601 0.000895523980099006 0.000959359851459178 -0.00094334008721655 0.999998693886625
1688725889000370 -0.426805387575379 -0.375998319045256 0.399161095085818 0.000905668502753425 0.000926877528064971 -0.000768343391125222 0.999998865154878
1688725889000410 -0.456351143194311 -0.401933979228569 0.426786376681014 0.000749410437207173 0.000760915514011125 -0.000505316870132946 0.999999302022975
1688725889000450 -0.486089144503543 -0.428005111542745 0.454543052559337 0.000713519027711652 0.000638800506173633 -0.000125543985632018 0.9999995335315
1688725889000490 -0.515977551252739 -0.45420559095248 0.482468461471267 0.000499405015018537 0.000439520363103236 0.000167949438348413 0.999999764604706
1688725889000530 -0.545802411311009 -0.480611217653562 0.510502472470768 0.000492880027966726 0.000370307763488933 0.000257357200007329 0.99999977685433
1688725889000570 -0.57538813087112 -0.506540321934552 0.538034940984086 0.000660833449390809 0.000529125618364862 0.000267885634681859 0.999999605781182
1688725889000610 -0.604858585156971 -0.532744498908261 0.565708859287772 0.000922122747620888 0.000709871218118816 0.000118682389312044 0.999999315843257
1688725889000650 -0.635376495320077 -0.559742415455919 0.594191827557679 0.00145970958530844 0.00125654951421243 -0.000474702031085372 0.999998032492678
1688725889000690 -0.664988309899015 -0.585849725198821 0.621857347874631 0.00171214946866148 0.00156629548337048 -0.000867484834288149 0.999996931361651
1688725889000730 -0.695226418057228 -0.612541017919778 0.65013257240301 0.00202596912097558 0.00191989223590415 -0.00125862095318824 0.999995312657124
1688725889000770 -0.726287602993003 -0.639700188332018 0.679146795132732 0.00200863490497376 0.00204372210541183 -0.00151754426031976 0.999994742808777
1688725889000810 -0.757936218870024 -0.667458322547141 0.708840958653342 0.00221013227965546 0.00224793883835102 -0.00186181290967807 0.999993297847028
1688725889000850 -0.788920249030383 -0.69447939713596 0.737785791913277 0.00224490728940632 0.00245489544639223 -0.00221470913999445 0.999992014439633
1688725889000890 -0.820617054406702 -0.721992286218169 0.76739129458164 0.00226184797654568 0.00251477452961923 -0.00233103724929133 0.999991563073478
1688725889000970 -0.884550662457153 -0.777226619823464 0.827381287820547 0.000482550761186765 0.000983123416925277 -0.00074566765880702 0.999999122296041
1688725890000010 -0.91687832642895 -0.805103957101902 0.857715015930718 -0.000436306378600514 0.000187636582436032 0.000128057129342037 0.999999879015307
1688725890000050 -0.948633046315418 -0.83252746753933 0.8874122750173 -0.00144134949683093 -0.000693740033906832 0.0011284137152327 0.999998083957605
1688725890000090 -0.979841137442703 -0.859546728104876 0.916644198644701 -0.00244375654939615 -0.00161320273071379 0.00217041448696748 0.999993357443854
1688725890000130 -1.01051465662024 -0.886185412260959 0.945252396242144 -0.00315204733326218 -0.00216842327761881 0.00276540529076643 0.99998885747376
1688725890000170 -1.04031004694749 -0.912322863493472 0.972991173532265 -0.0031842091496718 -0.00221587851523649 0.00271233235937218 0.99998879691108
1688725890000210 -1.07028318457497 -0.938731889880177 1.0008190422001 -0.00270214977192997 -0.00180814070277891 0.00214659250012364 0.999992410548424
1688725890000250 -1.09996425165583 -0.965066694816086 1.02840477660342 -0.0017965301178858 -0.00115931835911823 0.00133036829026068 0.999996829285318
1688725890000290 -1.12919981695432 -0.991347093212025 1.05562775481991 -0.000775042320653677 -0.00030017555428135 0.000375129067111363 0.999999584241024
1688725890000330 -1.15826072006039 -1.01744108146735 1.08258432637804 0.000664149356659172 0.000886362218371278 -0.000750288274798482 0.999999105167177
1688725890000370 -1.18727896170968 -1.04357957099412 1.10957481086255 0.00187323725300727 0.0018067845093557 -0.00154171686172427 0.999995424800058
1688725890000450 -1.24699073145639 -1.09685508992489 1.16531672466743 0.00350556865290038 0.00302018520783722 -0.00208184589789135 0.999987127610845
1688725890000490 -1.27777539201353 -1.12415227067703 1.19423200558365 0.00337170378905702 0.00281177722614237 -0.00155772755797323 0.999989149444755
1688725890000530 -1.30889691531319 -1.15135465095434 1.22348601000044 0.00277430523385119 0.00221414527674836 -0.000567175492926502 0.999993539530693
1688725890000570 -1.34070941104627 -1.17915488210838 1.25357175232656 0.00156112432877794 0.000905266906554512 0.0011276591343541 0.999997735881204
1688725890000610 -1.37352568732564 -1.20761522692987 1.28444865083173 0.000434744121931125 -0.000104213376381387 0.00257152823479458 0.999996593684028
1688725890000690 -1.43636602183841 -1.26262108598741 1.34378404165905 -0.00120520166236125 -0.00154659396914212 0.00444473212340022 0.999988199876578
1688725890000730 -1.4680870370671 -1.29062340131382 1.37369784123498 -0.0016146388792457 -0.00170357238828336 0.0044904680622657 0.999987163157102
1688725890000770 -1.4996896317476 -1.31848447803935 1.40331390121204 -0.00164429899812021 -0.00153853308705688 0.00413551495158705 0.999988913294957
1688725890000810 -1.53130578413358 -1.3465798615484 1.43297576402131 -0.00112823271268289 -0.000922701829953415 0.00324267894821923 0.99999368035279
1688725890000850 -1.56313772748246 -1.37485090169169 1.46266539412234 -0.000490098673054746 -0.000111064042133001 0.00214040532030846 0.999997583063646
1688725890000890 -1.59568207152157 -1.40357939556742 1.49303741226122 0.000169185192271794 0.000758348524561469 0.00101053701384045 0.999999187549085
1688725890000970 -1.65836724568475 -1.45892235493079 1.55154814456148 0.00136309069439282 0.00219266715590085 -0.000787749902080436 0.999996356815661
1688725891000010 -1.69062761311703 -1.48738864123382 1.5817850506461 0.00163958480308228 0.00255962468420663 -0.00134935870904164 0.999994469641819
1688725891000050 -1.72226847747076 -1.51500217458284 1.61129224856901 0.00162229310586095 0.00263005806274341 -0.00143880682934426 0.999994190380411
1688725891000090 -1.75499696983353 -1.54333948138447 1.64204648435616 0.000918875830304948 0.00196005521670721 -0.000698598361398157 0.999997412902196
1688725891000130 -1.78744240860869 -1.57149407345416 1.67260403278315 0.000307706051178355 0.00142658618106711 -0.000126670287480912 0.999998927061171
1688725891000210 -1.85143098277626 -1.6273221621091 1.73262395144423 -0.000710603000940474 0.000469944400669692 0.00104794693660745 0.999999088001011
1688725891000290 -1.91533933184695 -1.68344357154377 1.7927079266794 -0.0015094592648038 -0.000355149407644321 0.00210274006613484 0.999996586937096
1688725891000330 -1.94599664633228 -1.71061677916282 1.8214339336179 -0.000914867515826213 0.000249692879565357 0.00133710791467156 0.999998656405757
1688725891000370 -1.97777745314318 -1.73863880505624 1.85106438151191 -0.000641566659053714 0.000599299116804963 0.000734824932476546 0.99999934463234
1688725891000410 -2.0084852842455 -1.76592376520862 1.87999771274125 -0.00026636278295657 0.000979874001713926 0.000397036872820734 0.999999405629588
1688725891000490 -2.06866080078082 -1.81966035993607 1.93624982770897 0.0004800610007152 0.00148669054920166 0.000136767277218 0.999998770292923
1688725891000530 -2.09701362850875 -1.84538800987043 1.96286779565888 0.00134741388682582 0.00202314891019402 -0.000143469505667483 0.999997035376008
1688725891000610 -2.15798677995461 -1.89973704958149 2.01990667953822 0.00160910760376814 0.00172807874732364 0.000520797199727398 0.999997076639147
1688725891000690 -2.21877090262013 -1.95347134046751 2.07684769065092 0.00158273491926511 0.00137321059443872 0.00112945659182134 0.999997166781309
1688725891000730 -2.25006976550358 -1.98075070243066 2.10595650608349 0.00137264116054721 0.00102267224668018 0.00174927864399336 0.999997005006488
1688725891000770 -2.28153494063454 -2.00855434017306 2.13542258237061 0.00117438818820959 0.00073884475599131 0.00208101315192644 0.999996872147644
1688725891000810 -2.3129069181386 -2.0362587598311 2.16472152559798 0.00119164990121539 0.000759336455886951 0.00211632010635412 0.999996762278692
1688725891000850 -2.34335600634422 -2.06365773318985 2.19335320489629 0.00202461807397395 0.00139478044429778 0.00154296004596109 0.999995787382859
1688725891000890 -2.37468339366308 -2.09131253203332 2.22258977184859 0.00213886702007879 0.0014632701602926 0.00151044089752292 0.999995501318183
1688725891000930 -2.40627054663558 -2.11916231911785 2.25214126850337 0.00243517908062981 0.00172516723054358 0.00112857706428017 0.999994909994387
1688725891000970 -2.43807012999947 -2.14706827437693 2.28177063111516 0.00238490408528931 0.00167635496684518 0.00101534983220205 0.999995235554274
1688725892000010 -2.47067106209565 -2.17540762178246 2.31218452922749 0.00192488067064696 0.00138336255892356 0.000954409746867811 0.999996735116905
1688725892000050 -2.50300003550429 -2.20377919864639 2.34248013478296 0.00162241407264548 0.00126431224623212 0.000805790863283462 0.999997559991126
1688725892000090 -2.53470808359589 -2.23152264647901 2.37196823124687 0.00151776514188882 0.00125987808204263 0.000657254715958287 0.999997838553879
1688725892000130 -2.56637435099796 -2.25946421589352 2.40167994539501 0.00157556125187669 0.00136831729395934 0.000323064260494485 0.999997770469519
1688725892000170 -2.59910131103247 -2.28833212314308 2.4324042758558 0.00169955261418369 0.00151078622870369 2.80283438890524e-05 0.999997414126804
1688725892000210 -2.62974730570211 -2.31509191036652 2.46095350347163 0.0015929565367521 0.00140245500783215 0.000103036252161143 0.999997742493929
1688725892000250 -2.66226988877628 -2.34341613131158 2.49127737964347 0.0013214197715344 0.00122103124850355 0.00010170376394016 0.999998376293093
1688725892000290 -2.69451364069339 -2.37142258087947 2.52138415112812 0.00104866743979669 0.00107755730428239 9.92300119176809e-05 0.999998864659486
1688725892000330 -2.72695545111298 -2.39974878941531 2.55169902451368 0.000866583199471954 0.000942053617549238 6.2953979038799e-05 0.999999178802331
1688725892000370 -2.75934138758051 -2.42815095223621 2.58204209505597 0.00076013659755939 0.0010007729638258 -0.000226905820051742 0.999999184579456
1688725892000410 -2.79156729863195 -2.4563675211839 2.61222761896394 0.000454902596043465 0.000815451204015002 -0.000159092398350132 0.999999551396185
1688725892000450 -2.82361079929589 -2.48445064715011 2.64209211480026 0.000622565240233961 0.000881313235667092 -0.000191171985870814 0.999999399576207
1688725892000490 -2.85443287429271 -2.51184305946698 2.67101731097995 0.000598833537189772 0.000869052624046979 -0.00030449080741437 0.999999396715458
1688725892000530 -2.88583362314185 -2.53956135114165 2.70024996809692 0.000656949392799556 0.000842395687155872 -0.00023037039527529 0.999999402858063
1688725892000570 -2.9173578405704 -2.56754519485015 2.72961537434679 0.00127361952534286 0.00116059587387695 -0.000295147907888915 0.99999847189795
1688725892000610 -2.94752527459366 -2.59451888110803 2.7578598651581 0.00158918418499829 0.00135927819192905 -0.00027103494186605 0.99999777669577
1688725892000650 -2.97864684418459 -2.62237262358301 2.78697188467605 0.00213550372734572 0.00185257565789978 -0.000718481749458753 0.999995745676569
1688725892000690 -3.00950235130428 -2.64982565474494 2.81576447929781 0.00264852558153875 0.00218203358487252 -0.000743878224531344 0.999993835324431
1688725892000730 -3.04121839916445 -2.67799749484344 2.84550976095957 0.00265516587637327 0.00210749360459328 -0.000520278523486524 0.999994118920273
1688725892000770 -3.07278222034905 -2.70590754218355 2.875066053564 0.00276039209008863 0.00205450081500117 -0.000286681773895935 0.999994038519966
1688725892000810 -3.10467622353067 -2.73417964093673 2.90496929804302 0.00301636598680777 0.00225912107966889 -0.000505604404792861 0.999992771110055
1688725892000850 -3.13712680405388 -2.76266482207091 2.93535241746903 0.00307865783893422 0.00225665909427204 -0.000514761462256591 0.999992582160628
1688725892000890 -3.17143279178598 -2.79256889978594 2.96749384234946 0.00269384974496008 0.00196849866623905 -0.000114579496781508 0.999994427513519
1688725892000930 -3.20358251413809 -2.82089357019341 2.99763416235079 0.00254048632604969 0.0018406434811443 8.62685789797992e-05 0.999995075247141
1688725892000970 -3.23726248408065 -2.85051501159347 3.02923315995509 0.00222267831649414 0.00164147661828855 0.000280769740661077 0.999996143204545
1688725893000010 -3.27013354273144 -2.87955991386566 3.06001878838454 0.00209118103809268 0.00158733129887753 0.000357954009799894 0.999996489598909
1688725893000050 -3.3039207614787 -2.90933563335914 3.0916849024959 0.002002934260625 0.00162914412815363 0.000318385778604741 0.999996616381402
1688725893000090 -3.3361848528294 -2.93797878204371 3.12192136178001 0.00197112324838216 0.00175097620444815 0.000106010179453507 0.999996518752597
1688725893000130 -3.36886511809954 -2.96677493813572 3.15247436895146 0.00199603191467645 0.00185416829201239 2.99765627479459e-05 0.999996288502085
1688725893000170 -3.40161125785061 -2.99600690042346 3.18330153633876 0.00204241009040346 0.00193956266393876 -5.86820513595488e-05 0.999996031599182
1688725893000210 -3.43321605749099 -3.02398027617814 3.21279889012413 0.00216552357764107 0.00212095433113368 -0.000167995681859058 0.999995391908288
1688725893000250 -3.46490666097151 -3.05213692650261 3.24246183545796 0.00241809641691325 0.00230984794573597 -0.000237115932044834 0.999994380578321
1688725893000290 -3.496088327854 -3.08011779942123 3.27180753361812 0.00283936423537213 0.00259881972615098 -0.0003239314372559 0.999992539579768
1688725893000330 -3.52672397869776 -3.10777516677226 3.30079079099214 0.00350862042227793 0.00310097692396585 -0.000611366274753865 0.9999888498159
1688725893000370 -3.55889944084191 -3.1362487171556 3.33083936089076 0.00363668243693845 0.00325561779472537 -0.000561511720752165 0.999987930026265
1688725893000410 -3.59055036916169 -3.16439601202776 3.36068081181975 0.00361324245016202 0.00318977183861745 -0.000312703922097724 0.999988335957411
1688725893000450 -3.62313071748347 -3.19307516327491 3.39123355846909 0.00330028524758844 0.00284849602825741 0.000175423339410561 0.999990481661857
1688725893000490 -3.65747544172117 -3.22313378039648 3.42351770403831 0.00268794549298688 0.00241954256686477 0.000546653613275364 0.999993310943939
1688725893000530 -3.69129533529358 -3.25282059535076 3.45538901889462 0.00225115480843816 0.00212797093752287 0.000806347315251593 0.999994876909739
1688725893000570 -3.7260718089731 -3.28313321534264 3.48799812686845 0.00173307903584438 0.00183858190779861 0.00112055198443285 0.999996180201142
1688725893000610 -3.7587659677575 -3.31191011634494 3.51873003493698 0.00130027324027836 0.0015624979927697 0.00137181296303603 0.999996993004838
1688725893000650 -3.79212031811755 -3.34128078815726 3.55010449111211 0.00109872522756431 0.00150831018054845 0.00138959856834103 0.999997293405883
1688725893000690 -3.82503714984036 -3.37030509708366 3.5810857376842 0.00113786356178707 0.00160539137744377 0.00125173644878599 0.999997280566754
1688725893000730 -3.85800409075503 -3.39948420636521 3.61198321520713 0.00120465241327312 0.00182510078167381 0.000906763271632815 0.999997197796108
1688725893000770 -3.8916711085022 -3.42931301271928 3.64359316393956 0.00156002066658157 0.00225708395386929 0.000400594927244111 0.999996155708235
1688725893000810 -3.92307951839174 -3.4569514300471 3.67295020285308 0.00201158967937829 0.0027425672593299 -7.07987956642357e-05 0.999994213392918
1688725893000850 -3.95530907516805 -3.48561457615285 3.70326108407003 0.00231455273731794 0.00310151333802309 -0.000430752517079871 0.999992418927718
1688725893000890 -3.98900323780624 -3.51526143215472 3.73494737929299 0.00215274435570123 0.00308371388594402 -0.000447229480671086 0.999992828167383
1688725893000930 -4.02303072320229 -3.544960405047 3.76689791851731 0.00178603650575362 0.00282056749008057 -0.000183898177357146 0.999994410311425
1688725894000010 -4.09012893223241 -3.60401957215167 3.83018240209567 0.00100680540743542 0.00214787691273531 0.000510996682122002 0.999997055920681
1688725894000050 -4.12402065881754 -3.63395665148764 3.86219357222777 0.000518494027228399 0.00173834696997592 0.000876834923565581 0.999997970235076
1688725894000090 -4.15656738137509 -3.66276527022609 3.89296763540822 0.000340017371884271 0.00149889728795164 0.00121752793996744 0.999998077658563
1688725894000130 -4.18961437869046 -3.69212333889153 3.92407006036641 0.000198354782408645 0.00142674603942805 0.00134393044092818 0.999998059449162
1688725894000210 -4.25331232005692 -3.74871972826815 3.98399576150351 0.000865614813670643 0.00202661886883408 0.000934170797613976 0.999997135421835
1688725894000290 -4.31534055145532 -3.80433367016171 4.04242563398409 0.00161422189809989 0.00278554544717288 0.000235453868194924 0.999994789779277
1688725894000370 -4.37913218409814 -3.86109799244607 4.10252157544776 0.00249083368823199 0.00356556929434629 -0.000612107655151888 0.999990353847158
1688725894000450 -4.44924821007208 -3.92112732976113 4.16774312094058 0.00189852982541947 0.00324295031826777 -0.000409355231618108 0.999992855617494
1688725894000530 -4.52001395011473 -3.98207316614312 4.2340544897893 -7.70055936729768e-05 0.00162473560966834 0.00108395215295125 0.999998089674209
1688725894000610 -4.58097117422899 -4.03722747512681 4.29180145616801 0.000221720252452898 0.00162839596753084 0.00145457999420175 0.999997591678972
1688725894000690 -4.63971778839507 -4.09107102017864 4.34720619538583 0.00114026565981915 0.00200596020750169 0.00179463847807342 0.999995727586175
1688725894000730 -4.66852666425317 -4.11755517948516 4.37433676209626 0.00207048547328569 0.00253060361322624 0.00148164646389846 0.99999355690875
1688725894000770 -4.69871650539454 -4.14531963631881 4.40273857294213 0.00294290584252847 0.00319721131953724 0.00103893564442753 0.999990018829042
1688725894000850 -4.75908837229583 -4.20005022974133 4.45935155252692 0.00421544934845425 0.00399175966999949 0.000544696317616076 0.999982999429215
1688725894000890 -4.78989842306184 -4.22805121124737 4.48848605054157 0.00493894819884216 0.00444758168638492 0.000400973303714736 0.999977832268417
1688725894000970 -4.85194123245834 -4.28328208439709 4.54675373560678 0.00555715359892736 0.00438661172922305 0.00132679983690438 0.999974057305292
1688725895000010 -4.88613679569958 -4.31334320506943 4.5790072009104 0.00489659235260512 0.00364121268150587 0.00215307996028219 0.999979064380963
1688725895000050 -4.92103151369183 -4.34350308647274 4.61175215354614 0.00425057039392678 0.00301204028514979 0.00276048484978845 0.999982619842986
1688725895000090 -4.95494521529686 -4.3730138290584 4.64381838666661 0.00337184382098383 0.00244182632735312 0.00293102790059163 0.99998703853044
1688725895000130 -4.99041665297649 -4.40366661141556 4.67705091306043 0.002481454995173 0.002067453211574 0.00273912414143007 0.999991032568424
1688725895000210 -5.06170165679403 -4.46508190945301 4.74362197810511 0.0014306812315929 0.00191777508849431 0.0020075388212828 0.999995122527008
1688725895000250 -5.09363238970664 -4.49316062048036 4.77359699765578 0.00119744098965639 0.00196189301120572 0.00137424876940362 0.999996414269176
1688725895000290 -5.1269655548982 -4.5222999319567 4.8047085345176 0.00144885469446211 0.00243139528370509 0.000591291006677047 0.99999581974726
1688725895000330 -5.15628570759447 -4.5484627089733 4.83221291758872 0.00157544029289604 0.00262884385983528 -1.95884842530027e-05 0.999995303381039
1688725895000410 -5.215211499018 -4.60103344969653 4.88751747281408 0.00216590559454024 0.00313686885108418 -0.000670717294256481 0.999992509494485
1688725895000490 -5.27124268791911 -4.6507040232216 4.94007946055785 0.00233688996424568 0.00304044912116324 -0.000590731023509508 0.999992472797318
1688725895000570 -5.32328117264762 -4.69777757425967 4.98949477447531 0.00242517902418703 0.00266473383433275 -0.000229258138953222 0.999993482549261
1688725895000650 -5.37893205280045 -4.74721588888929 5.04171547566334 0.00236054413853817 0.0022990475867224 0.000402504316560917 0.99999449008574
1688725895000730 -5.43436225882621 -4.79696385854276 5.09399728535069 0.0025271231284504 0.00224298541717828 0.000318846642548136 0.999994240484379
1688725895000810 -5.49211713242837 -4.8476284579516 5.14770804215703 0.00305518886572392 0.00276411539868051 -0.000338346385074601 0.999991455467886
1688725895000890 -5.55278486230307 -4.9003527056133 5.20411790667885 0.00245562232773928 0.00217219191174258 0.000239464659320596 0.999994597064384
1688725895000930 -5.5827424703419 -4.92677923127277 5.23208276359848 0.00232204481596733 0.00205436017255115 0.000242585024430449 0.999995164420639
1688725896000010 -5.63793839054169 -4.97597114950711 5.28385473399622 0.00276158116107234 0.00227627738963928 5.20698615960115e-05 0.999993594739219
1688725896000090 -5.69572734757865 -5.02711341127835 5.33780574927129 0.00293520324458935 0.00237551640816611 0.000103050757079474 0.999992865416673
1688725896000170 -5.75364516780694 -5.07844966898409 5.39202637563517 0.00307028156153078 0.00243319251730547 -8.70766795003933e-05 0.999992322652008
1688725896000250 -5.81168854616645 -5.12992143714779 5.44643530346924 0.00312609992219241 0.00242028168009149 -5.39571934290698e-05 0.999992183381694
1688725896000330 -5.86764274752471 -5.17999950727236 5.49885788032653 0.00324643898542029 0.00248271068535454 1.64083482524396e-05 0.99999164822129
1688725896000370 -5.89659687353008 -5.20577116973456 5.52604082657376 0.00301280587866378 0.00208702922147449 0.000511696704299929 0.999993152714682
1688725896000410 -5.92494207640064 -5.23089364743581 5.55262811444445 0.0030288240368139 0.00188095827095464 0.000797468292465126 0.999993326110359
1688725896000490 -5.9858428923328 -5.28414429861819 5.6095558878449 0.00272114134062323 0.00156721043886875 0.00110359505452868 0.999994460644258
1688725896000570 -6.04430628952286 -5.33558337741251 5.66422238777191 0.00211855396795899 0.00127348020309725 0.00119408735620416 0.999996232059223
1688725896000610 -6.0740157795433 -5.36172654933121 5.69200644172447 0.00193732112163933 0.00116995205292294 0.00118592730309569 0.999996735782421
1688725896000690 -6.13186065021157 -5.41317433011413 5.74617774299921 0.00230538872614242 0.00137260252145203 0.000831836913763885 0.999996054588461
1688725896000770 -6.18977252496396 -5.46477386531216 5.80037810867748 0.00261292432220859 0.00168916174024426 0.000381379122655545 0.999995086942464
1688725896000810 -6.21858752912058 -5.4904749428708 5.82739549249009 0.00272599202881392 0.00172538515302972 0.000369645177550975 0.999994727674089
1688725896000850 -6.24886348939497 -5.51716610019622 5.85559471478346 0.0027044734539984 0.00172245161158427 0.000310343572533287 0.999994811321863
1688725896000930 -6.30690958159198 -5.56841263051118 5.90997452980962 0.00252137560914603 0.00159851906830012 0.000198136995567874 0.999995524061761
1688725896000970 -6.33689620454008 -5.59463273309132 5.93801874821498 0.00243438258750478 0.00152037387113482 0.000158462074867943 0.999995868558706
1688725897000050 -6.39654636754863 -5.64691502332582 5.99374138170111 0.00257055012362262 0.00175397441531826 -0.000379543945462906 0.999995085884029
1688725897000090 -6.42647999632422 -5.67310251281792 6.02166735532568 0.00250782158187729 0.00170843557990727 -0.000441316679528081 0.999995298648134
1688725897000130 -6.45669710379085 -5.69941764137837 6.04978237049867 0.00231459142637296 0.00162092785221201 -0.000554491018716823 0.999995853890973
1688725897000170 -6.48649840331946 -5.72545226842738 6.0775276475478 0.00226923069035644 0.0015723129020218 -0.000561116189645501 0.999996031778544
1688725897000210 -6.51776050003537 -5.7529200591617 6.10666903549337 0.00218075488035601 0.00162739526944278 -0.000770603106912595 0.999996001023824
1688725897000290 -6.57624963655442 -5.80456276419968 6.1612408532991 0.00193873041019738 0.00135929121056145 -0.000638289188343978 0.999996993114836
1688725897000330 -6.60716246257379 -5.8317664605142 6.19011501515722 0.00209228140207355 0.0015173110891855 -0.00096571888926652 0.999996193749066
1688725897000370 -6.63634642751224 -5.8573831861373 6.21720040927328 0.00171469737384232 0.00115666346901197 -0.000648137640767193 0.999997650927308
1688725897000410 -6.66656996106203 -5.88373433930641 6.24537740727401 0.00127672405583367 0.000661998824998246 -1.12902033007163e-05 0.999998965802351
1688725897000450 -6.69580301101589 -5.90948967768677 6.27258974376241 0.00127177032765163 0.000543297824319007 0.000251653177787837 0.999999012048705
1688725897000490 -6.72469537547908 -5.9351420369407 6.29957924381904 0.00170761962947449 0.000787704439925194 9.29203366528646e-05 0.999998227459793
1688725897000530 -6.75309042176795 -5.96052193119645 6.32607236573599 0.00253057973619844 0.00134311626480391 -0.000304633207334471 0.999995849693141
1688725897000570 -6.78193814029972 -5.98647575843305 6.35311617995212 0.0030704756500539 0.00165371646910901 -0.000454559886270415 0.999993815369091
1688725897000610 -6.81233112467713 -6.0134748287044 6.38154887402542 0.00354347196990235 0.00184706991331293 -0.000686301168377324 0.99999178053114
1688725897000690 -6.87014753897908 -6.06490405881453 6.43535153372503 0.00405170969364373 0.0021325993994667 -0.000852126131739152 0.999989154715898
1688725897000730 -6.90011631988983 -6.09140295198746 6.46323679873412 0.00396825079671984 0.00196494663799978 -0.0007325345356831 0.999989927631013
1688725897000770 -6.93074821423593 -6.11819895238675 6.49163316931753 0.00361950594968877 0.00164662456082814 -0.000585983736332622 0.999991922181023
1688725897000850 -6.9915755040217 -6.17165511249938 6.54825642992194 0.00339190935329985 0.00146042050275224 -0.000488021709688371 0.999993061954784
1688725897000890 -7.0221036029071 -6.19836536316068 6.57665523744174 0.00299352419002821 0.000903510745287052 0.000161175649065672 0.99999509823982
1688725897000930 -7.05391522737856 -6.22602646613943 6.60606316902276 0.00258254145989007 0.000502670337911373 0.000487243377284423 0.999996420191608
1688725897000970 -7.08352788465121 -6.25195990994635 6.63368736963198 0.00240787470397606 0.000312769330545419 0.000607444717586743 0.99999686765793
1688725898000010 -7.11412375261417 -6.27866036745799 6.6621334926557 0.00229765921109132 0.000202445617875465 0.00064346802173141 0.999997132859303
1688725898000090 -7.17475254442137 -6.33192168428442 6.71860967395834 0.00237914323412963 0.000421903114202655 0.000261483956060847 0.999997046646326
1688725898000130 -7.20443055872066 -6.35803618758533 6.74607798264356 0.00245322137149996 0.000576596123594195 -0.000113619477671113 0.999996818161151
1688725898000170 -7.23453369465153 -6.38457514156008 6.77401250065066 0.00258417699577183 0.000755901642326127 -0.000494241633173111 0.999996253176565
1688725898000210 -7.26453268824174 -6.41103898089288 6.8018877719113 0.00267675922875326 0.000867208964410399 -0.000809392355426844 0.999995713887144
1688725898000250 -7.29464981472384 -6.4375151247026 6.82977864242396 0.00297272674260494 0.0011321872458131 -0.00123278830401581 0.999994180623443
1688725898000290 -7.32396923785652 -6.46352477679131 6.85693795728069 0.00317764984913255 0.00126091376226483 -0.00137450205751425 0.999993211667967
1688725898000330 -7.35275377113694 -6.48911504921935 6.88367974886842 0.0035607226405777 0.00140307976892799 -0.0013862830194376 0.999991715386097
1688725898000410 -7.41075599567327 -6.54032672209663 6.93724341228255 0.00383275660048937 0.00138902449960806 -0.00109754253531176 0.99999108795437
1688725898000490 -7.46982472281138 -6.59220089201172 6.99191141687089 0.00371537313401087 0.00090009337992474 -0.000386861988954098 0.999992618058846
1688725898000570 -7.52975181856976 -6.64468462922836 7.04731869120497 0.00322146701030104 0.00034402314236172 0.000258481863572205 0.999994718478805
1688725898000610 -7.55925952628411 -6.67064678708623 7.07483809692711 0.00289795929567864 6.98142640549041e-06 0.000565442671338177 0.999995641019382
1688725898000690 -7.61994312017311 -6.72382611201258 7.13106062200728 0.00253066265840306 -0.000193263436404912 0.000614896918801813 0.999996590142953
1688725898000730 -7.64968862551191 -6.75012384003452 7.1587624376104 0.00254635569215343 -8.34161018034156e-05 0.000303332542158667 0.999996708546489
1688725898000810 -7.7090058550629 -6.80210094347103 7.21376444100287 0.00310686082276005 0.000555218438175133 -0.000661277088800421 0.999994800916948
1688725898000890 -7.76836907204242 -6.85387226272655 7.26870904035525 0.00235388233067367 4.77866179321499e-05 -0.000244399374447439 0.999997198607755
1688725898000930 -7.79623306090641 -6.87887916237597 7.29478064121213 0.00243188409639924 6.68250483713592e-05 -0.000102404887688391 0.999997035489303
1688725898000970 -7.82433635460916 -6.9039274470163 7.32078856765282 0.00297359558449661 0.00036657118946656 -0.000218227572950801 0.999995487855615
1688725899000050 -7.87521866092833 -6.95061589312638 7.36827056444785 0.00516451795652869 0.00175911864482737 -0.00113471330973833 0.999984472720239
1688725899000090 -7.90124576377735 -6.9741600241208 7.39236886590046 0.00590672663013246 0.00215210754214588 -0.001420230708286 0.999979230763509
1688725899000170 -7.95525720242632 -7.02269517902689 7.442447590235 0.00692608103927954 0.00287417936819775 -0.00194937477434209 0.999969983765706
1688725899000210 -7.98248219580984 -7.04674759539375 7.46753966287524 0.00721794020939918 0.00307453542506835 -0.00214862744468684 0.999966915438285
1688725899000250 -8.01007191747377 -7.07106739176621 7.49308379021805 0.00728878785202688 0.00314886666954741 -0.00228410546158531 0.999965869953863
1688725899000290 -8.03728660898491 -7.09510264481668 7.51843474542862 0.0073023785421688 0.00317935382183397 -0.00230459513275145 0.999965627318348
1688725899000330 -8.06463644831661 -7.11914073720407 7.54388279194278 0.00735080970670749 0.00320918549005603 -0.00228200140892947 0.999965228992846
1688725899000370 -8.0922871835897 -7.14334027208585 7.56956082043095 0.00713932765956533 0.00303538339341334 -0.00213088451091239 0.999967637366043
1688725899000410 -8.12043788444579 -7.16770146365709 7.59558480603921 0.00666418715888521 0.002609227691417 -0.00175793461325011 0.999972844734426
1688725899000450 -8.148450746796 -7.19201956564905 7.62172139586294 0.00587006452250556 0.00186101894186997 -0.00103502576850702 0.999980503646275
1688725899000490 -8.1765220738147 -7.21633283444783 7.64775999717859 0.00517739373019677 0.00147571552552722 -0.00089801688661362 0.999985105100832
1688725899000530 -8.20434595692907 -7.24048003891823 7.67370511765659 0.00461920476868424 0.00132415232218945 -0.0011086572585066 0.999987840149577
1688725899000570 -8.23158993065586 -7.26422639846277 7.69911216599828 0.00448574889754586 0.00149125589309093 -0.00156126765975892 0.999987608251214
1688725899000610 -8.25862478453894 -7.28792306988827 7.72427516852035 0.00446341044295328 0.00180052759396724 -0.00220950086395378 0.999985976988444
1688725899000650 -8.28500163690775 -7.31098692559798 7.74873595158957 0.00458979911340611 0.00221867196932071 -0.00298659691658393 0.999982545586496
1688725899000730 -8.33704115502268 -7.35721669301214 7.79706906934486 0.00562829670158254 0.00335747126562075 -0.00441523377945824 0.999968777199374
1688725899000770 -8.36254319053888 -7.37988397632715 7.82067422891314 0.00605749838829089 0.00367985571475222 -0.00476088228357605 0.999963549023201
1688725899000810 -8.38790139513812 -7.40242860775331 7.84418936767203 0.0063711797909759 0.00384921318599212 -0.00486967375261508 0.999960438169162
1688725899000850 -8.41364220568368 -7.42511883813177 7.86809209592601 0.00655925911684424 0.00390391767102957 -0.00478612584251048 0.999959413449404
1688725899000890 -8.43941058975192 -7.44777754962129 7.8919932924453 0.0066318848532332 0.0039155126395134 -0.00487822893899022 0.999958444009791
1688725899000930 -8.46537705739615 -7.47045774748542 7.91613611201378 0.00666994903651184 0.00389250256001929 -0.00487237595671918 0.999958309209042
1688725899000970 -8.49153994449309 -7.49315661886875 7.94041878241422 0.00631597856468988 0.0036098829675085 -0.00466090590803468 0.999962675861378
1688725900000010 -8.51735150144379 -7.51570099354271 7.96440276438209 0.00581660553192218 0.00314197280070643 -0.00415830903058636 0.999969501321421
1688725900000050 -8.5371960631943 -7.53299358797281 7.98281205568765 0.00547742275821206 0.0028865845820794 -0.00379305549108307 0.999973638752252
1688725900000130 -8.59335874239504 -7.58204824802842 8.03478658659374 0.00489079454654118 0.00213845831269909 -0.0029759620793109 0.999981325212852
1688725900000210 -8.64355466071881 -7.62591275617162 8.0812123016847 0.00457429711063284 0.00171974313909414 -0.00262343932004874 0.999984617809501
1688725900000330 -8.71700368460794 -7.6902063447215 8.14892903282375 0.00477860696739178 0.00174134297788356 -0.00297753066548366 0.99998263332481
1688725900000410 -8.76630646228956 -7.73308215109963 8.19457957045002 0.00476546717416457 0.00177042697301463 -0.00326899523123531 0.99998173462375
1688725900000490 -8.81306774638535 -7.77395732466691 8.23789279972731 0.00481392770605859 0.00178040365078511 -0.0034867768504554 0.99998074913974
1688725900000610 -8.88002679482098 -7.83327366438519 8.30037525934839 0.00615301726879715 0.00296163233677044 -0.00522345467316422 0.999963041633874
1688725900000690 -8.93939126564872 -7.88274509501519 8.3542886970692 0.00583172928841423 0.00294877224705392 -0.0057628722302092 0.999962041769286
1688725900000810 -9.03122440554628 -7.9573138892185 8.43551284393335 0.00216736054083845 0.000335534929867385 -0.00404100529325278 0.999989430064547
1688725900000930 -9.12963004866055 -8.0385006529712 8.5206420657438 -0.00328894184092783 -0.00388768637925513 -0.000208732865643648 0.99998701250905
1688725901000210 -9.24287732138473 -8.13563318532674 8.62488409993992 0.00216336268320313 -0.000121790192353996 -0.0050456562884429 0.999984923077178
1688725901000690 -9.44985023412818 -8.293829597665 8.79115590450385 -0.0028926270216179 -0.00725191855191583 0.00109997402934889 0.999968915738567
1688725901000930 -9.5644138854006 -8.38267169019199 8.88419615252554 -0.00117258931219439 -0.00774205423820139 -0.00196154647542459 0.999967418452173
1688725902000130 -9.67561772515861 -8.46222820794246 8.96899962927897 -0.00137096760866856 -0.00964713355695869 -0.00513564721302012 0.999939337354849
1688725902000330 -9.81112545016468 -8.56257616668094 9.07495124799658 -0.00214234247164557 -0.0135653071425016 -0.0058725244747761 0.999888446911533
1688725902000490 -9.92432544331281 -8.64332858636094 9.1618786659684 -0.00221529111741097 -0.0161190953730354 -0.00808413239852872 0.999834943404652
1688725902000650 -10.0458874458744 -8.73090398686627 9.25443494279603 -0.0021154737506627 -0.018563969317192 -0.011024774277821 0.999764651388577
1688725902000770 -10.1377201339852 -8.79548925450546 9.32293992899652 -0.00201586036425311 -0.0205191982565696 -0.012950396091697 0.999703549083911
1688725902000890 -10.2204106990448 -8.85060465605788 9.38144102361607 -0.00127457577170983 -0.0218317581331059 -0.0151281207209516 0.999646382355717
1688725902000970 -10.3006911831066 -8.90819331207451 9.44276092318858 -0.00118634881643747 -0.023192155818649 -0.0170397588980294 0.999585095477952
1688725903000090 -10.4091862051263 -8.97927367444482 9.52013925238247 -0.00129777352738519 -0.0252845985513566 -0.019111910919901 0.999496743226789
1688725903000210 -10.5222474967425 -9.0513336922301 9.60085852678815 -0.00122923622646018 -0.0272073374818085 -0.0211901135836697 0.999404437078284
1688725903000330 -10.6381646043155 -9.12643459403094 9.68115758000955 -0.00116385734920134 -0.0291839696881085 -0.0227990495930551 0.999313336590165
1688725903000490 -10.8063337735089 -9.24031038802847 9.80001035014161 -0.000691067385905691 -0.0320044479437694 -0.0262568711247841 0.999142539609049
1688725903000610 -10.9359765164542 -9.32679899739131 9.89009633682275 -1.95565680607187e-05 -0.0337829050717944 -0.0288282342074118 0.999013337175702
1688725903000730 -11.083762856105 -9.41882300777737 9.9903569228715 2.81141789190854e-05 -0.0358740920015789 -0.0309842044944777 0.998875882081703
1688725903000850 -11.2923261423117 -9.55220600247417 10.138543586727 -0.000822648047350364 -0.0390088930260935 -0.0327171785726667 0.998702766463232
1688725903000970 -11.463083800417 -9.6531717329038 10.2509225534617 -0.00129597184544642 -0.0417011772009783 -0.035565013596712 0.99849610018512
1688725904000090 -11.6676232669314 -9.78322997548193 10.3898189843041 -0.00130154764932983 -0.0441711060469041 -0.0389524431912737 0.998263455473424
1688725904000210 -11.9009693344822 -9.93170929877605 10.5484556656763 -0.00132160736855707 -0.0471167525579839 -0.0427880593906595 0.99797166640939
1688725904000330 -12.1606981429048 -10.094002963084 10.7245386680841 -0.00184503045550603 -0.0508206613084927 -0.0456966075265735 0.997660100589047
1688725904000450 -12.3990689577436 -10.2373576885867 10.8802416647691 -0.00195646494645223 -0.0540652717433379 -0.0499113273259886 0.997287309675998
1688725904000530 -12.5743004067314 -10.3462416574352 10.9966343408278 -0.00193665101036347 -0.0563393635072389 -0.0528338128724983 0.997010889469025
1688725904000650 -12.840862379284 -10.5147869688322 11.1726866256825 -0.00196777643493012 -0.0596672408571263 -0.0569069059017643 0.996592972223409
1688725904000770 -13.1581751169565 -10.7118098771879 11.3856631372318 -0.00206901508872068 -0.0637205706668512 -0.0609223848235548 0.996104347484672
1688725904000890 -13.4364673345162 -10.8613841708114 11.552954597705 -0.00322831963550061 -0.0681794897620581 -0.0652974334247672 0.995528693868868
1688725905000010 -13.7310392293565 -11.0345952668506 11.7399290477436 -0.00311319314993863 -0.072092836737658 -0.0695802943573666 0.994963071453745
1688725905000090 -13.9322110880089 -11.1686638237729 11.8730207285974 -0.00320837478603469 -0.0752249436125256 -0.0732622561240066 0.994466468020589
1688725905000210 -14.230047305411 -11.3522687313343 12.0586935007444 -0.00284365885956439 -0.0790505803556334 -0.0788199328248762 0.993745610072925
1688725905000290 -14.468082767219 -11.4970685102738 12.2098874481626 -0.00261287363342269 -0.0819719178888666 -0.0811637622801633 0.993320804806547
1688725905000450 -14.8505541128316 -11.7134505500928 12.4305894893003 -0.00308369173893625 -0.0869445650052303 -0.0883968958337587 0.992278752301119
1688725905000570 -15.1869650772929 -11.8858299953199 12.6223525945079 -0.00379284511506484 -0.0906416557163482 -0.0924914201502361 0.991572005339766
1688725905000690 -15.5423379323416 -12.0626162993542 12.8228466462721 -0.00432806689250665 -0.0933558756365864 -0.0951462615517068 0.991066666392244
1688725905000810 -15.8487698573121 -12.2067630498397 12.9793649613719 -0.00544851493597975 -0.096379328660758 -0.0993017507546489 0.990363822536423
1688725905000890 -16.0680098641553 -12.3098597640887 13.093978298677 -0.00601207566339358 -0.0982497977008678 -0.101610730809006 0.989942468824535
1688725905000970 -16.2804878107482 -12.4077694582443 13.2040327038977 -0.00562543052443802 -0.0994855061921055 -0.104197569673593 0.989552350845185
1688725906000050 -16.4880765475609 -12.5029318109237 13.3098784746546 -0.00531682168145177 -0.100707813042785 -0.106727751239113 0.98916068205059
1688725906000130 -16.6959247948285 -12.5972549225238 13.4148919274991 -0.00489922943847918 -0.102057029754674 -0.109221491918752 0.988752257105694
1688725906000210 -16.9163509347449 -12.6946239679649 13.5240118821151 -0.00562347704957959 -0.104057971281861 -0.111580281016817 0.98827635609013
1688725906000290 -17.145590175648 -12.7921494362513 13.6357022185838 -0.00658443541131897 -0.106136723587309 -0.113378210005525 0.987844634855304
1688725906000370 -17.3803734174899 -12.8913911627714 13.7505779544929 -0.00716580015490924 -0.107809714217022 -0.115554372254947 0.98740716215822
1688725906000450 -17.6269481326382 -12.9868080380588 13.8684634338016 -0.00755863072495953 -0.109176982674444 -0.116716446228333 0.987117280132151
1688725906000530 -17.8558273502816 -13.0891427423697 13.9810176364263 -0.00795012473230704 -0.111035840530276 -0.119452386835638 0.986579426561159
1688725906000570 -17.973265159064 -13.1373946738534 14.036974839557 -0.00773761934416431 -0.11151364464938 -0.120049923086112 0.986454688402319
1688725906000650 -18.1968576309134 -13.2305783998025 14.1434414390663 -0.00744771775443016 -0.112658883648484 -0.122757390429163 0.985993473878174
1688725906000730 -18.4206038511182 -13.3229902195628 14.248208451146 -0.00725871200322667 -0.114148563220213 -0.125243880288315 0.985510723972673
1688725906000810 -18.6469040652434 -13.4168376757197 14.3534012561401 -0.00781680666263875 -0.116058615269552 -0.127130519832298 0.985041687586106
1688725906000890 -18.876763849284 -13.5068984701144 14.4581439125553 -0.00874747077425659 -0.117852217270626 -0.127720863942848 0.984744493537863
1688725906000970 -19.1102495933334 -13.5962967902912 14.5642180440112 -0.00956667174656961 -0.119520136756662 -0.128583525391449 0.984423533190501
1688725907000050 -19.3430240377386 -13.6816006013108 14.6667157832863 -0.00998517772453857 -0.120982671955413 -0.129375381396747 0.984136931529746
1688725907000130 -19.5758628491545 -13.7648146602731 14.7687536494642 -0.0099738728556629 -0.12207005905075 -0.130745578399352 0.98382163844501
1688725907000210 -19.8022774499994 -13.8463358920028 14.8671918254181 -0.0096023156863402 -0.122847811962078 -0.13208618312719 0.983549414547373
1688725907000290 -20.0249265780993 -13.927468818689 14.9659286902017 -0.00917201651083981 -0.123352230604969 -0.133105799467044 0.983352910946087
1688725907000370 -20.2448376751784 -14.0080251961428 15.0634343312952 -0.00868791246010809 -0.123852645597799 -0.134452599634541 0.983111153841225
1688725907000450 -20.462607115936 -14.0886260530388 15.1599323673867 -0.00850296328641958 -0.124510155509886 -0.13518823997082 0.982928817648483
1688725907000530 -20.689192423417 -14.1706553347861 15.2581629987193 -0.0095122625022319 -0.125680999674895 -0.135147278961062 0.982776178065092
1688725907000650 -21.0363796407498 -14.2973872989664 15.4098394211938 -0.0103419321377167 -0.126935689679247 -0.134965063765465 0.982631572201961
1688725907000730 -21.2576943765906 -14.3801912549604 15.5091658396086 -0.0100349347667542 -0.127246501890113 -0.135344620897393 0.982542345873753
1688725907000810 -21.4698170064915 -14.4587580633317 15.60378587788 -0.00872386713279964 -0.127014972505366 -0.136586683974953 0.982412931848129
1688725907000890 -21.6992976627886 -14.5434567388607 15.7081955364156 -0.00785692119440641 -0.126897401185978 -0.137673965851951 0.982283664471819
1688725908000010 -22.0217802832413 -14.660390306372 15.8496957666202 -0.00783245538648274 -0.127130318331836 -0.138596001967242 0.98212406703133
1688725908000130 -22.3642501751324 -14.7868323395225 16.0007897995337 -0.00960137491291305 -0.128529603721424 -0.137911601902705 0.982022578471404
1688725908000210 -22.5874237498664 -14.8688451770209 16.099818892047 -0.0104897449068029 -0.129306534286851 -0.137717201813469 0.981938774958593
1688725908000290 -22.8065031458669 -14.9496550339237 16.1975687972724 -0.0108910569170425 -0.129804468183095 -0.137675280138319 0.981874585758166
1688725908000370 -23.0163300237839 -15.0253961117075 16.2912018622756 -0.00925016199700515 -0.129159204148428 -0.13907681870319 0.981778983776987
1688725908000450 -23.2345751925778 -15.1026275823988 16.3869681824664 -0.00782672111649224 -0.128628237049768 -0.140087121961574 0.981717432528605
1688725908000530 -23.4421097581633 -15.1803494969007 16.4804834245662 -0.00701014895917099 -0.128315985067129 -0.140968553323443 0.981638290187235
1688725908000610 -23.6663205608103 -15.2617793786164 16.579284125649 -0.00733976323427684 -0.128616858191389 -0.141107372923604 0.981576558894537
1688725908000690 -23.8900475473154 -15.34283104286 16.677036136668 -0.00814356769916385 -0.129320866260162 -0.140628153329643 0.981546493216671
1688725908000730 -24.0061676781746 -15.3843914911612 16.7269069553262 -0.00890688606542279 -0.129813048647786 -0.140227939677903 0.981532151646127
1688725908000810 -24.2256785871695 -15.4647236372023 16.823374486473 -0.0093014729571938 -0.130304448947585 -0.140006893156602 0.981494932770378
1688725908000890 -24.4392950492369 -15.543244715304 16.9185965887111 -0.0086088336926152 -0.130153455935263 -0.140500008287746 0.98145082075553
1688725909000010 -24.7494030252621 -15.6585262064875 17.057999901336 -0.00653196688729473 -0.129248189925071 -0.141996860622168 0.981371046232323
1688725909000090 -24.9646400057988 -15.7368788058052 17.153320101801 -0.00572284500948984 -0.128964948958578 -0.142756572858162 0.981303139652015
1688725909000210 -25.2989797281123 -15.8592576956113 17.3010975037687 -0.00622383805235372 -0.129463654639867 -0.142672492731762 0.981246648801866
1688725909000290 -25.5287728011247 -15.94306567825 17.4024166823947 -0.00710346901818776 -0.130106463182185 -0.142258072387844 0.981215822236181
1688725909000370 -25.7572782671994 -16.0261233066042 17.5036730999424 -0.00771066999960758 -0.13043944038241 -0.142128959970418 0.981185740162691
1688725909000450 -25.9724150653938 -16.1053172973572 17.6002714129858 -0.00681979446762114 -0.129903485164448 -0.142809077164049 0.981164686698977
1688725909000530 -26.1835679892224 -16.1834598058206 17.6949520692622 -0.00644782791382038 -0.129579518013296 -0.143037615425622 0.981176749928364
1688725909000610 -26.3879603361651 -16.2593734076275 17.7867186289202 -0.00598350453391849 -0.129238772132735 -0.143183389371069 0.981203370591096
1688725909000690 -26.5933758361005 -16.3358394309951 17.878632841081 -0.00571959295659396 -0.129009469449456 -0.143126503635862 0.981243418834366
1688725909000770 -26.8021128465796 -16.4141189894102 17.9718883804688 -0.00601831375463617 -0.129149814298107 -0.14258018815156 0.981302703202728
1688725909000850 -27.0136221788563 -16.4923897821906 18.0654772020606 -0.00673512186391802 -0.129538717071718 -0.141727140697029 0.981370356441816
1688725909000930 -27.2207482041203 -16.568835284183 18.1577654619546 -0.00632920615009679 -0.129309239379748 -0.141562267402652 0.981427117114848
1688725910000010 -27.431863353772 -16.6470507896925 18.2519861978664 -0.00613286163689153 -0.129129781645733 -0.141456263657591 0.981467275548351
1688725910000090 -27.6483603974462 -16.7276243549522 18.3491315653395 -0.00582577618063335 -0.128858094290053 -0.141643953669363 0.981477784902308
1688725910000170 -27.8624842045694 -16.8072268867357 18.4450508680842 -0.00569363432918446 -0.128780588851146 -0.141675406015896 0.981484193348782
1688725910000250 -28.080533182985 -16.8881777535878 18.5414170762521 -0.00650543267747884 -0.129206485752608 -0.140997356284945 0.981520814300846
1688725910000330 -28.2927023422528 -16.9668117620256 18.6354316975238 -0.00670907840301956 -0.129350720603679 -0.140475416180648 0.981575283304936
1688725910000410 -28.5107987018882 -17.0464234394294 18.7316586897428 -0.00722099116007115 -0.129626392498226 -0.139907321642264 0.981616420505204
1688725910000490 -28.7444232921841 -17.1313536081495 18.8351988427261 -0.00737573556290535 -0.129604715318884 -0.139926532922863 0.981615393968638
1688725910000570 -28.9818374038957 -17.2175625382883 18.9422255268844 -0.00704984619561024 -0.129211305709908 -0.14065859938533 0.981565024114203
1688725910000650 -29.2208817864065 -17.3042895583719 19.0504909434388 -0.00660289507161706 -0.128725037515072 -0.141560871099287 0.981502310882164
1688725910000730 -29.4609430588673 -17.3896556703332 19.1571397792197 -0.00675733130997281 -0.128628203902122 -0.141966253013351 0.981455402267383
1688725910000850 -29.8067703472669 -17.519870422061 19.3137883835671 -0.00740840922113786 -0.128814586021355 -0.142105082407368 0.981406166403571
1688725910000970 -30.1365753996855 -17.6420596508795 19.4610230123826 -0.00794875637976103 -0.129190058996713 -0.141445081134524 0.981447927783888
1688725911000010 -30.2470724871678 -17.6826992714559 19.5098829027548 -0.00805103962041096 -0.129278357610533 -0.141214853090203 0.981468620120514
1688725911000090 -30.4605781618642 -17.7616213022865 19.6044839090327 -0.00799599753071816 -0.129439084037471 -0.140737602447739 0.981516436339347
1688725911000170 -30.6789161431366 -17.8430769008247 19.7023650951057 -0.00716679154019102 -0.129029365583163 -0.141125987303136 0.981521021488557
1688725911000290 -31.0240289894703 -17.9692680519847 19.8567995503154 -0.00605767463977379 -0.128295665773121 -0.14220172371753 0.981469406804692
1688725911000370 -31.2556154638257 -18.0550422372742 19.9599885456374 -0.00528549196022544 -0.127823407577225 -0.14299221578954 0.981420636767784
1688725911000490 -31.6025685038965 -18.1823756948103 20.1143399430594 -0.00574551619677388 -0.128052235235673 -0.142562257300677 0.981450771505182
1688725911000610 -31.9509068947137 -18.3099328751383 20.2695298248637 -0.00723979616008517 -0.128983208096316 -0.141218303857669 0.981513274508453
1688725911000690 -32.1939500391927 -18.3977503474805 20.3783574507039 -0.0077235184128277 -0.129275907755316 -0.140997264546309 0.981502857014601
1688725911000810 -32.5310676901744 -18.5230965708477 20.5289995918939 -0.00675599441238391 -0.128695779260799 -0.141810836416587 0.981469021220122
1688725911000850 -32.647086190304 -18.5650400846806 20.5801911903836 -0.00644916413066068 -0.128492369414313 -0.142095205491068 0.981456607222532
1688725911000930 -32.8805638635727 -18.6505363163998 20.6843820186237 -0.00602503686391483 -0.128225946729723 -0.142568487825638 0.981425510059304
1688725912000010 -33.1096379117891 -18.7348271168862 20.7864594229934 -0.0057821466477636 -0.128187250314449 -0.142643879209775 0.981421071386259
1688725912000090 -33.3365220010062 -18.8187008548206 20.8877236561902 -0.00540029249201978 -0.128076669887939 -0.14269472446016 0.981430292523445
1688725912000170 -33.5716323427328 -18.9049254449962 20.9919753164973 -0.00591954645415666 -0.128420966487835 -0.142202288347397 0.981453780636088
1688725912000250 -33.8088596183309 -18.9917451950921 21.0976557986094 -0.0062240617801018 -0.128597847405013 -0.142018922086033 0.981455287044334
1688725912000330 -34.0496678835291 -19.0789357664467 21.2048886590305 -0.00637275828767305 -0.12861974826423 -0.142149428834108 0.981432569354813
1688725912000410 -34.2915586765443 -19.1660380215582 21.3120989448242 -0.006301337435425 -0.128507945309069 -0.142463292961496 0.981402165932771
1688725912000490 -34.5305057158278 -19.2528926822424 21.4181440511803 -0.00633986653561722 -0.128549857581545 -0.142638021711434 0.981371048569461
1688725912000570 -34.7677204727866 -19.3392840386037 21.5235796548519 -0.00587756851826237 -0.128183991690532 -0.143157724034318 0.981346108420423
1688725912000650 -35.0034055468894 -19.4260255617983 21.6290547115146 -0.00562378843386097 -0.128028079706135 -0.143389751003086 0.981334073146186
1688725912000730 -35.2340813896149 -19.5115004660485 21.7321195570776 -0.0058197152369607 -0.128214050485724 -0.142933605449503 0.981375194615092
1688725912000810 -35.4590415680995 -19.5953298305307 21.8325148187435 -0.00580311806686979 -0.128288848915517 -0.142559242048844 0.981419970028679
1688725912000890 -35.6889521302401 -19.6809555298584 21.9355247896953 -0.00618070420751368 -0.128538998536703 -0.142088214155708 0.981453240938519
1688725912000970 -35.9213588127163 -19.7663694791184 22.0389106303 -0.00651527087264827 -0.12871462254426 -0.141837602626246 0.981464309931841
1688725913000050 -36.1524495463012 -19.8514893502319 22.1416005876384 -0.00683604227697001 -0.128840254312631 -0.141614059430637 0.981477924135953
1688725913000130 -36.3791497678319 -19.9355857193029 22.2430919590443 -0.00656229094193166 -0.128692495083054 -0.141768535942297 0.981476877090678
1688725913000210 -36.6086429912081 -20.020129814841 22.345994667945 -0.0062547323185566 -0.128491637852692 -0.142010975610584 0.981470152440555
1688725913000290 -36.8433543357172 -20.1052951723066 22.4505815878558 -0.00647141068082095 -0.128490558586272 -0.142041326337466 0.981464496968832
1688725913000370 -37.0747234679629 -20.1900374595056 22.5539741273363 -0.00692380840926794 -0.128623624847546 -0.141866051434539 0.981469330880269
1688725913000450 -37.3085998897031 -20.2745726489078 22.6570819305528 -0.0076266762655127 -0.128880392894388 -0.141556301345545 0.981475161013206
1688725913000530 -37.5343663178753 -20.3578184924812 22.7581814439727 -0.00768520085912578 -0.12894220285978 -0.141480327246086 0.98147754075769
1688725913000610 -37.7508127098023 -20.4395417170767 22.8559357939587 -0.00721907369379086 -0.128733085898325 -0.141568004479618 0.98149588775387
1688725913000700 -37.970924593298 -20.5219351824736 22.9548349150287 -0.0066252069137857 -0.128414550353381 -0.141879743827497 0.981496789695378
1688725913000770 -38.2003533094411 -20.6061883738589 23.0572614597463 -0.00688272025467336 -0.128516755580229 -0.141790843849101 0.981494487145795
1688725913000850 -38.4296090197919 -20.6902650206155 23.1595571409625 -0.00731389842875011 -0.128705472685146 -0.141691522136513 0.981480983384449
1688725913000930 -38.6537702191553 -20.7732127153731 23.2596012153354 -0.00750814948416844 -0.128798623657114 -0.14155505882373 0.981486987971194
1688725914000010 -38.8705723516572 -20.8543057279229 23.3567030204509 -0.00741048937819958 -0.128761606714835 -0.141484524423593 0.981502757322678
1688725914000090 -39.0840594422795 -20.9342760799375 23.4521228298453 -0.00685941992675305 -0.128487707913107 -0.14161061497824 0.9815244729496
1688725914000180 -39.3024272381164 -21.0155930742768 23.5495881595385 -0.00694638271258877 -0.128538971053547 -0.141369815199711 0.981551861104702
1688725914000250 -39.519861542268 -21.0964705886527 23.6467548309653 -0.00663376135662755 -0.128420917885947 -0.141410228934153 0.981563654692035
1688725914000330 -39.7350471708171 -21.1777048171422 23.7457190159402 -0.00667086021985822 -0.12859945650534 -0.141058387867973 0.981590653288094
1688725914000410 -39.9494996387542 -21.2553339928782 23.8385510641283 -0.00701773006239239 -0.128787464316501 -0.140562452081185 0.98163472715905
1688725914000450 -40.0562040841316 -21.2949248797055 23.8865489092764 -0.0068938765884774 -0.128774217193587 -0.140612258042442 0.981630209569758
1688725914000490 -40.1634870055782 -21.3348553070878 23.9350052943005 -0.00680376160455655 -0.128702442465161 -0.140721993235671 0.981624526359906
1688725914000540 -40.271341917848 -21.3752496078482 23.9836294023068 -0.00684621653504886 -0.128662240428332 -0.140767382195656 0.981622993474022
1688725914000570 -40.3800376602244 -21.4158162155323 24.0322612946774 -0.00690504676279282 -0.128673692906951 -0.140766412208635 0.981621219349297
1688725914000650 -40.597379435806 -21.4959172711565 24.1294267795487 -0.00693967682058112 -0.128625373032345 -0.140839953412708 0.981616759138016
1688725914000700 -40.7073387751898 -21.5370907626738 24.1788717304337 -0.00735425756123991 -0.12884764168272 -0.140710789738683 0.981603114185993
1688725914000770 -40.9215370694383 -21.6160749788703 24.2751560928838 -0.00752726087350222 -0.128929864025441 -0.140445413103888 0.98162901161498
1688725914000860 -41.1341823296765 -21.694940283611 24.3706924504748 -0.00748777722871384 -0.128847094080808 -0.140460168377879 0.981638070084062
1688725914000890 -41.2418751015125 -21.7346118032004 24.4188720295887 -0.00777530858768405 -0.129001406702813 -0.140353433968623 0.981630834488341
1688725914000940 -41.3482194456238 -21.7736373007455 24.4665262356703 -0.00784957802209239 -0.129043470791386 -0.140315248840205 0.981630173595891
1688725915000010 -41.559188068285 -21.8521436414476 24.5609824812888 -0.00767130197252054 -0.12893586927223 -0.140472478204399 0.981623235059244
1688725915000060 -41.6641423484639 -21.8913966763248 24.6080926269025 -0.00754109440319729 -0.128846221635176 -0.140535943955631 0.981626930927448
1688725915000090 -41.7685228840873 -21.9303247908039 24.6549599622416 -0.00745100701465348 -0.128808977443072 -0.140495937736304 0.981638233416025
1688725915000180 -41.980245128287 -22.0090729400875 24.7501375817942 -0.00753170808265226 -0.128833838707485 -0.140421402344293 0.981645019923655
1688725915000220 -42.0858574368128 -22.048077670249 24.7976294524249 -0.007310392451963 -0.128703695100347 -0.140557998293925 0.981644215663353
1688725915000250 -42.1920811665741 -22.0875042450897 24.8452754363441 -0.00716720317754509 -0.128643321899786 -0.140546518598296 0.981654828867611
1688725915000340 -42.4042401732352 -22.165712267584 24.9404875384507 -0.00712668951044879 -0.128584951358697 -0.140652213040968 0.981647633088055
1688725915000380 -42.5088126087594 -22.2050285499007 24.9878771959866 -0.00718842221047092 -0.128599398142657 -0.140624885331426 0.98164920567838
1688725915000450 -42.7175481023774 -22.2825973828931 25.0814924841929 -0.00728257968929544 -0.128567735041126 -0.140692073703741 0.981643031827968
1688725915000540 -42.9308211948949 -22.3616708256353 25.1776161825685 -0.00732538610069038 -0.128529611978573 -0.140744495892847 0.981640190924853
1688725915000580 -43.0374326768069 -22.4014385831178 25.225820849632 -0.00755170884720732 -0.128595550156284 -0.140735824410172 0.981631083402048
1688725915000660 -43.2481414905256 -22.4801301083656 25.3209099122106 -0.00777503162542932 -0.128719896450079 -0.140634642632594 0.981627543640003
1688725915000740 -43.4482195275914 -22.5544764671161 25.4105730439586 -0.00774089720785186 -0.128835628433552 -0.140451279008974 0.981638883490916
1688725915000820 -43.6475433581905 -22.6291394172376 25.5001389335193 -0.00736332449709113 -0.128619873643138 -0.14067601143222 0.981637901348504
1688725915000890 -43.8538438298052 -22.7060277939424 25.5924879933449 -0.00680243344259652 -0.12822576131447 -0.141233222385233 0.981613497222439
1688725915000980 -44.0650536125578 -22.7836758215466 25.6870417988626 -0.00687096630870338 -0.12819728946925 -0.14140333470987 0.981592248200672
1688725916000060 -44.2761857964029 -22.8611092031893 25.7818100779509 -0.00717146461437617 -0.128320841592503 -0.141277954511419 0.981592008564325
1688725916000140 -44.4820058702687 -22.9366276292298 25.8740279825551 -0.00754823200104041 -0.128534567743734 -0.140908896080447 0.981614268485325
1688725916000220 -44.6867465016996 -23.0126087376649 25.966409960344 -0.00742646063008192 -0.12842481861345 -0.141080871566223 0.981604860075951
1688725916000300 -44.8881222101012 -23.0872262055994 26.0565522683975 -0.00742978399626064 -0.128416966525579 -0.141079804822867 0.981606015511966
1688725916000380 -45.0838112764528 -23.15913256045 26.1440920590126 -0.00725120183372161 -0.128302523896268 -0.141222346517381 0.981601819108919
1688725916000460 -45.2821689515541 -23.2329387936942 26.2333711091659 -0.00673063501677991 -0.12788338395002 -0.141765878710287 0.981581873454916
1688725916000540 -45.4787781674594 -23.3054568060438 26.3212827474722 -0.00678244700717216 -0.127910813355798 -0.14162007052562 0.981598990353786
1688725916000620 -45.6693408162132 -23.3757822713245 26.4065077003818 -0.00703496116797772 -0.128105055107548 -0.141386475912317 0.981605556527851
1688725916000740 -45.9330752823134 -23.4706174690199 26.5223953315255 -0.00706842280246176 -0.128114865815996 -0.141183324838735 0.98163327538522
1688725916000820 -46.144698654119 -23.5525206517594 26.6201960836935 -0.00690376135002355 -0.128040232095157 -0.141325494090273 0.981623727180828
1688725916000900 -46.3284990054914 -23.6218380384489 26.7035791810876 -0.00621612267134349 -0.127570217880546 -0.141931311203117 0.981602109935084
1688725917000020 -46.5809101298265 -23.7164399737092 26.8179880326073 -0.00529977058848493 -0.126839404524706 -0.142554080494098 0.981611945743332
1688725917000140 -46.8642213924681 -23.824444243644 26.9477114543379 -0.00590037580040149 -0.126866908795783 -0.14174862844856 0.981721599717032
1688725917000260 -47.1243665850593 -23.9255167836125 27.0684290151329 -0.00651022354729878 -0.126950242505687 -0.140891790456562 0.981830309319821
1688725917000380 -47.367545708357 -24.0181429383968 27.1795403334476 -0.00677631477341149 -0.126927845729949 -0.140208581514757 0.981929201727938
1688725917000540 -47.7148109983425 -24.1564085595209 27.3487128267624 -0.00546435972955915 -0.125470174254849 -0.140457601475747 0.982089119343496
1688725917000700 -48.0784113817362 -24.2880429016184 27.5197344738022 -0.0051828228901259 -0.124760060771176 -0.140213811623689 0.982215939909966
1688725917000820 -48.3590529748834 -24.4005970344373 27.658544656032 -0.00643761306201505 -0.124841257784764 -0.13923937729977 0.98233681255563
1688725917000940 -48.6076053271164 -24.4988944471466 27.7782276279801 -0.00706129717341585 -0.124443196405872 -0.13807445402117 0.982547441143314
1688725918000100 -48.9052645241989 -24.616035024062 27.9205710191896 -0.00662824228963072 -0.122849872456947 -0.136911377824771 0.98291365331019
1688725918000260 -49.3219937030117 -24.7714895438764 28.1207534209465 -0.00553695965806134 -0.120496071145626 -0.13556007235456 0.983398955510651
1688725918000380 -49.5880150906987 -24.870361730759 28.2517432384761 -0.00524540915521049 -0.118949448328652 -0.134005147592582 0.983801877841161
1688725918000500 -49.8831875985801 -24.9968780219637 28.4009979932165 -0.00600193007043557 -0.11790295785415 -0.131598910061329 0.984248239132457
1688725918000620 -50.1994961914771 -25.1264121838995 28.560307988534 -0.00736515782602469 -0.116779770589794 -0.128924542026358 0.984726714421055
1688725918000700 -50.429463567006 -25.2159564600399 28.6742444124974 -0.00699073514029576 -0.115197737063333 -0.127761830015581 0.985067269676927
1688725918000740 -50.5459552983541 -25.260990523521 28.7318851623979 -0.00714154780923236 -0.114528617207555 -0.127030352060717 0.985238795313473
1688725918000860 -50.8557397868354 -25.3866488741392 28.8882260811325 -0.00709902997656586 -0.112654167121126 -0.124644292547583 0.985759830150808
1688725918000980 -51.2580362115701 -25.5526375574685 29.0952376026601 -0.00818492903103326 -0.11111380146287 -0.121762150954228 0.986286321843828
1688725919000100 -51.6190151096149 -25.7074660538139 29.2880277671885 -0.0100838170030918 -0.109966793322858 -0.118551198048285 0.986788343284543
1688725919000220 -51.9771423159686 -25.8736693932928 29.4886592245923 -0.0137020806349853 -0.110084546510737 -0.113838450778939 0.987286408662678
1688725919000300 -52.2152553766149 -25.9853034490082 29.6227292071035 -0.014657472148658 -0.109186324488916 -0.110843268448332 0.987713154156865
1688725919000380 -52.4704413540439 -26.0987442177006 29.7646789447802 -0.0143103905901603 -0.10744657618167 -0.108484062262072 0.988170862868923
1688725919000460 -52.7393132874248 -26.2139858772206 29.9105327014496 -0.0137722357614852 -0.105472690202157 -0.106122154207374 0.988647523402571
1688725919000540 -53.0410213802627 -26.3447971561294 30.074773159548 -0.0133932598161599 -0.10363779029999 -0.103854216536411 0.989087524297441
1688725919000580 -53.1842673604435 -26.4083978330011 30.1568783663909 -0.0136570590235666 -0.1029188684236 -0.102475685474665 0.989302746962592
1688725919000660 -53.4598200508713 -26.5374580226913 30.3188974103661 -0.0151486904409311 -0.102063931481945 -0.0991690978932784 0.989706502500316
1688725919000740 -53.7445634614984 -26.6801145306045 30.4906101859873 -0.01780949779532 -0.101804969710685 -0.095466759149936 0.990052861128078
1688725919000780 -53.882623706528 -26.7507286070309 30.5764933495014 -0.0193386107303408 -0.101854535513689 -0.0934637043681367 0.990210183595431
1688725919000860 -54.1692451813397 -26.8997004467094 30.7554740395695 -0.0218171900043467 -0.101403859537463 -0.0900425831138988 0.99052188300784
1688725919000940 -54.4750202687731 -27.0564430526648 30.946307127963 -0.0242035866797577 -0.100851976484218 -0.0863605815580261 0.990850601848746
1688725920000020 -54.7506599886352 -27.1981088875024 31.1214749373023 -0.0263630193053147 -0.0998568179784221 -0.0828703447345644 0.991194286242564
1688725920000100 -55.1631042252754 -27.4006989326968 31.3710210748538 -0.0280862699453877 -0.098498526594881 -0.0796589249958392 0.991546094424107
1688725920000180 -55.5301542239707 -27.5835922724981 31.5992312638329 -0.029430018496818 -0.0969139696389838 -0.0767329463336106 0.991893951714121
1688725920000260 -55.9001771643748 -27.7726913797726 31.835911669636 -0.0309653146122145 -0.0954178762174696 -0.0737831447734346 0.992216017677832
1688725920000340 -56.3229153638165 -27.9840343754122 32.1028017358618 -0.0324416631034986 -0.0936688638019311 -0.070558280727733 0.99257000330953
1688725920000380 -56.5317940293827 -28.0938434898009 32.2360877069713 -0.033073452793125 -0.0927444469978725 -0.0689253995936839 0.992750675427749
1688725920000460 -56.9271024067668 -28.3108745337042 32.4966543532061 -0.0354861904990391 -0.0915624155693691 -0.0646454696962689 0.993064961413259
1688725920000540 -57.3227351011523 -28.5338301829011 32.7650249885391 -0.0380558292593678 -0.0905647079242015 -0.0597891299772642 0.993365515545284
1688725920000620 -57.7285162884769 -28.764797363396 33.0455239611659 -0.0407129207127466 -0.0895487098611693 -0.0546639255097415 0.99364749378092
1688725920000700 -58.1058712920095 -28.9810651866335 33.3117337093929 -0.0424098108741289 -0.0873781483855398 -0.0502679088058037 0.994001813112344
1688725920000780 -58.6127792830787 -29.2685577772294 33.6602352646765 -0.0442357252740486 -0.0855695409159046 -0.046187474181192 0.994277512320218
1688725920000820 -58.851478756865 -29.4052687242156 33.827806250277 -0.0451671357748673 -0.0845026671384971 -0.0441563448165269 0.994419150210222
1688725920000860 -59.0824023604166 -29.5381633217573 33.9920667129131 -0.0458706220638903 -0.0832246943620977 -0.0422718982131139 0.99457660484312
1688725920000940 -59.5746288307989 -29.8214800847491 34.3441744859029 -0.0486662130694326 -0.0814946544832622 -0.0377316550517374 0.994769593023023
1688725921000020 -60.0369620871551 -30.0981629862918 34.6854667275574 -0.0512427283548399 -0.0791788745861332 -0.0327758870922695 0.995002829058963
1688725921000100 -60.6310641969816 -30.4400495623577 35.1142162246271 -0.0545553849881167 -0.077487901673366 -0.0272651690841677 0.995126095335596
1688725921000140 -60.8740374026028 -30.5849618135644 35.2951484409549 -0.0565069748906706 -0.0764778282361979 -0.0241906199342859 0.995174817549246
1688725921000220 -61.4194825228598 -30.9111583917138 35.7075664035238 -0.0599598333830242 -0.0743920514526728 -0.0180452950110128 0.995261276444185
1688725921000300 -61.9632557532536 -31.2540658555714 36.140863246751 -0.0639797412940409 -0.0722368105244365 -0.0111342141275873 0.995271051113698
1688725921000380 -62.5308874333935 -31.6071861051088 36.599742603585 -0.0677133369413716 -0.0693601768502828 -0.00410476065699086 0.995282482920056
1688725921000460 -63.1963701338742 -31.9762708838701 37.1227314473986 -0.0727358620853948 -0.066510509892621 0.00459789590780434 0.995120447882435
1688725921000500 -63.5158942739572 -32.1462151397112 37.3721438217288 -0.0751017384458764 -0.0644671280034208 0.00921381142422581 0.995047146605846
1688725921000580 -63.7899721553439 -32.3504353230067 37.6112849625697 -0.0790054669841997 -0.0587904159912972 0.0170652511029577 0.994992763983222
1688725921000620 -63.8362265102986 -32.4242906868219 37.6886701661819 -0.0816517671860735 -0.0561891326410904 0.0215647559207498 0.994842063641517
1688725921000660 -63.872375191467 -32.4863744483244 37.7557536932202 -0.0844575058370136 -0.0531250933336545 0.0267987248281866 0.994648924250996
1688725921000740 -63.9456620637851 -32.598498805867 37.8750088534787 -0.0900795089169964 -0.0459862016213387 0.03757308031874 0.994162569688215
1688725922000020 -63.8809078747295 -32.5386399308142 37.7908777304606 -0.0949305459276063 -0.0332362915919666 0.0516122063861207 0.993589311799929
1688725922000260 -63.9422453975533 -32.5517610578505 37.776207025245 -0.100451864350938 -0.0279937507630519 0.0622546668511695 0.99259766739696
1688725922000540 -63.8462917618201 -32.5069875268842 37.7147148918932 -0.10439325276928 -0.0202730194226545 0.0710346614767302 0.991788853702553
1688725922000780 -63.7848567642853 -32.4748497458399 37.6596392648476 -0.10777471610094 -0.013742333101416 0.0783616508290107 0.990986988072822
1688725923000020 -63.7398385906157 -32.4430388387163 37.6077586221036 -0.110431040130028 -0.00623394524483872 0.0854245047151506 0.990186233643276
1688725923000340 -63.683274566117 -32.3991058367515 37.5338380312915 -0.114644670819496 0.000420793446610992 0.0943607803853996 0.988914791835284
1688725924000100 -63.6355925941657 -32.3635576950289 37.4787061201337 -0.119557955753463 0.0119515255655878 0.1045045344771 0.987239514265121
1688725925000580 -63.6766583864047 -32.3572812528006 37.4977975922931 -0.122026005805563 0.0137504448127773 0.10972107571696 0.986347740261063
1688725926000620 -63.6939354179859 -32.3402687738254 37.4973667649427 -0.126202512260093 0.0148512173050911 0.117421807730946 0.984918517600819
1688725926000940 -63.7067968301493 -32.3282929883914 37.4825315278288 -0.127591265059821 0.0218286443262778 0.121253747073975 0.984145064605738
1688725927000020 -63.7106378969152 -32.3342774552026 37.4925082930328 -0.128706271362215 0.0231528665389494 0.122028718216272 0.983873788863978
1688725927000100 -63.7156466020758 -32.3411466352371 37.5045751914238 -0.129310282340112 0.0250066829623749 0.122503308698255 0.983690223620383
1688725927000180 -63.7205171993525 -32.3482747003634 37.5169097691832 -0.130162816491976 0.0268387108647388 0.122929606020673 0.983476302086429
1688725927000260 -63.7254557215372 -32.3553688493346 37.5296639571734 -0.130642488991778 0.0291092562206381 0.123002792222979 0.98333895701211
1688725927000300 -63.7276834915 -32.3597034815983 37.5365273334845 -0.131277504179677 0.0299937436157816 0.12312550666755 0.983212439835931
1688725927000380 -63.7332686650776 -32.3681944441622 37.5515285614947 -0.132208262485174 0.0321774945918898 0.1237001980854 0.982946511854065
1688725927000460 -63.7392181391546 -32.377313688934 37.5675544704329 -0.133380989983229 0.0343110109839417 0.124251943685152 0.982646284543332
1688725927000540 -63.7452839625974 -32.3872014516321 37.5854850177997 -0.135126666810154 0.0358658680073161 0.125124977004807 0.982241397803211
1688725927000620 -63.7523237263792 -32.3976777534582 37.6060609075873 -0.1367210138846 0.0372870335602325 0.125820401480618 0.981878947763879
1688725927000660 -63.7558229596223 -32.4033645592099 37.6173474632052 -0.137538751270009 0.0376624370408263 0.126160907404977 0.98170670680096
1688725927000740 -63.7639770993233 -32.4161275605001 37.6424812780002 -0.13930327025255 0.0388724454470297 0.126376093829677 0.981383011260265
1688725927000820 -63.7734420034555 -32.4308132744678 37.6709109018073 -0.140213099339374 0.0407250732760331 0.126466240070874 0.981166675597293
1688725927000900 -63.782035114073 -32.4475037081303 37.7002927613783 -0.140863866518655 0.0426439650434715 0.126102621214212 0.981038731283169
1688725927000980 -63.7910013364166 -32.4665174569057 37.7322403638539 -0.14222081053664 0.0446007367172751 0.126337155004822 0.98072572037235
1688725928000060 -63.796485372299 -32.4887947543171 37.76281060548 -0.143778526373015 0.0467153082740173 0.126211725201989 0.980416246167109
1688725928000140 -63.8011451809282 -32.5117145367833 37.7955711916736 -0.145309054265594 0.0484171514085684 0.125869214866413 0.980152028486822
1688725928000180 -63.8058540295767 -32.5249778759348 37.8152807270606 -0.145997761051816 0.0495896772399062 0.125819316342161 0.979997457810116
1688725928000260 -63.8168637218487 -32.5540964777218 37.8593445060281 -0.147465785009815 0.0513074837507045 0.12460254311063 0.979844676779424
1688725928000340 -63.827749688297 -32.5836984776593 37.9054255115823 -0.14801987290386 0.0532668413380684 0.123017516814824 0.979856852502499
1688725928000420 -63.8384586898898 -32.6073794008295 37.9423319286691 -0.14778906661385 0.0560218384898346 0.121517367667598 0.979925239371231
1688725928000500 -63.8486277423095 -32.6308624588002 37.9784011905193 -0.147502276686537 0.059002426449436 0.119719701385297 0.980014788228005
1688725928000580 -63.8612173053681 -32.6557240465297 38.0186928222869 -0.147702263689181 0.0616847827136342 0.11865005880076 0.979949586677416
1688725928000660 -63.874487838259 -32.6811810029801 38.0614659429421 -0.148330902732594 0.0639233944153264 0.11751869398439 0.979847487880211
1688725928000740 -63.8888692481552 -32.7050930723485 38.1011964643546 -0.149188632448225 0.0661014603393725 0.116847383114156 0.979653019159643
1688725928000820 -63.9030414465314 -32.7292374046315 38.14156852319 -0.150326166720119 0.0682906643562324 0.116732992658367 0.979342553546021
1688725928000900 -63.939677166682 -32.7652739899961 38.1994360289309 -0.151145437573542 0.0706038639190167 0.116470429270198 0.979083648217058
1688725928000980 -63.9305371142651 -32.7788491950002 38.2257471739939 -0.151548790600736 0.0732854095829442 0.115000360237997 0.978998023468304
1688725929000060 -63.9433987294314 -32.8042311646396 38.2691595660099 -0.151807510416123 0.0759410777839635 0.113602474447438 0.978918745497137
1688725929000140 -63.9564173646031 -32.8308877826384 38.3162354995381 -0.15264329491367 0.0776931967066376 0.112448415096631 0.978784524625138
1688725929000220 -63.9713385075656 -32.8598361157148 38.368956315726 -0.153753964906755 0.0792728896816196 0.111672666137813 0.978572809184197
1688725929000300 -63.9859939527508 -32.8893364349913 38.4247690791926 -0.155053258060199 0.0805893332447972 0.110834411896407 0.978355548699783
1688725929000380 -64.0124665176903 -32.9283271118615 38.4939181895427 -0.15620825927701 0.0820936623518292 0.109637583846587 0.978181583625245
1688725929000460 -64.0149631283641 -32.9519182607275 38.5487593533749 -0.157848641116567 0.0829517994764451 0.108794132364809 0.977939999296614
1688725929000540 -64.0299759543418 -32.9867199212271 38.6210294067855 -0.159102813429343 0.0839033231032269 0.106956558068671 0.977858283094849
1688725929000620 -64.0413875162411 -33.0180429441532 38.6865254078719 -0.160069419010294 0.0849216784870797 0.10512431843883 0.977811314770603
1688725929000700 -64.0569813638954 -33.0514550464787 38.7566550222093 -0.16107902082342 0.0863741229925029 0.10361291719438 0.977679611794331
1688725929000780 -64.0926429546058 -33.0955686902153 38.8422026238181 -0.160993627447669 0.0881399132046643 0.101220485258402 0.977786695034029
1688725929000900 -64.1088285475319 -33.1396160107915 38.9465533723092 -0.163259581205833 0.0899549067600537 0.0995750429095205 0.977414566457782
1688725930000020 -64.1481023567065 -33.1961691197098 39.0651824447581 -0.164294895331149 0.0920480295543744 0.0968741523033598 0.977317628122398
1688725930000100 -64.172404764185 -33.2334155336206 39.1509435849496 -0.165345567092318 0.0933154135601396 0.0949688384711273 0.977207243502863
1688725930000340 -64.2745303370234 -33.3595179828995 39.4463754046079 -0.168792280351782 0.0957425717775329 0.08713695055919 0.977112929957594
1688725930000420 -64.3157666851296 -33.4084018221322 39.5740702602279 -0.169903418421284 0.0954514302283257 0.0835085483061768 0.977265662568743
1688725930000500 -64.3636570725328 -33.461406094132 39.7090963344542 -0.171244938602374 0.0949860370040443 0.0796306495285218 0.977400523548561
1688725930000620 -64.4540543612544 -33.569171920869 39.9493908104326 -0.173706363919689 0.09309252291517 0.0721823930096796 0.977726742730547
1688725930000740 -64.5224619414302 -33.6548571200869 40.1636262240549 -0.176184980175974 0.0903327054786982 0.0634567206564319 0.978147279137872
1688725930000820 -64.5853659129759 -33.7178641241426 40.3245226684469 -0.17772667350185 0.0882389920690365 0.0572510967757726 0.978442344608295
1688725930000900 -64.6551236046666 -33.7776064343499 40.4691196016447 -0.17938989091976 0.0876145559941631 0.0525581850533316 0.978458273917515
1688725930000980 -64.7170335338013 -33.8275470054027 40.5968793166429 -0.180962539908189 0.0866698015923881 0.0470113773320112 0.978535045383281
1688725931000020 -64.7531975122264 -33.8537354965782 40.6633234328562 -0.181798813446956 0.0864846221127326 0.0446618061933022 0.978506476542107
1688725931000060 -64.7863648589294 -33.8800073093925 40.7264414731229 -0.182293559284509 0.0863028607937735 0.0420678159462817 0.978545437536605
1688725931000300 -64.8774783343009 -34.0033144983681 40.9775593125766 -0.185722821054724 0.0788852244319643 0.0275486877210525 0.979043014841862
1688725931000380 -64.9112986901478 -34.045240573078 41.066402656106 -0.187110650940747 0.0751206775751095 0.0223039548298444 0.979208364805027
1688725931000460 -64.9486945647241 -34.0864795037217 41.1555781833548 -0.188615061624577 0.0715048344198346 0.0172718246073271 0.979292142957189
1688725931000580 -65.0113940856799 -34.1465979401858 41.2943710633047 -0.1908846412721 0.0650101292355341 0.00849667255424565 0.979420514068756
1688725931000780 -65.1341994406679 -34.2428312004686 41.5350347458617 -0.194488968991666 0.0515962834295197 -0.00631763091190163 0.979526391689617
1688725931000860 -65.1904805449278 -34.2792033834849 41.6329588911707 -0.195833769465376 0.0458245587477827 -0.012625246907315 0.979484480577963
1688725931000940 -65.2528468103576 -34.3155976135113 41.7343071469554 -0.197544759883387 0.0391616029037066 -0.0192249980857594 0.97932264149729
1688725932000020 -65.318892883701 -34.3501903007666 41.8344466320606 -0.198703507046626 0.0319096778993773 -0.0268543390806777 0.979171860919353
1688725932000100 -65.3806876281632 -34.3785831358735 41.9206378018828 -0.199678710692344 0.0259084080299602 -0.033244099356418 0.978954542738107
1688725932000180 -65.4380928665522 -34.4025040183864 41.9961031485781 -0.200973659320508 0.0203039269569304 -0.0389366136759749 0.978611914358751
1688725932000260 -65.4968135587145 -34.4241998039483 42.066636874025 -0.201953398435063 0.0153444631925328 -0.0444891685848903 0.97826381216341
1688725932000300 -65.5283888589516 -34.4351474733682 42.1019452681578 -0.202504918439443 0.0131161187672404 -0.0471276118209313 0.978058645297087
1688725932000380 -65.5915783291173 -34.4551238159612 42.1698613986676 -0.203405260662489 0.00841417996597621 -0.0528058725658133 0.977633388000271
1688725932000540 -65.722078401333 -34.4883747147458 42.2956189649498 -0.205554529755462 0.000737701724265217 -0.0634095431103344 0.976588972360284
1688725932000940 -65.7336075028191 -34.4981070200239 42.3212964174942 -0.206438880449004 -0.00186607534158469 -0.0653897833068051 0.976270291794681
1688725933000260 -65.730287728659 -34.5034609355818 42.3313477942459 -0.20588200845698 -0.0037774056508119 -0.0672248152557833 0.976257729298004
1688725933000780 -65.7175547373643 -34.5036420384415 42.3483940088807 -0.206683904935062 -0.00617867108687233 -0.0667423509910166 0.976109136341109
1688725934000340 -65.7144938336195 -34.504859822721 42.3733113416788 -0.205875994187692 -0.0084786180879734 -0.0682700430548556 0.976156949098779
1688725935000060 -65.7134660597191 -34.5136317241887 42.4029021373031 -0.207182585349655 -0.0112454268260656 -0.0694334024751008 0.975770423472685
1688725935000820 -65.7230865369106 -34.5228234049736 42.4421747588144 -0.207493794734471 -0.0137644276924398 -0.0714322099785309 0.975527705938982
