0 1688725888000730 13.086209 -27.853791 -0.477000
1 1688725888010000 13.086209 -27.853791 -0.477000
0 1688725889000970 14.954476 -29.415772 -0.497766
1 1688725889010000 14.848398 -32.797550 -0.626000
0 1688725890000970 16.589802 -30.786450 -0.515934
1 1688725890010000 16.541857 -38.084532 -0.827000
0 1688725891000970 18.238374 -32.170672 -0.534254
1 1688725891010000 18.308085 -42.981713 -0.960000
0 1688725892000970 19.926944 -33.584809 -0.553004
1 1688725892009999 20.136994 -48.007505 -1.055000
0 1688725893000930 21.588943 -34.982133 -0.571532
1 1688725893009999 21.992454 -53.052563 -1.197000
0 1688725894000970 23.345856 -36.470349 -0.591108
1 1688725894009999 23.699630 -58.089901 -1.315000
0 1688725895000930 24.890084 -37.764083 -0.608325
1 1688725895009999 25.699604 -62.655149 -1.395000
0 1688725896000970 26.486073 -39.108511 -0.626016
1 1688725896009999 27.698244 -67.197060 -1.319000
0 1688725897000970 28.063681 -40.430000 -0.643425
1 1688725897009999 29.652473 -71.967065 -1.371000
0 1688725898000970 29.628836 -41.740608 -0.660573
1 1688725898009999 31.595829 -76.850173 -1.512000
0 1688725899000970 31.039780 -42.926025 -0.676036
1 1688725899009999 33.549365 -81.667914 -1.611000
0 1688725900000930 32.377579 -44.014904 -0.690443
1 1688725900009999 35.314273 -85.911038 -1.706000
0 1688725901000930 33.271665 -44.689244 -0.699154
1 1688725901009999 36.744795 -89.570752 -1.799000
0 1688725902000970 34.749226 -45.689882 -0.711972
1 1688725902009999 38.001205 -92.350698 -1.952000
0 1688725903000970 37.027965 -47.060818 -0.729784
1 1688725903009999 39.353609 -94.413610 -2.012000
0 1688725904000890 40.860539 -49.248853 -0.757565
1 1688725904009999 41.425254 -96.427066 -2.099000
0 1688725905000970 46.259840 -51.921701 -0.789768
1 1688725905009999 44.881220 -98.318611 -2.173000
0 1688725906000970 51.409031 -53.717875 -0.812670
1 1688725906009999 48.980013 -99.135782 -2.159000
0 1688725907000890 56.030851 -55.015397 -0.830477
1 1688725907009999 53.144425 -98.904571 -2.190000
0 1688725908000890 60.920485 -56.382172 -0.849327
1 1688725908009999 57.555545 -98.543711 -1.955000
0 1688725909000930 65.890899 -57.795951 -0.868815
1 1688725909009999 61.937443 -97.198599 -1.877000
0 1688725910000970 71.100221 -59.273312 -0.889428
1 1688725910009999 66.527617 -95.542279 -1.852000
0 1688725911000930 76.001585 -60.659912 -0.908711
1 1688725911009999 71.359978 -93.836194 -1.859000
0 1688725912000970 81.432011 -62.192237 -0.930044
1 1688725912009999 76.391825 -92.076387 -1.933000
0 1688725913000930 86.314367 -63.579450 -0.949329
1 1688725913009999 81.491922 -90.293145 -1.950000
0 1688725914000940 91.133712 -64.966055 -0.968426
1 1688725914009999 86.437356 -88.594253 -1.946000
0 1688725915000980 95.993926 -66.367392 -0.987817
1 1688725915009999 91.173205 -87.008891 -1.919000
0 1688725916000900 100.040947 -67.526686 -1.003982
1 1688725916009999 95.798963 -85.498536 -1.894000
0 1688725917000940 104.137058 -68.775607 -1.022105
1 1688725917009999 100.132940 -84.103843 -1.886000
0 1688725918000980 108.922068 -70.311333 -1.045678
1 1688725918009999 104.006851 -82.981144 -1.862000
0 1688725919000940 114.873155 -72.729677 -1.083026
1 1688725919009999 107.644744 -82.346910 -1.898000
0 1688725920000940 124.549779 -77.503183 -1.158469
1 1688725920010000 111.193987 -82.616364 -1.919000
0 1688725921000740 133.103281 -82.598329 -1.245457
1 1688725921010000 114.371311 -83.954154 -1.902000
0 1688725922000780 132.774903 -82.357902 -1.238946
1 1688725922009999 116.750516 -86.265226 -1.912000
0 1688725923000340 132.568974 -82.211858 -1.235232
1 1688725923009999 118.091338 -89.524976 -1.838000
0 1688725924000100 132.472316 -82.143320 -1.233646
1 1688725924009999 118.458210 -93.282408 -1.809000
0 1688725925000580 132.532060 -82.111381 -1.234105
1 1688725925009999 118.167541 -96.998041 -1.868000
0 1688725926000940 132.560370 -82.027821 -1.233418
1 1688725926009999 117.716392 -100.794611 -1.918000
0 1688725927000980 132.779150 -82.334897 -1.241878
1 1688725927009999 117.056005 -104.393805 -1.946000
0 1688725928000980 133.194750 -83.049102 -1.258575
1 1688725928009999 115.707024 -107.378884 -1.966000
0 1688725929000900 133.701400 -83.867207 -1.283799
1 1688725929009999 113.672384 -109.721020 -1.986000
0 1688725930000980 135.083878 -85.319695 -1.340729
1 1688725930009999 111.260619 -111.420274 -1.962000
0 1688725931000940 136.226582 -86.308333 -1.378874
1 1688725931009999 108.668224 -112.570569 -1.872000
0 1688725932000940 137.089119 -86.565638 -1.397254
1 1688725932009999 106.007512 -113.518881 -1.825000
0 1688725933000780 137.067736 -86.585723 -1.398450
1 1688725933009999 103.361200 -114.399667 -1.809000
0 1688725934000340 137.063767 -86.589954 -1.399474
1 1688725934009999 101.077949 -115.163608 -1.796000
0 1688725935000820 137.088560 -86.630805 -1.402063
1 1688725935009999 99.367934 -115.771577 -1.760000
