0 1703155440000740 13.287667 -35.872781 -0.619000
1 1703155440010000 13.287667 -35.872781 -0.619000
0 1703155441000940 14.644905 -36.473095 -0.625683
1 1703155441010000 14.940061 -40.585080 -0.699000
0 1703155442000940 15.756365 -36.970607 -0.631230
1 1703155442009999 16.574817 -45.357082 -0.747000
0 1703155443000980 16.924266 -37.477577 -0.636958
1 1703155443009999 18.211889 -50.028071 -0.766000
0 1703155444000940 17.952015 -37.930106 -0.642014
1 1703155444009999 19.983972 -54.639959 -0.966000
0 1703155445000980 18.959905 -38.373579 -0.646944
1 1703155445009999 21.772535 -59.214333 -1.095000
0 1703155446000940 19.926159 -38.796296 -0.651716
1 1703155446009999 23.546878 -63.844020 -1.115000
0 1703155447000980 20.971220 -39.255384 -0.656851
1 1703155447009999 25.292091 -68.516586 -1.070000
0 1703155448000940 21.921568 -39.677240 -0.661519
1 1703155448009999 27.042065 -73.150357 -1.026000
0 1703155449000940 22.800938 -40.061446 -0.665824
1 1703155449009999 28.746171 -77.710171 -1.053000
0 1703155450000780 23.464552 -40.341692 -0.668957
1 1703155450009999 30.246203 -81.719570 -1.069000
0 1703155451000750 24.076096 -40.574048 -0.671459
1 1703155451009999 31.418158 -84.885816 -1.190000
0 1703155452000950 24.523371 -40.735248 -0.673073
1 1703155452009999 32.304237 -86.501083 -1.663000
0 1703155454000470 24.921162 -40.846481 -0.673413
1 1703155454009999 33.025717 -87.560961 -1.789000
0 1703155455000950 25.715523 -41.052044 -0.675812
1 1703155455009999 33.463888 -88.099248 -1.720000
0 1703155456000870 27.405693 -41.490046 -0.679348
1 1703155456010000 34.793336 -89.437837 -1.743000
0 1703155457000950 30.449406 -42.159666 -0.683269
1 1703155457010000 37.545014 -91.273567 -1.778000
0 1703155458000990 34.046256 -42.748602 -0.685442
1 1703155458010000 41.639083 -92.643655 -1.796000
0 1703155459000990 37.394183 -43.175314 -0.685464
1 1703155459010000 46.460737 -92.933945 -1.598000
0 1703155460000990 40.604878 -43.574690 -0.685292
1 1703155460010000 51.324560 -92.288771 -1.290000
0 1703155461000910 43.634748 -43.978757 -0.685556
1 1703155461010000 56.056294 -91.100894 -1.223000
0 1703155462000950 47.667155 -44.455831 -0.684980
1 1703155462010000 61.055117 -89.708158 -1.215000
0 1703155463000990 51.725748 -44.943709 -0.684650
1 1703155463010000 66.306244 -88.146990 -1.192000
0 1703155464000950 55.759186 -45.420101 -0.684234
1 1703155464010000 71.754639 -86.454339 -1.194000
0 1703155465000950 59.974030 -45.922876 -0.683894
1 1703155465010000 77.437599 -84.659620 -1.194000
0 1703155466000950 64.107903 -46.421759 -0.683517
1 1703155466010000 83.110011 -82.898055 -1.214000
0 1703155467000990 68.522585 -46.935420 -0.682935
1 1703155467010000 88.738941 -81.185819 -1.211000
0 1703155468000990 72.602717 -47.423972 -0.682586
1 1703155468010000 94.326362 -79.445213 -1.205000
0 1703155469000990 77.385981 -48.199835 -0.685328
1 1703155469010000 99.806049 -77.733011 -1.225000
0 1703155470000990 88.402343 -51.163432 -0.705229
1 1703155470010000 105.116653 -77.035472 -1.243000
0 1703155471000990 115.617696 -63.737976 -0.819079
1 1703155471010000 109.639535 -78.551694 -1.290000
0 1703155472000950 126.199968 -69.527597 -0.874638
1 1703155472009999 112.571478 -82.053421 -1.297000
0 1703155473000750 127.510316 -71.624137 -0.888302
1 1703155473009999 113.372428 -86.400155 -1.284000
0 1703155474000790 129.747604 -74.199367 -0.907351
1 1703155474009999 112.834394 -90.807294 -1.242000
0 1703155475000990 131.605610 -76.432247 -0.922930
1 1703155475009999 112.279940 -95.133132 -1.314000
0 1703155476000910 131.208007 -75.903586 -0.914727
1 1703155476009999 111.447343 -99.387175 -1.442000
0 1703155477000830 130.750870 -75.128043 -0.905388
1 1703155477009999 109.599702 -102.875764 -1.506000
0 1703155478000350 130.719676 -75.075328 -0.904399
1 1703155478009999 106.879654 -105.074644 -1.544000
0 1703155483000550 130.730457 -75.154170 -0.904472
1 1703155483009999 91.161036 -110.879138 -1.202000
