0001 1703155552000428743
0002 1703155552000468772
0003 1703155552000508781
0004 1703155552000548816
0005 1703155552000588810
0006 1703155552000628948
0007 1703155552000668912
0008 1703155552000708730
0009 1703155552000748803
0010 1703155552000788905
0011 1703155552000828811
0012 1703155552000868807
0013 1703155552000908907
0014 1703155552000948750
0015 1703155552000988908
0016 1703155553000028778
0017 1703155553000068783
0018 1703155553000108879
0019 1703155553000148971
0020 1703155553000188785
0021 1703155553000228792
0022 1703155553000268788
0023 1703155553000309062
0024 1703155553000348809
0025 1703155553000388797
0026 1703155553000428825
0027 1703155553000468813
0028 1703155553000508826
0029 1703155553000548853
0030 1703155553000588929
0031 1703155553000628877
0032 1703155553000669111
0033 1703155553000708861
0034 1703155553000749004
0035 1703155553000788981
0036 1703155553000828860
0037 1703155553000868885
0038 1703155553000908961
0039 1703155553000948927
0040 1703155553000988974
0041 1703155554000028987
0042 1703155554000068988
0043 1703155554000109094
0044 1703155554000149160
0045 1703155554000189098
0046 1703155554000228909
0047 1703155554000269025
0048 1703155554000308948
0049 1703155554000349016
0050 1703155554000389021
0051 1703155554000428968
0052 1703155554000469016
0053 1703155554000509035
0054 1703155554000549004
0055 1703155554000589130
0056 1703155554000629121
0057 1703155554000669012
0058 1703155554000709035
0059 1703155554000749082
0060 1703155554000789086
0061 1703155554000829001
0062 1703155554000869070
0063 1703155554000909222
0064 1703155554000949090
0065 1703155554000989133
0066 1703155555000029239
0067 1703155555000069077
0068 1703155555000109074
0069 1703155555000149222
0070 1703155555000189229
0071 1703155555000229101
0072 1703155555000269143
0073 1703155555000309081
0074 1703155555000349228
0075 1703155555000389149
0076 1703155555000429276
0077 1703155555000469190
0078 1703155555000509104
0079 1703155555000549074
0080 1703155555000589226
0081 1703155555000629293
0082 1703155555000669114
0083 1703155555000709214
0084 1703155555000749295
0085 1703155555000789131
0086 1703155555000829259
0087 1703155555000869257
0088 1703155555000909135
0089 1703155555000949235
0090 1703155555000989287
0091 1703155556000029183
0092 1703155556000069197
0093 1703155556000109215
0094 1703155556000149239
0095 1703155556000189249
0096 1703155556000229386
0097 1703155556000269199
0098 1703155556000309244
0099 1703155556000349209
0100 1703155556000389253
0101 1703155556000429270
0102 1703155556000469228
0103 1703155556000509260
0104 1703155556000549337
0105 1703155556000589310
0106 1703155556000629444
0107 1703155556000669328
0108 1703155556000709334
0109 1703155556000749239
0110 1703155556000789335
0111 1703155556000829458
0112 1703155556000869271
0113 1703155556000909305
0114 1703155556000949331
0115 1703155556000989279
0116 1703155557000029372
0117 1703155557000069313
0118 1703155557000109272
0119 1703155557000149286
0120 1703155557000189379
0121 1703155557000229327
0122 1703155557000269416
0123 1703155557000309390
0124 1703155557000349522
0125 1703155557000389350
0126 1703155557000429452
0127 1703155557000469370
0128 1703155557000509432
0129 1703155557000549339
0130 1703155557000589366
0131 1703155557000629319
0132 1703155557000669446
0133 1703155557000709438
0134 1703155557000749400
0135 1703155557000789530
0136 1703155557000829466
0137 1703155557000869390
0138 1703155557000909594
0139 1703155557000949460
0140 1703155557000989450
0141 1703155558000029375
0142 1703155558000069495
0143 1703155558000109513
0144 1703155558000149519
0145 1703155558000189484
0146 1703155558000229545
0147 1703155558000269447
0148 1703155558000309557
0149 1703155558000349514
0150 1703155558000389445
0151 1703155558000429465
0152 1703155558000469496
0153 1703155558000509521
0154 1703155558000549487
0155 1703155558000589723
0156 1703155558000629491
0157 1703155558000669475
0158 1703155558000709512
0159 1703155558000749556
0160 1703155558000789493
0161 1703155558000829517
0162 1703155558000869653
0163 1703155558000909583
0164 1703155558000949658
0165 1703155558000989559
0166 1703155559000029674
0167 1703155559000069555
0168 1703155559000109513
0169 1703155559000149621
0170 1703155559000189657
0171 1703155559000229537
0172 1703155559000269626
0173 1703155559000309615
0174 1703155559000349709
0175 1703155559000389711
0176 1703155559000429656
0177 1703155559000469791
0178 1703155559000509575
0179 1703155559000549688
0180 1703155559000589551
0181 1703155559000629623
0182 1703155559000669726
0183 1703155559000709571
0184 1703155559000749603
0185 1703155559000789592
0186 1703155559000829618
0187 1703155559000869637
0188 1703155559000909747
0189 1703155559000949848
0190 1703155559000989630
0191 1703155560000029708
0192 1703155560000069621
0193 1703155560000109669
0194 1703155560000149699
0195 1703155560000189713
0196 1703155560000229807
0197 1703155560000269697
0198 1703155560000309709
0199 1703155560000349744
0200 1703155560000389765
0201 1703155560000429751
0202 1703155560000469934
0203 1703155560000509781
0204 1703155560000549764
0205 1703155560000589738
0206 1703155560000629728
0207 1703155560000669934
0208 1703155560000709726
0209 1703155560000749974
0210 1703155560000789921
0211 1703155560000829794
0212 1703155560000869773
0213 1703155560000909709
0214 1703155560000949811
0215 1703155560000989860
0216 1703155561000029961
0217 1703155561000069799
0218 1703155561000109882
0219 1703155561000149775
0220 1703155561000189791
0221 1703155561000229757
0222 1703155561000269858
0223 1703155561000309925
0224 1703155561000350021
0225 1703155561000389833
0226 1703155561000429890
0227 1703155561000469859
0228 1703155561000509977
0229 1703155561000549799
0230 1703155561000589937
0231 1703155561000629908
0232 1703155561000669839
0233 1703155561000709931
0234 1703155561000749879
0235 1703155561000790028
0236 1703155561000829921
0237 1703155561000869880
0238 1703155561000909841
0239 1703155561000949947
0240 1703155561000989917
0241 1703155562000029914
0242 1703155562000070014
0243 1703155562000109995
0244 1703155562000149962
0245 1703155562000189990
0246 1703155562000229927
0247 1703155562000269955
0248 1703155562000309965
0249 1703155562000349930
0250 1703155562000390001
0251 1703155562000430027
0252 1703155562000469999
0253 1703155562000510017
0254 1703155562000550084
0255 1703155562000590164
0256 1703155562000629965
0257 1703155562000670040
0258 1703155562000710013
0259 1703155562000750018
0260 1703155562000790004
0261 1703155562000830050
0262 1703155562000870055
0263 1703155562000910041
0264 1703155562000950174
0265 1703155562000990200
0266 1703155563000030027
0267 1703155563000070077
0268 1703155563000109987
0269 1703155563000150081
0270 1703155563000190026
0271 1703155563000230214
0272 1703155563000270190
0273 1703155563000310084
0274 1703155563000350032
0275 1703155563000390200
0276 1703155563000430101
0277 1703155563000470107
0278 1703155563000510122
0279 1703155563000550052
0280 1703155563000590239
0281 1703155563000630064
0282 1703155563000670138
0283 1703155563000710146
0284 1703155563000750277
0285 1703155563000790077
0286 1703155563000830164
0287 1703155563000870286
0288 1703155563000910177
0289 1703155563000950191
0290 1703155563000990293
0291 1703155564000030100
0292 1703155564000070129
0293 1703155564000110141
0294 1703155564000150194
0295 1703155564000190153
0296 1703155564000230252
0297 1703155564000270156
0298 1703155564000310205
0299 1703155564000350396
0300 1703155564000390121
0301 1703155564000430324
0302 1703155564000470260
0303 1703155564000510166
0304 1703155564000550191
0305 1703155564000590251
0306 1703155564000630280
0307 1703155564000670191
0308 1703155564000710283
0309 1703155564000750212
0310 1703155564000790271
0311 1703155564000830304
0312 1703155564000870254
0313 1703155564000910414
0314 1703155564000950399
0315 1703155564000990289
0316 1703155565000030429
0317 1703155565000070312
0318 1703155565000110394
0319 1703155565000150250
0320 1703155565000190375
0321 1703155565000230361
0322 1703155565000270281
0323 1703155565000310369
0324 1703155565000350287
0325 1703155565000390320
0326 1703155565000430377
0327 1703155565000470304
0328 1703155565000510317
0329 1703155565000550470
0330 1703155565000590289
0331 1703155565000630338
0332 1703155565000670464
0333 1703155565000710387
0334 1703155565000750383
0335 1703155565000790426
0336 1703155565000830490
0337 1703155565000870359
0338 1703155565000910382
0339 1703155565000950576
0340 1703155565000990451
0341 1703155566000030574
0342 1703155566000070358
0343 1703155566000110543
0344 1703155566000150362
0345 1703155566000190425
0346 1703155566000230523
0347 1703155566000270396
0348 1703155566000310451
0349 1703155566000350448
0350 1703155566000390532
0351 1703155566000430462
0352 1703155566000470492
0353 1703155566000510455
0354 1703155566000550418
0355 1703155566000590707
0356 1703155566000630692
0357 1703155566000670471
0358 1703155566000710431
0359 1703155566000750470
0360 1703155566000790469
0361 1703155566000830494
0362 1703155566000870440
0363 1703155566000910532
0364 1703155566000950512
0365 1703155566000990481
0366 1703155567000030516
0367 1703155567000070699
0368 1703155567000110644
0369 1703155567000150607
0370 1703155567000190693
0371 1703155567000230499
0372 1703155567000270589
0373 1703155567000310583
0374 1703155567000350625
0375 1703155567000390562
0376 1703155567000430540
0377 1703155567000470626
0378 1703155567000510523
0379 1703155567000550633
0380 1703155567000590704
0381 1703155567000630563
0382 1703155567000670596
0383 1703155567000710726
0384 1703155567000750666
0385 1703155567000790595
0386 1703155567000830727
0387 1703155567000870706
0388 1703155567000910629
0389 1703155567000950866
0390 1703155567000990623
0391 1703155568000030794
0392 1703155568000070820
0393 1703155568000110617
0394 1703155568000150701
0395 1703155568000190650
0396 1703155568000230743
0397 1703155568000270695
0398 1703155568000310787
0399 1703155568000350652
0400 1703155568000390623
0401 1703155568000430862
0402 1703155568000470655
0403 1703155568000510632
0404 1703155568000550677
0405 1703155568000590642
0406 1703155568000630801
0407 1703155568000670859
0408 1703155568000710671
0409 1703155568000750671
0410 1703155568000790710
0411 1703155568000830908
0412 1703155568000870925
0413 1703155568000910781
0414 1703155568000950875
0415 1703155568000990813
0416 1703155569000030826
0417 1703155569000070737
0418 1703155569000110801
0419 1703155569000150800
0420 1703155569000190737
0421 1703155569000230776
0422 1703155569000270767
0423 1703155569000310789
0424 1703155569000350799
0425 1703155569000390961
0426 1703155569000430814
0427 1703155569000470799
0428 1703155569000510912
0429 1703155569000550843
0430 1703155569000590854
0431 1703155569000630904
0432 1703155569000670800
0433 1703155569000710857
0434 1703155569000750977
0435 1703155569000790923
0436 1703155569000830827
0437 1703155569000870918
0438 1703155569000910886
0439 1703155569000950911
0440 1703155569000990951
0441 1703155570000030910
0442 1703155570000070952
0443 1703155570000110888
0444 1703155570000150843
0445 1703155570000191088
0446 1703155570000230920
0447 1703155570000271089
0448 1703155570000310953
0449 1703155570000351024
0450 1703155570000390998
0451 1703155570000430911
0452 1703155570000471058
0453 1703155570000510895
0454 1703155570000550963
0455 1703155570000590997
0456 1703155570000630966
0457 1703155570000670947
0458 1703155570000711079
0459 1703155570000750906
0460 1703155570000791174
0461 1703155570000831025
0462 1703155570000871027
0463 1703155570000910974
0464 1703155570000951105
0465 1703155570000991169
0466 1703155571000031001
0467 1703155571000071015
0468 1703155571000110946
0469 1703155571000151060
0470 1703155571000191070
0471 1703155571000231110
0472 1703155571000271073
0473 1703155571000311125
0474 1703155571000351031
0475 1703155571000391260
0476 1703155571000431170
0477 1703155571000471107
0478 1703155571000511071
0479 1703155571000551039
0480 1703155571000591065
0481 1703155571000631072
0482 1703155571000671159
0483 1703155571000711106
0484 1703155571000751159
0485 1703155571000791184
0486 1703155571000831081
0487 1703155571000871296
0488 1703155571000911152
0489 1703155571000951113
0490 1703155571000991249
0491 1703155572000031162
0492 1703155572000071053
0493 1703155572000111153
0494 1703155572000151218
0495 1703155572000191130
0496 1703155572000231199
0497 1703155572000271125
0498 1703155572000311206
0499 1703155572000351212
0500 1703155572000391112
0501 1703155572000431190
0502 1703155572000471205
0503 1703155572000511202
0504 1703155572000551207
0505 1703155572000591245
0506 1703155572000631235
0507 1703155572000671364
0508 1703155572000711346
0509 1703155572000751246
0510 1703155572000791209
0511 1703155572000831210
0512 1703155572000871319
0513 1703155572000911220
0514 1703155572000951262
0515 1703155572000991292
0516 1703155573000031206
0517 1703155573000071332
0518 1703155573000111376
0519 1703155573000151354
0520 1703155573000191270
0521 1703155573000231487
0522 1703155573000271335
0523 1703155573000311306
0524 1703155573000351251
0525 1703155573000391301
0526 1703155573000431333
0527 1703155573000471473
0528 1703155573000511258
0529 1703155573000551282
0530 1703155573000591334
0531 1703155573000631260
0532 1703155573000671314
0533 1703155573000711483
0534 1703155573000751386
0535 1703155573000791308
0536 1703155573000831393
0537 1703155573000871460
0538 1703155573000911340
0539 1703155573000951423
0540 1703155573000991388
0541 1703155574000031378
0542 1703155574000071485
0543 1703155574000111455
0544 1703155574000151484
0545 1703155574000191436
0546 1703155574000231463
0547 1703155574000271369
0548 1703155574000311486
0549 1703155574000351404
0550 1703155574000391468
0551 1703155574000431478
0552 1703155574000471413
0553 1703155574000511458
0554 1703155574000551598
0555 1703155574000591576
0556 1703155574000631485
0557 1703155574000671561
0558 1703155574000711493
0559 1703155574000751645
0560 1703155574000791501
0561 1703155574000831575
0562 1703155574000871554
0563 1703155574000911537
0564 1703155574000951487
0565 1703155574000991427
0566 1703155575000031691
0567 1703155575000071557
0568 1703155575000111598
0569 1703155575000151609
0570 1703155575000191488
0571 1703155575000231628
0572 1703155575000271725
0573 1703155575000311592
0574 1703155575000351563
0575 1703155575000391568
0576 1703155575000431582
0577 1703155575000471622
0578 1703155575000511571
0579 1703155575000551644
0580 1703155575000591715
0581 1703155575000631716
0582 1703155575000671620
0583 1703155575000711779
0584 1703155575000751769
0585 1703155575000791581
0586 1703155575000831594
0587 1703155575000871672
0588 1703155575000911657
0589 1703155575000951591
0590 1703155575000991584
0591 1703155576000031673
0592 1703155576000071576
0593 1703155576000111781
0594 1703155576000151600
0595 1703155576000191707
0596 1703155576000231596
0597 1703155576000271673
0598 1703155576000311707
0599 1703155576000351813
0600 1703155576000391653
0601 1703155576000431607
0602 1703155576000471623
0603 1703155576000511635
0604 1703155576000551656
0605 1703155576000591726
0606 1703155576000631744
0607 1703155576000671626
0608 1703155576000711710
0609 1703155576000751716
0610 1703155576000791735
0611 1703155576000831743
0612 1703155576000871847
0613 1703155576000911778
0614 1703155576000951906
0615 1703155576000991739
0616 1703155577000031865
0617 1703155577000071782
0618 1703155577000111791
0619 1703155577000151818
0620 1703155577000191924
0621 1703155577000231822
0622 1703155577000271800
0623 1703155577000311901
0624 1703155577000351839
0625 1703155577000391749
0626 1703155577000431962
0627 1703155577000471856
0628 1703155577000511796
0629 1703155577000551983
0630 1703155577000591771
0631 1703155577000631790
0632 1703155577000671858
0633 1703155577000711797
0634 1703155577000751872
0635 1703155577000791871
0636 1703155577000831814
0637 1703155577000871804
0638 1703155577000911950
0639 1703155577000951877
0640 1703155577000991930
0641 1703155578000031876
0642 1703155578000071926
0643 1703155578000111872
0644 1703155578000151923
0645 1703155578000191823
0646 1703155578000231836
0647 1703155578000271997
0648 1703155578000311880
0649 1703155578000351902
0650 1703155578000391916
0651 1703155578000431938
0652 1703155578000471955
0653 1703155578000511965
0654 1703155578000551973
0655 1703155578000591994
0656 1703155578000631970
0657 1703155578000672012
0658 1703155578000711940
0659 1703155578000752100
0660 1703155578000791960
0661 1703155578000832013
0662 1703155578000871912
0663 1703155578000912020
0664 1703155578000951946
0665 1703155578000991966
0666 1703155579000031947
0667 1703155579000072066
0668 1703155579000111990
0669 1703155579000152070
0670 1703155579000192047
0671 1703155579000232062
0672 1703155579000272090
0673 1703155579000312080
0674 1703155579000352089
0675 1703155579000392028
0676 1703155579000432167
0677 1703155579000472053
0678 1703155579000512069
0679 1703155579000552068
0680 1703155579000592179
0681 1703155579000632056
0682 1703155579000672065
0683 1703155579000712088
0684 1703155579000752023
0685 1703155579000792150
0686 1703155579000832126
0687 1703155579000872112
0688 1703155579000912171
0689 1703155579000952178
0690 1703155579000992146
0691 1703155580000032235
0692 1703155580000072212
0693 1703155580000112256
0694 1703155580000152088
0695 1703155580000192330
0696 1703155580000232099
0697 1703155580000272228
0698 1703155580000312065
0699 1703155580000352269
0700 1703155580000392210
0701 1703155580000432265
0702 1703155580000472140
0703 1703155580000512259
0704 1703155580000552347
0705 1703155580000592097
0706 1703155580000632220
0707 1703155580000672249
0708 1703155580000712258
0709 1703155580000752173
0710 1703155580000792232
0711 1703155580000832202
0712 1703155580000872208
0713 1703155580000912267
0714 1703155580000952259
0715 1703155580000992273
0716 1703155581000032173
0717 1703155581000072297
0718 1703155581000112319
0719 1703155581000152375
0720 1703155581000192272
0721 1703155581000232350
0722 1703155581000272228
0723 1703155581000312244
0724 1703155581000352406
0725 1703155581000392346
0726 1703155581000432382
0727 1703155581000472286
0728 1703155581000512281
0729 1703155581000552307
0730 1703155581000592275
0731 1703155581000632381
0732 1703155581000672322
0733 1703155581000712410
0734 1703155581000752411
0735 1703155581000792268
0736 1703155581000832357
0737 1703155581000872345
0738 1703155581000912328
0739 1703155581000952364
0740 1703155581000992322
0741 1703155582000032370
0742 1703155582000072413
0743 1703155582000112342
0744 1703155582000152359
0745 1703155582000192397
0746 1703155582000232403
0747 1703155582000272365
0748 1703155582000312383
0749 1703155582000352585
0750 1703155582000392423
0751 1703155582000432515
0752 1703155582000472412
0753 1703155582000512347
0754 1703155582000552395
0755 1703155582000592510
0756 1703155582000632459
0757 1703155582000672542
0758 1703155582000712384
0759 1703155582000752452
0760 1703155582000792462
0761 1703155582000832440
0762 1703155582000872492
0763 1703155582000912455
0764 1703155582000952500
0765 1703155582000992521
0766 1703155583000032544
0767 1703155583000072479
0768 1703155583000112524
0769 1703155583000152539
0770 1703155583000192524
0771 1703155583000232437
0772 1703155583000272527
0773 1703155583000312627
0774 1703155583000352515
0775 1703155583000392633
0776 1703155583000432561
0777 1703155583000472577
0778 1703155583000512488
0779 1703155583000552551
0780 1703155583000592598
0781 1703155583000632662
0782 1703155583000672561
0783 1703155583000712594
0784 1703155583000752480
0785 1703155583000792587
0786 1703155583000832650
0787 1703155583000872600
0788 1703155583000912548
0789 1703155583000952609
0790 1703155583000992632
0791 1703155584000032581
0792 1703155584000072626
0793 1703155584000112628
0794 1703155584000152715
0795 1703155584000192647
0796 1703155584000232622
0797 1703155584000272615
0798 1703155584000312682
0799 1703155584000352616
0800 1703155584000392748
0801 1703155584000432703
0802 1703155584000472686
0803 1703155584000512692
0804 1703155584000552701
0805 1703155584000592638
0806 1703155584000632732
0807 1703155584000672709
0808 1703155584000712751
0809 1703155584000752734
0810 1703155584000792673
0811 1703155584000832711
0812 1703155584000872758
0813 1703155584000912736
0814 1703155584000952706
0815 1703155584000992712
0816 1703155585000032750
0817 1703155585000072757
0818 1703155585000112775
0819 1703155585000152848
0820 1703155585000192694
0821 1703155585000232850
0822 1703155585000272760
0823 1703155585000312776
0824 1703155585000352730
0825 1703155585000392698
0826 1703155585000432924
0827 1703155585000472928
0828 1703155585000512777
0829 1703155585000552827
0830 1703155585000592853
0831 1703155585000632809
0832 1703155585000672846
0833 1703155585000712871
0834 1703155585000752857
0835 1703155585000792909
0836 1703155585000832984
0837 1703155585000872757
0838 1703155585000912846
0839 1703155585000952816
0840 1703155585000992875
0841 1703155586000032872
0842 1703155586000072931
0843 1703155586000112876
0844 1703155586000152796
0845 1703155586000192807
0846 1703155586000232820
0847 1703155586000272892
0848 1703155586000312881
0849 1703155586000352978
0850 1703155586000392985
0851 1703155586000432836
0852 1703155586000472825
0853 1703155586000512971
0854 1703155586000552914
0855 1703155586000592964
0856 1703155586000632972
0857 1703155586000672824
0858 1703155586000712944
0859 1703155586000752970
0860 1703155586000792953
0861 1703155586000833050
0862 1703155586000873046
0863 1703155586000912979
0864 1703155586000953102
0865 1703155586000992876
0866 1703155587000032978
0867 1703155587000072990
0868 1703155587000113002
0869 1703155587000153044
0870 1703155587000192935
0871 1703155587000233034
0872 1703155587000273103
0873 1703155587000312958
0874 1703155587000352941
0875 1703155587000393064
0876 1703155587000432952
0877 1703155587000473048
0878 1703155587000513180
0879 1703155587000553115
0880 1703155587000593069
0881 1703155587000633019
0882 1703155587000673099
0883 1703155587000713035
0884 1703155587000753138
0885 1703155587000793096
0886 1703155587000833079
0887 1703155587000873125
0888 1703155587000913129
0889 1703155587000953125
0890 1703155587000993137
0891 1703155588000033170
0892 1703155588000073130
0893 1703155588000113213
0894 1703155588000153032
0895 1703155588000193148
0896 1703155588000233111
0897 1703155588000273078
0898 1703155588000313285
0899 1703155588000353071
0900 1703155588000393067
0901 1703155588000433227
0902 1703155588000473110
0903 1703155588000513263
0904 1703155588000553131
0905 1703155588000593285
0906 1703155588000633244
0907 1703155588000673095
0908 1703155588000713124
0909 1703155588000753234
0910 1703155588000793211
0911 1703155588000833216
0912 1703155588000873101
0913 1703155588000913209
0914 1703155588000953271
0915 1703155588000993250
0916 1703155589000033249
0917 1703155589000073206
0918 1703155589000113260
0919 1703155589000153183
0920 1703155589000193153
0921 1703155589000233217
0922 1703155589000273208
0923 1703155589000313313
0924 1703155589000353163
0925 1703155589000393275
0926 1703155589000433341
0927 1703155589000473332
0928 1703155589000513284
0929 1703155589000553340
0930 1703155589000593285
0931 1703155589000633336
0932 1703155589000673409
0933 1703155589000713441
0934 1703155589000753268
0935 1703155589000793219
0936 1703155589000833355
0937 1703155589000873397
0938 1703155589000913319
0939 1703155589000953375
0940 1703155589000993423
0941 1703155590000033333
0942 1703155590000073378
0943 1703155590000113387
0944 1703155590000153380
0945 1703155590000193427
0946 1703155590000233421
0947 1703155590000273416
0948 1703155590000313358
0949 1703155590000353488
0950 1703155590000393369
0951 1703155590000433386
0952 1703155590000473362
0953 1703155590000513444
0954 1703155590000553476
0955 1703155590000593359
0956 1703155590000633452
0957 1703155590000673409
0958 1703155590000713443
0959 1703155590000753400
0960 1703155590000793444
0961 1703155590000833436
0962 1703155590000873433
0963 1703155590000913400
0964 1703155590000953388
0965 1703155590000993356
0966 1703155591000033513
0967 1703155591000073498
0968 1703155591000113529
0969 1703155591000153466
0970 1703155591000193489
0971 1703155591000233531
0972 1703155591000273543
0973 1703155591000313513
0974 1703155591000353609
0975 1703155591000393524
0976 1703155591000433661
0977 1703155591000473562
0978 1703155591000513608
0979 1703155591000553503
0980 1703155591000593583
0981 1703155591000633514
0982 1703155591000673528
0983 1703155591000713636
0984 1703155591000753678
0985 1703155591000793522
0986 1703155591000833720
0987 1703155591000873595
0988 1703155591000913560
0989 1703155591000953522
0990 1703155591000993663
0991 1703155592000033664
0992 1703155592000073623
0993 1703155592000113580
0994 1703155592000153559
0995 1703155592000193685
0996 1703155592000233649
0997 1703155592000273651
0998 1703155592000313506
0999 1703155592000353673
1000 1703155592000393660
1001 1703155592000433749
1002 1703155592000473633
1003 1703155592000513715
1004 1703155592000553645
1005 1703155592000593691
1006 1703155592000633757
1007 1703155592000673736
1008 1703155592000713719
1009 1703155592000753642
1010 1703155592000793779
1011 1703155592000833599
1012 1703155592000873749
1013 1703155592000913742
1014 1703155592000953769
1015 1703155592000993726
1016 1703155593000033710
1017 1703155593000073766
1018 1703155593000113811
1019 1703155593000153728
1020 1703155593000193846
1021 1703155593000233711
1022 1703155593000273778
1023 1703155593000313777
1024 1703155593000353812
1025 1703155593000393795
1026 1703155593000433786
1027 1703155593000473821
1028 1703155593000513829
1029 1703155593000553700
1030 1703155593000593783
1031 1703155593000633735
1032 1703155593000673769
1033 1703155593000713915
1034 1703155593000753779
1035 1703155593000793897
1036 1703155593000833839
1037 1703155593000873914
1038 1703155593000913865
1039 1703155593000953742
1040 1703155593000993935
1041 1703155594000033787
1042 1703155594000073994
1043 1703155594000114000
1044 1703155594000153958
1045 1703155594000193747
1046 1703155594000234020
1047 1703155594000273762
1048 1703155594000313938
1049 1703155594000353870
1050 1703155594000393800
1051 1703155594000433855
1052 1703155594000473903
1053 1703155594000513831
1054 1703155594000553920
1055 1703155594000593805
1056 1703155594000633829
1057 1703155594000674078
1058 1703155594000713883
1059 1703155594000753909
1060 1703155594000794018
1061 1703155594000834029
1062 1703155594000873960
1063 1703155594000914006
1064 1703155594000953918
1065 1703155594000994062
1066 1703155595000034006
1067 1703155595000073921
1068 1703155595000113933
1069 1703155595000153992
1070 1703155595000194021
1071 1703155595000234093
1072 1703155595000274146
1073 1703155595000313904
1074 1703155595000354079
1075 1703155595000394047
1076 1703155595000433960
1077 1703155595000474025
1078 1703155595000514063
1079 1703155595000554099
1080 1703155595000594065
1081 1703155595000634113
1082 1703155595000673937
1083 1703155595000714053
1084 1703155595000754037
1085 1703155595000794039
1086 1703155595000834108
1087 1703155595000874036
1088 1703155595000914184
1089 1703155595000954029
1090 1703155595000994155
1091 1703155596000034065
1092 1703155596000073991
1093 1703155596000114166
1094 1703155596000154212
1095 1703155596000193993
1096 1703155596000234103
1097 1703155596000274034
1098 1703155596000314075
1099 1703155596000354196
1100 1703155596000394248
1101 1703155596000434029
1102 1703155596000474242
1103 1703155596000514173
1104 1703155596000554172
1105 1703155596000594041
1106 1703155596000634200
1107 1703155596000674109
1108 1703155596000714273
1109 1703155596000754301
1110 1703155596000794094
1111 1703155596000834337
1112 1703155596000874190
1113 1703155596000914177
1114 1703155596000954248
1115 1703155596000994233
1116 1703155597000034270
1117 1703155597000074109
1118 1703155597000114265
1119 1703155597000154348
1120 1703155597000194301
1121 1703155597000234290
1122 1703155597000274269
1123 1703155597000314146
1124 1703155597000354258
1125 1703155597000394311
1126 1703155597000434387
1127 1703155597000474248
1128 1703155597000514321
1129 1703155597000554279
1130 1703155597000594237
1131 1703155597000634355
1132 1703155597000674199
1133 1703155597000714453
1134 1703155597000754307
1135 1703155597000794213
1136 1703155597000834277
1137 1703155597000874386
1138 1703155597000914374
1139 1703155597000954449
1140 1703155597000994347
1141 1703155598000034343
1142 1703155598000074212
1143 1703155598000114281
1144 1703155598000154399
1145 1703155598000194403
1146 1703155598000234473
1147 1703155598000274426
1148 1703155598000314392
1149 1703155598000354387
1150 1703155598000394391
1151 1703155598000434292
1152 1703155598000474403
1153 1703155598000514368
1154 1703155598000554280
1155 1703155598000594459
1156 1703155598000634410
1157 1703155598000674369
1158 1703155598000714354
1159 1703155598000754371
1160 1703155598000794368
1161 1703155598000834338
1162 1703155598000874391
1163 1703155598000914521
1164 1703155598000954538
1165 1703155598000994509
1166 1703155599000034505
1167 1703155599000074555
1168 1703155599000114626
1169 1703155599000154389
1170 1703155599000194467
1171 1703155599000234422
1172 1703155599000274597
1173 1703155599000314391
1174 1703155599000354561
1175 1703155599000394630
1176 1703155599000434459
1177 1703155599000474638
1178 1703155599000514488
1179 1703155599000554632
1180 1703155599000594453
1181 1703155599000634472
1182 1703155599000674557
1183 1703155599000714585
1184 1703155599000754600
1185 1703155599000794465
1186 1703155599000834474
1187 1703155599000874670
1188 1703155599000914591
1189 1703155599000954561
1190 1703155599000994502
1191 1703155600000034559
1192 1703155600000074678
1193 1703155600000114656
1194 1703155600000154576
1195 1703155600000194484
1196 1703155600000234500
1197 1703155600000274581
1198 1703155600000314580
1199 1703155600000354710
1200 1703155600000394559
1201 1703155600000434632
1202 1703155600000474584
1203 1703155600000514657
1204 1703155600000554704
1205 1703155600000594538
1206 1703155600000634614
1207 1703155600000674785
1208 1703155600000714775
1209 1703155600000754722
1210 1703155600000794688
1211 1703155600000834673
1212 1703155600000874718
1213 1703155600000914724
1214 1703155600000954684
1215 1703155600000994668
1216 1703155601000034654
1217 1703155601000074672
1218 1703155601000114678
1219 1703155601000154681
1220 1703155601000194638
1221 1703155601000234877
1222 1703155601000274791
1223 1703155601000314722
1224 1703155601000354729
1225 1703155601000394828
1226 1703155601000434778
1227 1703155601000474836
1228 1703155601000514761
1229 1703155601000554750
1230 1703155601000594794
1231 1703155601000634887
1232 1703155601000674842
1233 1703155601000714843
1234 1703155601000754761
1235 1703155601000794769
1236 1703155601000834732
1237 1703155601000874740
1238 1703155601000914707
1239 1703155601000954927
1240 1703155601000994735
1241 1703155602000034856
1242 1703155602000074882
1243 1703155602000114899
1244 1703155602000154856
1245 1703155602000194831
1246 1703155602000234873
1247 1703155602000274800
1248 1703155602000314907
1249 1703155602000354810
1250 1703155602000394931
1251 1703155602000434907
1252 1703155602000474802
1253 1703155602000514880
1254 1703155602000554854
1255 1703155602000594905
1256 1703155602000634880
1257 1703155602000674831
1258 1703155602000714847
1259 1703155602000754887
1260 1703155602000794784
1261 1703155602000834856
1262 1703155602000874994
1263 1703155602000915008
1264 1703155602000955083
1265 1703155602000994895
1266 1703155603000034967
1267 1703155603000074944
1268 1703155603000114929
1269 1703155603000155068
1270 1703155603000194881
1271 1703155603000234944
1272 1703155603000274946
1273 1703155603000314970
1274 1703155603000354911
1275 1703155603000395102
1276 1703155603000434995
1277 1703155603000475041
1278 1703155603000514961
1279 1703155603000554951
1280 1703155603000595031
1281 1703155603000635035
1282 1703155603000675002
1283 1703155603000714914
1284 1703155603000754919
1285 1703155603000795045
1286 1703155603000835051
1287 1703155603000875126
1288 1703155603000914930
1289 1703155603000955119
1290 1703155603000994948
1291 1703155604000035037
1292 1703155604000075099
1293 1703155604000114982
1294 1703155604000155138
1295 1703155604000195130
1296 1703155604000235048
1297 1703155604000275172
1298 1703155604000315196
1299 1703155604000355164
1300 1703155604000395170
1301 1703155604000435183
1302 1703155604000475051
1303 1703155604000515168
1304 1703155604000555124
1305 1703155604000595230
1306 1703155604000635213
1307 1703155604000675100
1308 1703155604000715275
1309 1703155604000755053
1310 1703155604000795268
1311 1703155604000835180
1312 1703155604000875113
1313 1703155604000915211
1314 1703155604000955199
1315 1703155604000995308
1316 1703155605000035154
1317 1703155605000075163
1318 1703155605000115180
1319 1703155605000155185
1320 1703155605000195292
1321 1703155605000235227
1322 1703155605000275177
1323 1703155605000315261
1324 1703155605000355223
1325 1703155605000395219
1326 1703155605000435205
1327 1703155605000475318
1328 1703155605000515201
1329 1703155605000555335
1330 1703155605000595318
1331 1703155605000635130
1332 1703155605000675246
1333 1703155605000715347
1334 1703155605000755202
1335 1703155605000795410
1336 1703155605000835383
1337 1703155605000875318
1338 1703155605000915345
1339 1703155605000955248
1340 1703155605000995250
1341 1703155606000035416
1342 1703155606000075394
1343 1703155606000115410
1344 1703155606000155270
1345 1703155606000195319
1346 1703155606000235245
1347 1703155606000275304
1348 1703155606000315374
1349 1703155606000355313
1350 1703155606000395402
1351 1703155606000435332
1352 1703155606000475257
1353 1703155606000515316
1354 1703155606000555471
1355 1703155606000595320
1356 1703155606000635473
1357 1703155606000675329
1358 1703155606000715484
1359 1703155606000755313
1360 1703155606000795354
1361 1703155606000835368
1362 1703155606000875473
1363 1703155606000915486
1364 1703155606000955373
1365 1703155606000995441
1366 1703155607000035394
1367 1703155607000075401
1368 1703155607000115521
1369 1703155607000155585
1370 1703155607000195518
1371 1703155607000235538
1372 1703155607000275472
1373 1703155607000315491
1374 1703155607000355373
1375 1703155607000395514
1376 1703155607000435340
1377 1703155607000475454
1378 1703155607000515489
1379 1703155607000555584
1380 1703155607000595543
1381 1703155607000635648
1382 1703155607000675524
1383 1703155607000715477
1384 1703155607000755524
1385 1703155607000795469
1386 1703155607000835527
1387 1703155607000875471
1388 1703155607000915443
1389 1703155607000955575
1390 1703155607000995444
1391 1703155608000035644
1392 1703155608000075551
1393 1703155608000115427
1394 1703155608000155582
1395 1703155608000195581
1396 1703155608000235556
1397 1703155608000275476
1398 1703155608000315625
1399 1703155608000355507
1400 1703155608000395537
1401 1703155608000435626
1402 1703155608000475710
1403 1703155608000515582
1404 1703155608000555624
1405 1703155608000595545
1406 1703155608000635714
1407 1703155608000675535
1408 1703155608000715644
1409 1703155608000755667
1410 1703155608000795634
1411 1703155608000835791
1412 1703155608000875624
1413 1703155608000915592
1414 1703155608000955629
1415 1703155608000995574
1416 1703155609000035799
1417 1703155609000075614
1418 1703155609000115656
1419 1703155609000155750
1420 1703155609000195671
1421 1703155609000235592
1422 1703155609000275723
1423 1703155609000315573
1424 1703155609000355725
1425 1703155609000395855
1426 1703155609000435689
1427 1703155609000475759
1428 1703155609000515870
1429 1703155609000555666
1430 1703155609000595717
1431 1703155609000635843
1432 1703155609000675652
1433 1703155609000715707
1434 1703155609000755759
1435 1703155609000795738
1436 1703155609000835730
1437 1703155609000875816
1438 1703155609000915627
1439 1703155609000955804
1440 1703155609000995665
1441 1703155610000035792
1442 1703155610000075896
1443 1703155610000115701
1444 1703155610000155782
1445 1703155610000195802
1446 1703155610000235917
1447 1703155610000275733
1448 1703155610000315803
1449 1703155610000355867
1450 1703155610000395855
1451 1703155610000435742
1452 1703155610000475964
1453 1703155610000515835
1454 1703155610000555972
1455 1703155610000595851
1456 1703155610000635754
1457 1703155610000675866
1458 1703155610000715881
1459 1703155610000755946
1460 1703155610000795828
1461 1703155610000836035
1462 1703155610000875877
1463 1703155610000915864
1464 1703155610000956005
1465 1703155610000995959
1466 1703155611000035910
1467 1703155611000075924
1468 1703155611000116004
1469 1703155611000155972
1470 1703155611000195908
1471 1703155611000235921
1472 1703155611000275985
1473 1703155611000315951
1474 1703155611000356037
1475 1703155611000396010
1476 1703155611000436090
1477 1703155611000476047
1478 1703155611000515964
1479 1703155611000555949
1480 1703155611000596024
1481 1703155611000635978
1482 1703155611000675886
1483 1703155611000716026
1484 1703155611000756115
1485 1703155611000796026
1486 1703155611000836056
1487 1703155611000876004
1488 1703155611000915982
1489 1703155611000955931
1490 1703155611000996017
1491 1703155612000036096
1492 1703155612000075930
1493 1703155612000115996
1494 1703155612000156050
1495 1703155612000196013
1496 1703155612000236097
1497 1703155612000276183
1498 1703155612000315989
1499 1703155612000356030
1500 1703155612000396191
1501 1703155612000436066
1502 1703155612000476087
1503 1703155612000516158
1504 1703155612000556123
1505 1703155612000595994
1506 1703155612000636183
1507 1703155612000676107
1508 1703155612000716115
1509 1703155612000756254
1510 1703155612000796238
1511 1703155612000835978
1512 1703155612000876134
1513 1703155612000916011
1514 1703155612000956169
1515 1703155612000996022
1516 1703155613000036274
1517 1703155613000076203
1518 1703155613000116049
1519 1703155613000156283
1520 1703155613000196234
1521 1703155613000236073
1522 1703155613000276242
1523 1703155613000316201
1524 1703155613000356093
1525 1703155613000396276
1526 1703155613000436247
1527 1703155613000476141
1528 1703155613000516114
1529 1703155613000556261
1530 1703155613000596227
1531 1703155613000636177
1532 1703155613000676095
1533 1703155613000716149
1534 1703155613000756257
1535 1703155613000796368
1536 1703155613000836334
1537 1703155613000876375
1538 1703155613000916312
1539 1703155613000956170
1540 1703155613000996177
1541 1703155614000036295
1542 1703155614000076169
1543 1703155614000116345
1544 1703155614000156234
1545 1703155614000196329
1546 1703155614000236420
1547 1703155614000276307
1548 1703155614000316321
1549 1703155614000356433
1550 1703155614000396336
1551 1703155614000436353
1552 1703155614000476320
1553 1703155614000516253
1554 1703155614000556335
1555 1703155614000596433
1556 1703155614000636296
1557 1703155614000676366
1558 1703155614000716381
1559 1703155614000756385
1560 1703155614000796401
1561 1703155614000836433
1562 1703155614000876350
1563 1703155614000916475
1564 1703155614000956305
1565 1703155614000996318
1566 1703155615000036446
1567 1703155615000076318
1568 1703155615000116295
1569 1703155615000156464
1570 1703155615000196410
1571 1703155615000236411
1572 1703155615000276462
1573 1703155615000316531
1574 1703155615000356314
1575 1703155615000396555
1576 1703155615000436543
1577 1703155615000476567
1578 1703155615000516403
1579 1703155615000556520
1580 1703155615000596437
1581 1703155615000636535
1582 1703155615000676574
1583 1703155615000716519
1584 1703155615000756502
1585 1703155615000796434
1586 1703155615000836414
1587 1703155615000876633
1588 1703155615000916561
1589 1703155615000956642
1590 1703155615000996526
1591 1703155616000036503
1592 1703155616000076648
1593 1703155616000116432
1594 1703155616000156438
1595 1703155616000196624
1596 1703155616000236629
1597 1703155616000276532
1598 1703155616000316565
1599 1703155616000356663
1600 1703155616000396575
1601 1703155616000436686
1602 1703155616000476540
1603 1703155616000516463
1604 1703155616000556591
1605 1703155616000596717
1606 1703155616000636488
1607 1703155616000676668
1608 1703155616000716647
1609 1703155616000756746
1610 1703155616000796643
1611 1703155616000836683
1612 1703155616000876627
1613 1703155616000916626
1614 1703155616000956776
1615 1703155616000996675
1616 1703155617000036550
1617 1703155617000076618
1618 1703155617000116644
1619 1703155617000156748
1620 1703155617000196600
1621 1703155617000236725
1622 1703155617000276769
1623 1703155617000316571
1624 1703155617000356748
1625 1703155617000396668
1626 1703155617000436696
1627 1703155617000476801
1628 1703155617000516639
1629 1703155617000556694
1630 1703155617000596594
1631 1703155617000636612
1632 1703155617000676711
1633 1703155617000716760
1634 1703155617000756606
1635 1703155617000796784
1636 1703155617000836744
1637 1703155617000876630
1638 1703155617000916750
1639 1703155617000956801
1640 1703155617000996741
1641 1703155618000036753
1642 1703155618000076767
1643 1703155618000116856
1644 1703155618000156795
1645 1703155618000196830
1646 1703155618000236871
1647 1703155618000276810
1648 1703155618000316788
1649 1703155618000356752
1650 1703155618000396889
1651 1703155618000436874
1652 1703155618000476689
1653 1703155618000516808
1654 1703155618000556804
1655 1703155618000596872
1656 1703155618000636738
1657 1703155618000676915
1658 1703155618000716836
1659 1703155618000756953
1660 1703155618000796752
1661 1703155618000836917
1662 1703155618000876779
1663 1703155618000916881
1664 1703155618000956920
1665 1703155618000996910
1666 1703155619000036845
1667 1703155619000076888
1668 1703155619000116940
1669 1703155619000156786
1670 1703155619000196789
1671 1703155619000237042
1672 1703155619000277015
1673 1703155619000316977
1674 1703155619000356935
1675 1703155619000396964
1676 1703155619000436919
1677 1703155619000476807
1678 1703155619000516951
1679 1703155619000556922
1680 1703155619000596885
1681 1703155619000637030
1682 1703155619000676838
1683 1703155619000717017
1684 1703155619000757087
1685 1703155619000797029
1686 1703155619000836991
1687 1703155619000876872
1688 1703155619000916899
1689 1703155619000956871
1690 1703155619000997040
1691 1703155620000037056
1692 1703155620000077041
1693 1703155620000116969
1694 1703155620000156998
1695 1703155620000196895
1696 1703155620000236933
1697 1703155620000276932
1698 1703155620000316973
1699 1703155620000357017
1700 1703155620000397051
1701 1703155620000436945
1702 1703155620000476991
1703 1703155620000517020
1704 1703155620000557124
1705 1703155620000596954
1706 1703155620000637118
1707 1703155620000677135
1708 1703155620000717135
1709 1703155620000757010
1710 1703155620000797158
1711 1703155620000837181
1712 1703155620000877268
1713 1703155620000917018
1714 1703155620000957033
1715 1703155620000997139
1716 1703155621000037065
1717 1703155621000077043
1718 1703155621000117251
1719 1703155621000157016
1720 1703155621000197268
1721 1703155621000237254
1722 1703155621000277045
1723 1703155621000317066
1724 1703155621000357196
1725 1703155621000397068
1726 1703155621000437288
1727 1703155621000477235
1728 1703155621000517050
1729 1703155621000557227
1730 1703155621000597230
1731 1703155621000637080
1732 1703155621000677286
1733 1703155621000717210
1734 1703155621000757092
1735 1703155621000797305
1736 1703155621000837118
1737 1703155621000877084
1738 1703155621000917122
1739 1703155621000957278
1740 1703155621000997123
1741 1703155622000037332
1742 1703155622000077259
1743 1703155622000117288
1744 1703155622000157301
1745 1703155622000197390
1746 1703155622000237333
1747 1703155622000277261
1748 1703155622000317302
1749 1703155622000357287
1750 1703155622000397303
1751 1703155622000437452
1752 1703155622000477184
1753 1703155622000517298
1754 1703155622000557193
1755 1703155622000597197
1756 1703155622000637351
1757 1703155622000677192
1758 1703155622000717409
1759 1703155622000757232
1760 1703155622000797245
1761 1703155622000837417
1762 1703155622000877237
1763 1703155622000917394
1764 1703155622000957446
1765 1703155622000997415
1766 1703155623000037333
1767 1703155623000077242
1768 1703155623000117260
1769 1703155623000157254
1770 1703155623000197357
1771 1703155623000237262
1772 1703155623000277291
1773 1703155623000317465
1774 1703155623000357329
1775 1703155623000397301
1776 1703155623000437405
1777 1703155623000477506
1778 1703155623000517460
1779 1703155623000557429
1780 1703155623000597442
1781 1703155623000637558
1782 1703155623000677485
1783 1703155623000717509
1784 1703155623000757510
1785 1703155623000797525
1786 1703155623000837335
1787 1703155623000877372
1788 1703155623000917610
1789 1703155623000957559
1790 1703155623000997536
1791 1703155624000037397
1792 1703155624000077382
1793 1703155624000117540
1794 1703155624000157385
1795 1703155624000197386
1796 1703155624000237577
1797 1703155624000277401
1798 1703155624000317464
1799 1703155624000357638
1800 1703155624000397504
1801 1703155624000437552
1802 1703155624000477589
1803 1703155624000517630
1804 1703155624000557467
1805 1703155624000597665
1806 1703155624000637444
1807 1703155624000677441
1808 1703155624000717667
1809 1703155624000757576
1810 1703155624000797649
1811 1703155624000837455
1812 1703155624000877460
1813 1703155624000917672
1814 1703155624000957618
1815 1703155624000997578
1816 1703155625000037769
1817 1703155625000077636
1818 1703155625000117697
1819 1703155625000157506
1820 1703155625000197534
1821 1703155625000237520
1822 1703155625000277666
1823 1703155625000317677
1824 1703155625000357533
1825 1703155625000397621
1826 1703155625000437567
1827 1703155625000477588
1828 1703155625000517768
1829 1703155625000557658
1830 1703155625000597760
1831 1703155625000637705
1832 1703155625000677748
1833 1703155625000717638
1834 1703155625000757706
1835 1703155625000797777
1836 1703155625000837809
1837 1703155625000877730
1838 1703155625000917756
1839 1703155625000957756
1840 1703155625000997613
1841 1703155626000037637
1842 1703155626000077864
1843 1703155626000117746
1844 1703155626000157764
1845 1703155626000197832
1846 1703155626000237642
1847 1703155626000277642
1848 1703155626000317777
1849 1703155626000357827
1850 1703155626000397643
1851 1703155626000437690
1852 1703155626000477834
1853 1703155626000517735
1854 1703155626000557707
1855 1703155626000597696
1856 1703155626000637682
1857 1703155626000677684
1858 1703155626000717689
1859 1703155626000757898
1860 1703155626000797944
1861 1703155626000837840
1862 1703155626000877788
1863 1703155626000917804
1864 1703155626000957723
1865 1703155626000997754
1866 1703155627000037850
1867 1703155627000077935
1868 1703155627000117967
1869 1703155627000157948
1870 1703155627000197780
1871 1703155627000237777
1872 1703155627000277790
1873 1703155627000317769
1874 1703155627000357758
1875 1703155627000397758
1876 1703155627000437785
1877 1703155627000477773
1878 1703155627000517917
1879 1703155627000557850
1880 1703155627000597779
1881 1703155627000638016
1882 1703155627000677999
1883 1703155627000717984
1884 1703155627000758009
1885 1703155627000798070
1886 1703155627000838011
1887 1703155627000877823
1888 1703155627000917833
1889 1703155627000957842
1890 1703155627000998052
1891 1703155628000038087
1892 1703155628000077907
1893 1703155628000118114
1894 1703155628000158044
1895 1703155628000197853
1896 1703155628000238101
1897 1703155628000278129
1898 1703155628000318039
1899 1703155628000358062
1900 1703155628000397873
1901 1703155628000438089
1902 1703155628000477909
1903 1703155628000518058
1904 1703155628000557917
1905 1703155628000597932
1906 1703155628000638009
1907 1703155628000677949
1908 1703155628000718007
1909 1703155628000758185
1910 1703155628000798153
1911 1703155628000838092
1912 1703155628000878198
1913 1703155628000918138
1914 1703155628000957970
1915 1703155628000998133
1916 1703155629000038149
1917 1703155629000077993
1918 1703155629000117994
1919 1703155629000157995
1920 1703155629000198228
1921 1703155629000238203
1922 1703155629000278223
1923 1703155629000318032
1924 1703155629000358061
1925 1703155629000398032
1926 1703155629000438179
1927 1703155629000478018
1928 1703155629000518024
1929 1703155629000558030
1930 1703155629000598047
1931 1703155629000638152
1932 1703155629000678288
1933 1703155629000718081
1934 1703155629000758230
1935 1703155629000798090
1936 1703155629000838288
1937 1703155629000878282
1938 1703155629000918284
1939 1703155629000958178
1940 1703155629000998339
1941 1703155630000038307
1942 1703155630000078130
1943 1703155630000118160
1944 1703155630000158361
1945 1703155630000198110
1946 1703155630000238131
1947 1703155630000278127
1948 1703155630000318362
1949 1703155630000358121
1950 1703155630000398180
1951 1703155630000438364
1952 1703155630000478153
1953 1703155630000518221
1954 1703155630000558145
1955 1703155630000598334
1956 1703155630000638190
1957 1703155630000678232
1958 1703155630000718189
1959 1703155630000758166
1960 1703155630000798259
1961 1703155630000838254
1962 1703155630000878182
1963 1703155630000918278
1964 1703155630000958234
1965 1703155630000998230
1966 1703155631000038220
1967 1703155631000078211
1968 1703155631000118247
1969 1703155631000158474
1970 1703155631000198310
1971 1703155631000238264
1972 1703155631000278485
1973 1703155631000318310
1974 1703155631000358322
1975 1703155631000398311
1976 1703155631000438339
1977 1703155631000478288
1978 1703155631000518272
1979 1703155631000558283
1980 1703155631000598269
1981 1703155631000638383
1982 1703155631000678284
1983 1703155631000718286
1984 1703155631000758285
1985 1703155631000798349
1986 1703155631000838483
1987 1703155631000878565
1988 1703155631000918366
1989 1703155631000958405
1990 1703155631000998326
1991 1703155632000038408
1992 1703155632000078340
1993 1703155632000118354
1994 1703155632000158374
1995 1703155632000198388
1996 1703155632000238405
1997 1703155632000278402
1998 1703155632000318445
1999 1703155632000358571
2000 1703155632000398470
2001 1703155632000438578
2002 1703155632000478431
2003 1703155632000518460
2004 1703155632000558651
2005 1703155632000598460
2006 1703155632000638534
2007 1703155632000678444
2008 1703155632000718445
2009 1703155632000758447
2010 1703155632000798481
2011 1703155632000838481
2012 1703155632000878499
2013 1703155632000918515
2014 1703155632000958551
2015 1703155632000998485
2016 1703155633000038683
2017 1703155633000078535
2018 1703155633000118522
2019 1703155633000158512
2020 1703155633000198480
2021 1703155633000238490
2022 1703155633000278530
2023 1703155633000318535
2024 1703155633000358559
2025 1703155633000398526
2026 1703155633000438531
2027 1703155633000478548
2028 1703155633000518565
2029 1703155633000558545
2030 1703155633000598647
2031 1703155633000638631
2032 1703155633000678756
2033 1703155633000718663
2034 1703155633000758563
2035 1703155633000798611
2036 1703155633000838596
2037 1703155633000878590
2038 1703155633000918580
2039 1703155633000958633
2040 1703155633000998606
2041 1703155634000038622
2042 1703155634000078781
2043 1703155634000118668
2044 1703155634000158630
2045 1703155634000198700
2046 1703155634000238661
2047 1703155634000278626
2048 1703155634000318646
2049 1703155634000358650
2050 1703155634000398710
2051 1703155634000438655
2052 1703155634000478676
2053 1703155634000518735
2054 1703155634000558757
2055 1703155634000598692
2056 1703155634000638681
2057 1703155634000678673
2058 1703155634000718734
2059 1703155634000758723
2060 1703155634000798810
2061 1703155634000838691
2062 1703155634000878933
2063 1703155634000918711
2064 1703155634000958814
2065 1703155634000998782
2066 1703155635000038818
2067 1703155635000078759
2068 1703155635000118813
2069 1703155635000158735
2070 1703155635000198809
2071 1703155635000238834
2072 1703155635000278761
2073 1703155635000318748
2074 1703155635000358775
2075 1703155635000398976
2076 1703155635000438762
2077 1703155635000478780
2078 1703155635000518782
2079 1703155635000559010
2080 1703155635000598885
2081 1703155635000638880
2082 1703155635000678770
2083 1703155635000718800
2084 1703155635000758812
2085 1703155635000798863
2086 1703155635000838877
2087 1703155635000878835
2088 1703155635000918808
2089 1703155635000958826
2090 1703155635000998866
2091 1703155636000039068
2092 1703155636000078868
2093 1703155636000118914
2094 1703155636000158866
2095 1703155636000198888
2096 1703155636000238866
2097 1703155636000278905
2098 1703155636000319128
2099 1703155636000358876
2100 1703155636000398901
2101 1703155636000438985
2102 1703155636000478889
2103 1703155636000518923
2104 1703155636000558913
2105 1703155636000598972
2106 1703155636000638942
2107 1703155636000678982
2108 1703155636000718993
2109 1703155636000758951
2110 1703155636000799159
2111 1703155636000838990
2112 1703155636000878939
2113 1703155636000918982
2114 1703155636000958981
2115 1703155636000999138
2116 1703155637000038954
2117 1703155637000079011
2118 1703155637000119065
2119 1703155637000159027
2120 1703155637000199029
2121 1703155637000239040
2122 1703155637000279000
2123 1703155637000319023
2124 1703155637000358987
2125 1703155637000399005
2126 1703155637000439252
2127 1703155637000478988
2128 1703155637000519020
2129 1703155637000559005
2130 1703155637000599055
2131 1703155637000639015
2132 1703155637000679015
2133 1703155637000719103
2134 1703155637000759078
2135 1703155637000799146
2136 1703155637000839055
2137 1703155637000879265
2138 1703155637000919069
2139 1703155637000959074
2140 1703155637000999061
2141 1703155638000039132
2142 1703155638000079152
2143 1703155638000119171
2144 1703155638000159175
2145 1703155638000199088
2146 1703155638000239148
2147 1703155638000279110
2148 1703155638000319175
2149 1703155638000359111
2150 1703155638000399132
2151 1703155638000439197
2152 1703155638000479147
2153 1703155638000519177
2154 1703155638000559112
2155 1703155638000599144
2156 1703155638000639190
2157 1703155638000679169
2158 1703155638000719212
2159 1703155638000759163
2160 1703155638000799202
2161 1703155638000839179
2162 1703155638000879248
2163 1703155638000919219
2164 1703155638000959262
2165 1703155638000999248
2166 1703155639000039295
2167 1703155639000079211
2168 1703155639000119210
2169 1703155639000159289
2170 1703155639000199258
2171 1703155639000239202
2172 1703155639000279314
2173 1703155639000319255
2174 1703155639000359322
2175 1703155639000399232
2176 1703155639000439253
2177 1703155639000479341
2178 1703155639000519268
2179 1703155639000559311
2180 1703155639000599256
2181 1703155639000639295
2182 1703155639000679247
2183 1703155639000719366
2184 1703155639000759320
2185 1703155639000799348
2186 1703155639000839304
2187 1703155639000879289
2188 1703155639000919391
2189 1703155639000959359
2190 1703155639000999372
2191 1703155640000039411
2192 1703155640000079335
2193 1703155640000119312
2194 1703155640000159369
2195 1703155640000199342
2196 1703155640000239328
2197 1703155640000279394
2198 1703155640000319380
2199 1703155640000359378
2200 1703155640000399452
2201 1703155640000439446
2202 1703155640000479426
2203 1703155640000519387
2204 1703155640000559402
2205 1703155640000599426
2206 1703155640000639375
2207 1703155640000679450
2208 1703155640000719380
2209 1703155640000759485
2210 1703155640000799485
2211 1703155640000839480
2212 1703155640000879439
2213 1703155640000919456
2214 1703155640000959405
2215 1703155640000999510
2216 1703155641000039470
2217 1703155641000079536
2218 1703155641000119434
2219 1703155641000159461
2220 1703155641000199535
2221 1703155641000239446
2222 1703155641000279544
2223 1703155641000319470
2224 1703155641000359575
2225 1703155641000399476
2226 1703155641000439561
2227 1703155641000479511
2228 1703155641000519504
2229 1703155641000559514
2230 1703155641000599551
2231 1703155641000639517
2232 1703155641000679514
2233 1703155641000719497
2234 1703155641000759528
2235 1703155641000799559
2236 1703155641000839514
2237 1703155641000879636
2238 1703155641000919551
2239 1703155641000959546
2240 1703155641000999680
2241 1703155642000039583
2242 1703155642000079654
2243 1703155642000119585
2244 1703155642000159655
2245 1703155642000199608
2246 1703155642000239585
2247 1703155642000279576
2248 1703155642000319597
2249 1703155642000359588
2250 1703155642000399582
2251 1703155642000439636
2252 1703155642000479629
2253 1703155642000519633
2254 1703155642000559675
2255 1703155642000599684
2256 1703155642000639704
2257 1703155642000679679
2258 1703155642000719647
2259 1703155642000759670
2260 1703155642000799678
2261 1703155642000839718
2262 1703155642000879740
2263 1703155642000919666
2264 1703155642000959694
2265 1703155642000999679
2266 1703155643000039691
2267 1703155643000079674
2268 1703155643000119747
2269 1703155643000159751
2270 1703155643000199778
2271 1703155643000239779
2272 1703155643000279739
2273 1703155643000319693
2274 1703155643000359799
2275 1703155643000399758
2276 1703155643000439811
2277 1703155643000479810
2278 1703155643000519797
2279 1703155643000559721
2280 1703155643000599833
2281 1703155643000639806
2282 1703155643000679736
2283 1703155643000719798
2284 1703155643000759835
2285 1703155643000799804
2286 1703155643000839798
2287 1703155643000879845
2288 1703155643000919861
2289 1703155643000959827
2290 1703155643000999767
2291 1703155644000039818
2292 1703155644000079863
2293 1703155644000119856
2294 1703155644000159884
2295 1703155644000199856
2296 1703155644000239831
2297 1703155644000279861
2298 1703155644000319833
2299 1703155644000359925
2300 1703155644000399929
2301 1703155644000439887
2302 1703155644000479940
2303 1703155644000519932
2304 1703155644000559890
2305 1703155644000599876
2306 1703155644000639982
2307 1703155644000679850
2308 1703155644000719934
2309 1703155644000759957
2310 1703155644000799899
2311 1703155644000839916
2312 1703155644000879955
2313 1703155644000919921
2314 1703155644000959934
2315 1703155644000999961
2316 1703155645000039916
2317 1703155645000080012
2318 1703155645000120015
2319 1703155645000159948
2320 1703155645000199978
2321 1703155645000239991
2322 1703155645000280003
2323 1703155645000320058
2324 1703155645000360009
2325 1703155645000400035
2326 1703155645000439996
2327 1703155645000480044
2328 1703155645000520066
2329 1703155645000560002
2330 1703155645000600008
2331 1703155645000640035
2332 1703155645000680062
2333 1703155645000720084
2334 1703155645000760002
2335 1703155645000800100
2336 1703155645000840036
2337 1703155645000880075
2338 1703155645000920075
2339 1703155645000960085
2340 1703155646000000054
2341 1703155646000040120
2342 1703155646000080108
2343 1703155646000120116
2344 1703155646000160332
2345 1703155646000200094
2346 1703155646000240126
2347 1703155646000280148
2348 1703155646000320156
2349 1703155646000360101
2350 1703155646000400116
2351 1703155646000440146
2352 1703155646000480198
2353 1703155646000520186
2354 1703155646000560183
2355 1703155646000600158
2356 1703155646000640179
2357 1703155646000680176
2358 1703155646000720209
2359 1703155646000760209
2360 1703155646000800389
2361 1703155646000840166
2362 1703155646000880173
2363 1703155646000920139
2364 1703155646000960146
2365 1703155647000000226
2366 1703155647000040211
2367 1703155647000080161
2368 1703155647000120231
2369 1703155647000160187
2370 1703155647000200220
2371 1703155647000240243
2372 1703155647000280178
2373 1703155647000320200
2374 1703155647000360237
2375 1703155647000400275
2376 1703155647000440204
2377 1703155647000480279
2378 1703155647000520226
2379 1703155647000560309
2380 1703155647000600231
2381 1703155647000640310
2382 1703155647000680307
2383 1703155647000720337
2384 1703155647000760302
2385 1703155647000800352
2386 1703155647000840276
2387 1703155647000880361
2388 1703155647000920291
2389 1703155647000960304
2390 1703155648000000378
2391 1703155648000040288
2392 1703155648000080298
2393 1703155648000120328
2394 1703155648000160368
2395 1703155648000200340
2396 1703155648000240343
2397 1703155648000280329
2398 1703155648000320369
2399 1703155648000360304
2400 1703155648000400378
2401 1703155648000440397
2402 1703155648000480403
2403 1703155648000520334
2404 1703155648000560423
2405 1703155648000600374
2406 1703155648000640395
2407 1703155648000680354
2408 1703155648000720463
2409 1703155648000760445
2410 1703155648000800464
2411 1703155648000840364
2412 1703155648000880367
2413 1703155648000920409
2414 1703155648000960476
2415 1703155649000000407
2416 1703155649000040494
2417 1703155649000080414
2418 1703155649000120415
2419 1703155649000160422
2420 1703155649000200402
2421 1703155649000240506
2422 1703155649000280494
2423 1703155649000320483
2424 1703155649000360434
2425 1703155649000400434
2426 1703155649000440531
2427 1703155649000480564
2428 1703155649000520485
2429 1703155649000560556
2430 1703155649000600490
2431 1703155649000640521
2432 1703155649000680583
2433 1703155649000720518
2434 1703155649000760516
2435 1703155649000800611
2436 1703155649000840594
2437 1703155649000880562
2438 1703155649000920602
2439 1703155649000960593
2440 1703155650000000577
2441 1703155650000040526
2442 1703155650000080610
2443 1703155650000120545
2444 1703155650000160616
2445 1703155650000200536
2446 1703155650000240518
2447 1703155650000280576
2448 1703155650000320654
2449 1703155650000360656
2450 1703155650000400728
2451 1703155650000440630
2452 1703155650000480574
2453 1703155650000520584
2454 1703155650000560648
2455 1703155650000600662
2456 1703155650000640697
2457 1703155650000680642
2458 1703155650000720581
2459 1703155650000760698
2460 1703155650000800689
2461 1703155650000840719
2462 1703155650000880676
2463 1703155650000920677
2464 1703155650000960706
2465 1703155651000000741
2466 1703155651000040705
2467 1703155651000080706
2468 1703155651000120666
2469 1703155651000160632
2470 1703155651000200729
2471 1703155651000240728
2472 1703155651000280769
2473 1703155651000320662
2474 1703155651000360783
2475 1703155651000400769
2476 1703155651000440749
2477 1703155651000480755
2478 1703155651000520785
2479 1703155651000560770
2480 1703155651000600874
2481 1703155651000640795
2482 1703155651000680752
2483 1703155651000720801
2484 1703155651000760843
2485 1703155651000800747
2486 1703155651000840720
2487 1703155651000880781
2488 1703155651000920733
2489 1703155651000960825
2490 1703155652000000808
2491 1703155652000040872
2492 1703155652000080820
2493 1703155652000120870
2494 1703155652000160868
2495 1703155652000200894
2496 1703155652000240813
2497 1703155652000280903
2498 1703155652000320885
2499 1703155652000360812
2500 1703155652000400917
2501 1703155652000440883
2502 1703155652000480882
2503 1703155652000520906
2504 1703155652000560928
2505 1703155652000600879
2506 1703155652000640859
2507 1703155652000681013
2508 1703155652000720959
2509 1703155652000760998
2510 1703155652000800963
2511 1703155652000840943
2512 1703155652000880990
2513 1703155652000920932
2514 1703155652000960943
2515 1703155653000000969
2516 1703155653000040921
2517 1703155653000080934
2518 1703155653000121034
2519 1703155653000161001
2520 1703155653000201019
2521 1703155653000241012
2522 1703155653000280985
2523 1703155653000321089
2524 1703155653000360988
2525 1703155653000401044
2526 1703155653000441030
2527 1703155653000480972
2528 1703155653000521023
2529 1703155653000561083
2530 1703155653000601056
2531 1703155653000641094
2532 1703155653000681113
2533 1703155653000721036
2534 1703155653000760978
2535 1703155653000801108
2536 1703155653000841032
2537 1703155653000881075
2538 1703155653000921099
2539 1703155653000961032
2540 1703155654000001162
2541 1703155654000041161
2542 1703155654000081115
2543 1703155654000121191
2544 1703155654000161116
2545 1703155654000201165
2546 1703155654000241128
2547 1703155654000281152
2548 1703155654000321199
2549 1703155654000361183
2550 1703155654000401166
2551 1703155654000441129
2552 1703155654000481157
2553 1703155654000521216
2554 1703155654000561192
2555 1703155654000601102
2556 1703155654000641126
2557 1703155654000681182
2558 1703155654000721123
2559 1703155654000761143
2560 1703155654000801180
2561 1703155654000841217
2562 1703155654000881227
2563 1703155654000921208
2564 1703155654000961096
2565 1703155655000001151
2566 1703155655000041275
2567 1703155655000081261
2568 1703155655000121194
2569 1703155655000161253
2570 1703155655000201213
2571 1703155655000241171
2572 1703155655000281330
2573 1703155655000321179
2574 1703155655000361308
2575 1703155655000401217
2576 1703155655000441368
2577 1703155655000481267
2578 1703155655000521184
2579 1703155655000561262
2580 1703155655000601324
2581 1703155655000641255
2582 1703155655000681253
2583 1703155655000721243
2584 1703155655000761323
2585 1703155655000801328
2586 1703155655000841292
2587 1703155655000881334
2588 1703155655000921321
2589 1703155655000961344
2590 1703155656000001370
2591 1703155656000041268
2592 1703155656000081340
2593 1703155656000121243
2594 1703155656000161389
2595 1703155656000201301
2596 1703155656000241415
2597 1703155656000281294
2598 1703155656000321326
2599 1703155656000361401
2600 1703155656000401415
2601 1703155656000441318
2602 1703155656000481338
2603 1703155656000521418
2604 1703155656000561381
2605 1703155656000601497
2606 1703155656000641491
2607 1703155656000681358
2608 1703155656000721378
2609 1703155656000761424
2610 1703155656000801399
2611 1703155656000841453
2612 1703155656000881358
2613 1703155656000921450
2614 1703155656000961508
2615 1703155657000001420
2616 1703155657000041417
2617 1703155657000081376
2618 1703155657000121458
2619 1703155657000161457
2620 1703155657000201462
2621 1703155657000241455
2622 1703155657000281416
2623 1703155657000321476
2624 1703155657000361552
2625 1703155657000401545
2626 1703155657000441521
2627 1703155657000481498
2628 1703155657000521569
2629 1703155657000561568
2630 1703155657000601493
2631 1703155657000641475
2632 1703155657000681538
2633 1703155657000721467
2634 1703155657000761449
2635 1703155657000801558
2636 1703155657000841572
2637 1703155657000881543
2638 1703155657000921605
2639 1703155657000961523
2640 1703155658000001492
2641 1703155658000041660
2642 1703155658000081636
2643 1703155658000121526
2644 1703155658000161587
2645 1703155658000201574
2646 1703155658000241568
2647 1703155658000281590
2648 1703155658000321546
2649 1703155658000361565
2650 1703155658000401609
2651 1703155658000441592
2652 1703155658000481654
2653 1703155658000521637
2654 1703155658000561607
2655 1703155658000601645
2656 1703155658000641620
2657 1703155658000681721
2658 1703155658000721561
2659 1703155658000761564
2660 1703155658000801635
2661 1703155658000841722
2662 1703155658000881687
2663 1703155658000921675
2664 1703155658000961743
2665 1703155659000001758
2666 1703155659000041716
2667 1703155659000081675
2668 1703155659000121747
2669 1703155659000161717
2670 1703155659000201716
2671 1703155659000241782
2672 1703155659000281699
2673 1703155659000321783
2674 1703155659000361753
2675 1703155659000401746
2676 1703155659000441730
2677 1703155659000481712
2678 1703155659000521831
2679 1703155659000561747
2680 1703155659000601818
2681 1703155659000641739
2682 1703155659000681785
2683 1703155659000721820
2684 1703155659000761789
2685 1703155659000801711
2686 1703155659000841834
2687 1703155659000881732
2688 1703155659000921889
2689 1703155659000961836
2690 1703155660000001859
2691 1703155660000041855
2692 1703155660000081823
2693 1703155660000121816
2694 1703155660000161769
2695 1703155660000201732
2696 1703155660000241845
2697 1703155660000281880
2698 1703155660000321930
2699 1703155660000361848
2700 1703155660000401880
2701 1703155660000441828
2702 1703155660000481950
2703 1703155660000521903
2704 1703155660000561921
2705 1703155660000601861
2706 1703155660000641819
2707 1703155660000681836
2708 1703155660000721900
2709 1703155660000761848
2710 1703155660000801964
2711 1703155660000841895
2712 1703155660000881899
2713 1703155660000921979
2714 1703155660000961918
2715 1703155661000002031
2716 1703155661000041902
2717 1703155661000081921
2718 1703155661000121936
2719 1703155661000161988
2720 1703155661000202053
2721 1703155661000241893
2722 1703155661000281898
2723 1703155661000321953
2724 1703155661000361925
2725 1703155661000401913
2726 1703155661000441861
2727 1703155661000482078
2728 1703155661000521989
2729 1703155661000561994
2730 1703155661000601939
2731 1703155661000641980
2732 1703155661000682024
2733 1703155661000722000
2734 1703155661000762085
2735 1703155661000802025
2736 1703155661000841985
2737 1703155661000882030
2738 1703155661000921971
2739 1703155661000962020
2740 1703155662000002000
2741 1703155662000042163
2742 1703155662000082139
2743 1703155662000122008
2744 1703155662000162122
2745 1703155662000202186
2746 1703155662000242129
2747 1703155662000282084
2748 1703155662000322093
2749 1703155662000362101
2750 1703155662000402051
2751 1703155662000442103
2752 1703155662000482007
2753 1703155662000522160
2754 1703155662000562123
2755 1703155662000602227
2756 1703155662000642226
2757 1703155662000682140
2758 1703155662000722226
2759 1703155662000762081
2760 1703155662000802190
2761 1703155662000842173
2762 1703155662000882236
2763 1703155662000922203
2764 1703155662000962126
2765 1703155663000002119
2766 1703155663000042277
2767 1703155663000082140
2768 1703155663000122166
2769 1703155663000162272
2770 1703155663000202193
2771 1703155663000242286
2772 1703155663000282225
2773 1703155663000322272
2774 1703155663000362270
2775 1703155663000402263
2776 1703155663000442281
2777 1703155663000482202
2778 1703155663000522194
2779 1703155663000562208
2780 1703155663000602339
2781 1703155663000642246
2782 1703155663000682254
2783 1703155663000722330
2784 1703155663000762217
2785 1703155663000802275
2786 1703155663000842273
2787 1703155663000882234
2788 1703155663000922396
2789 1703155663000962177
2790 1703155664000002269
2791 1703155664000042392
2792 1703155664000082435
2793 1703155664000122268
2794 1703155664000162285
2795 1703155664000202302
2796 1703155664000242412
2797 1703155664000282289
2798 1703155664000322233
2799 1703155664000362308
2800 1703155664000402336
2801 1703155664000442306
2802 1703155664000482329
2803 1703155664000522324
2804 1703155664000562386
2805 1703155664000602434
2806 1703155664000642374
2807 1703155664000682433
2808 1703155664000722465
2809 1703155664000762330
2810 1703155664000802496
2811 1703155664000842461
2812 1703155664000882444
2813 1703155664000922493
2814 1703155664000962311
2815 1703155665000002435
2816 1703155665000042383
2817 1703155665000082353
2818 1703155665000122423
2819 1703155665000162458
2820 1703155665000202484
2821 1703155665000242506
2822 1703155665000282532
2823 1703155665000322438
2824 1703155665000362493
2825 1703155665000402465
2826 1703155665000442429
2827 1703155665000482408
2828 1703155665000522531
2829 1703155665000562448
2830 1703155665000602473
2831 1703155665000642502
2832 1703155665000682496
2833 1703155665000722406
2834 1703155665000762470
2835 1703155665000802490
2836 1703155665000842620
2837 1703155665000882490
2838 1703155665000922566
2839 1703155665000962621
2840 1703155666000002633
2841 1703155666000042630
2842 1703155666000082637
2843 1703155666000122655
2844 1703155666000162572
2845 1703155666000202573
2846 1703155666000242577
2847 1703155666000282521
2848 1703155666000322536
2849 1703155666000362674
2850 1703155666000402691
2851 1703155666000442623
2852 1703155666000482732
2853 1703155666000522599
2854 1703155666000562702
2855 1703155666000602551
2856 1703155666000642577
2857 1703155666000682595
2858 1703155666000722707
2859 1703155666000762699
2860 1703155666000802730
2861 1703155666000842588
2862 1703155666000882692
2863 1703155666000922734
2864 1703155666000962661
2865 1703155667000002682
2866 1703155667000042788
2867 1703155667000082731
2868 1703155667000122698
2869 1703155667000162689
2870 1703155667000202727
2871 1703155667000242765
2872 1703155667000282620
2873 1703155667000322752
2874 1703155667000362706
2875 1703155667000402678
2876 1703155667000442718
2877 1703155667000482696
2878 1703155667000522762
2879 1703155667000562831
2880 1703155667000602802
2881 1703155667000642850
2882 1703155667000682762
2883 1703155667000722755
2884 1703155667000762874
2885 1703155667000802929
2886 1703155667000842820
2887 1703155667000882758
2888 1703155667000922765
2889 1703155667000962771
2890 1703155668000002830
2891 1703155668000042924
2892 1703155668000082931
2893 1703155668000122786
2894 1703155668000162746
2895 1703155668000202841
2896 1703155668000242806
2897 1703155668000282944
2898 1703155668000322848
2899 1703155668000362818
2900 1703155668000402976
2901 1703155668000442956
2902 1703155668000482919
2903 1703155668000522798
2904 1703155668000562784
2905 1703155668000602813
2906 1703155668000642837
2907 1703155668000682806
2908 1703155668000722816
2909 1703155668000762850
2910 1703155668000802886
2911 1703155668000842900
2912 1703155668000882981
2913 1703155668000922988
2914 1703155668000962838
2915 1703155669000002822
2916 1703155669000042929
2917 1703155669000082810
2918 1703155669000122980
2919 1703155669000162863
2920 1703155669000203018
2921 1703155669000242856
2922 1703155669000283031
2923 1703155669000323042
2924 1703155669000362886
2925 1703155669000402948
2926 1703155669000442917
2927 1703155669000483028
2928 1703155669000522942
2929 1703155669000563102
2930 1703155669000602884
2931 1703155669000642963
2932 1703155669000682857
2933 1703155669000722967
2934 1703155669000763032
2935 1703155669000802902
2936 1703155669000842974
2937 1703155669000883023
2938 1703155669000923053
2939 1703155669000963068
2940 1703155670000003077
2941 1703155670000043016
2942 1703155670000083091
2943 1703155670000123029
2944 1703155670000162957
2945 1703155670000203197
2946 1703155670000243130
2947 1703155670000282939
2948 1703155670000323199
2949 1703155670000363103
2950 1703155670000403089
2951 1703155670000443083
2952 1703155670000483199
2953 1703155670000523191
2954 1703155670000563023
2955 1703155670000603231
2956 1703155670000643038
2957 1703155670000683178
2958 1703155670000723201
2959 1703155670000763066
2960 1703155670000803025
2961 1703155670000843113
2962 1703155670000883144
2963 1703155670000923163
2964 1703155670000963074
2965 1703155671000003140
2966 1703155671000043152
2967 1703155671000083168
2968 1703155671000123150
2969 1703155671000163079
2970 1703155671000203180
2971 1703155671000243203
2972 1703155671000283187
2973 1703155671000323061
2974 1703155671000363123
2975 1703155671000403283
2976 1703155671000443306
2977 1703155671000483187
2978 1703155671000523251
2979 1703155671000563227
2980 1703155671000603189
2981 1703155671000643213
2982 1703155671000683210
2983 1703155671000723255
2984 1703155671000763400
2985 1703155671000803201
2986 1703155671000843214
2987 1703155671000883267
2988 1703155671000923290
2989 1703155671000963326
2990 1703155672000003228
2991 1703155672000043301
2992 1703155672000083283
2993 1703155672000123254
2994 1703155672000163204
2995 1703155672000203236
2996 1703155672000243281
2997 1703155672000283260
2998 1703155672000323347
2999 1703155672000363224
