0001 1703155790000897801
0002 1703155790000937564
0003 1703155790000977624
0004 1703155791000017536
0005 1703155791000057765
0006 1703155791000097764
0007 1703155791000137673
0008 1703155791000177695
0009 1703155791000217703
0010 1703155791000257717
0011 1703155791000297779
0012 1703155791000337565
0013 1703155791000377690
0014 1703155791000417825
0015 1703155791000457632
0016 1703155791000497734
0017 1703155791000537785
0018 1703155791000577659
0019 1703155791000617700
0020 1703155791000657689
0021 1703155791000697762
0022 1703155791000737710
0023 1703155791000777768
0024 1703155791000817717
0025 1703155791000857829
0026 1703155791000897854
0027 1703155791000937687
0028 1703155791000977729
0029 1703155792000017868
0030 1703155792000057797
0031 1703155792000097712
0032 1703155792000137796
0033 1703155792000177842
0034 1703155792000217831
0035 1703155792000257713
0036 1703155792000297792
0037 1703155792000337761
0038 1703155792000377913
0039 1703155792000417795
0040 1703155792000457769
0041 1703155792000497899
0042 1703155792000537768
0043 1703155792000577828
0044 1703155792000617775
0045 1703155792000657908
0046 1703155792000697904
0047 1703155792000737851
0048 1703155792000777958
0049 1703155792000817946
0050 1703155792000857828
0051 1703155792000898050
0052 1703155792000937815
0053 1703155792000977868
0054 1703155793000017802
0055 1703155793000058008
0056 1703155793000097815
0057 1703155793000137817
0058 1703155793000177994
0059 1703155793000217958
0060 1703155793000257904
0061 1703155793000297917
0062 1703155793000337864
0063 1703155793000378016
0064 1703155793000417890
0065 1703155793000457918
0066 1703155793000498090
0067 1703155793000537893
0068 1703155793000577879
0069 1703155793000617869
0070 1703155793000657890
0071 1703155793000697920
0072 1703155793000737872
0073 1703155793000777921
0074 1703155793000817961
0075 1703155793000857948
0076 1703155793000897931
0077 1703155793000938072
0078 1703155793000977993
0079 1703155794000018112
0080 1703155794000057932
0081 1703155794000098059
0082 1703155794000138121
0083 1703155794000178089
0084 1703155794000217964
0085 1703155794000258076
0086 1703155794000298023
0087 1703155794000338016
0088 1703155794000378070
0089 1703155794000418063
0090 1703155794000458051
0091 1703155794000498129
0092 1703155794000538004
0093 1703155794000578119
0094 1703155794000618020
0095 1703155794000658052
0096 1703155794000697994
0097 1703155794000738188
0098 1703155794000778198
0099 1703155794000818197
0100 1703155794000858046
0101 1703155794000898125
0102 1703155794000938174
0103 1703155794000978218
0104 1703155795000018168
0105 1703155795000058088
0106 1703155795000098192
0107 1703155795000138210
0108 1703155795000178066
0109 1703155795000218110
0110 1703155795000258111
0111 1703155795000298089
0112 1703155795000338158
0113 1703155795000378207
0114 1703155795000418236
0115 1703155795000458271
0116 1703155795000498189
0117 1703155795000538351
0118 1703155795000578300
0119 1703155795000618165
0120 1703155795000658301
0121 1703155795000698350
0122 1703155795000738200
0123 1703155795000778406
0124 1703155795000818311
0125 1703155795000858246
0126 1703155795000898232
0127 1703155795000938308
0128 1703155795000978195
0129 1703155796000018423
0130 1703155796000058423
0131 1703155796000098272
0132 1703155796000138325
0133 1703155796000178207
0134 1703155796000218441
0135 1703155796000258324
0136 1703155796000298233
0137 1703155796000338303
0138 1703155796000378330
0139 1703155796000418276
0140 1703155796000458422
0141 1703155796000498316
0142 1703155796000538220
0143 1703155796000578368
0144 1703155796000618334
0145 1703155796000658280
0146 1703155796000698421
0147 1703155796000738269
0148 1703155796000778254
0149 1703155796000818377
0150 1703155796000858429
0151 1703155796000898347
0152 1703155796000938497
0153 1703155796000978320
0154 1703155797000018462
0155 1703155797000058457
0156 1703155797000098417
0157 1703155797000138348
0158 1703155797000178480
0159 1703155797000218475
0160 1703155797000258402
0161 1703155797000298370
0162 1703155797000338365
0163 1703155797000378367
0164 1703155797000418324
0165 1703155797000458421
0166 1703155797000498386
0167 1703155797000538355
0168 1703155797000578605
0169 1703155797000618461
0170 1703155797000658585
0171 1703155797000698479
0172 1703155797000738460
0173 1703155797000778576
0174 1703155797000818587
0175 1703155797000858618
0176 1703155797000898470
0177 1703155797000938501
0178 1703155797000978421
0179 1703155798000018564
0180 1703155798000058618
0181 1703155798000098477
0182 1703155798000138462
0183 1703155798000178467
0184 1703155798000218530
0185 1703155798000258634
0186 1703155798000298537
0187 1703155798000338543
0188 1703155798000378490
0189 1703155798000418534
0190 1703155798000458495
0191 1703155798000498493
0192 1703155798000538593
0193 1703155798000578572
0194 1703155798000618531
0195 1703155798000658560
0196 1703155798000698565
0197 1703155798000738633
0198 1703155798000778681
0199 1703155798000818583
0200 1703155798000858601
0201 1703155798000898588
0202 1703155798000938584
0203 1703155798000978589
0204 1703155799000018635
0205 1703155799000058636
0206 1703155799000098604
0207 1703155799000138646
0208 1703155799000178711
0209 1703155799000218713
0210 1703155799000258657
0211 1703155799000298725
0212 1703155799000338582
0213 1703155799000378766
0214 1703155799000418744
0215 1703155799000458751
0216 1703155799000498661
0217 1703155799000538688
0218 1703155799000578801
0219 1703155799000618707
0220 1703155799000658747
0221 1703155799000698745
0222 1703155799000738710
0223 1703155799000778768
0224 1703155799000818681
0225 1703155799000858828
0226 1703155799000898673
0227 1703155799000938741
0228 1703155799000978777
0229 1703155800000018694
0230 1703155800000058751
0231 1703155800000098720
0232 1703155800000138721
0233 1703155800000178793
0234 1703155800000218697
0235 1703155800000258841
0236 1703155800000298734
0237 1703155800000338678
0238 1703155800000378807
0239 1703155800000418810
0240 1703155800000458764
0241 1703155800000498984
0242 1703155800000538689
0243 1703155800000578843
0244 1703155800000618799
0245 1703155800000658768
0246 1703155800000698900
0247 1703155800000738958
0248 1703155800000778772
0249 1703155800000818953
0250 1703155800000858842
0251 1703155800000898842
0252 1703155800000938840
0253 1703155800000978854
0254 1703155801000018908
0255 1703155801000058877
0256 1703155801000098917
0257 1703155801000138908
0258 1703155801000178785
0259 1703155801000218846
0260 1703155801000258953
0261 1703155801000298907
0262 1703155801000338883
0263 1703155801000378821
0264 1703155801000418866
0265 1703155801000458891
0266 1703155801000498997
0267 1703155801000539005
0268 1703155801000578914
0269 1703155801000619083
0270 1703155801000659046
0271 1703155801000698924
0272 1703155801000739020
0273 1703155801000779044
0274 1703155801000819059
0275 1703155801000858864
0276 1703155801000898939
0277 1703155801000938929
0278 1703155801000979097
0279 1703155802000018968
0280 1703155802000058976
0281 1703155802000099019
0282 1703155802000138985
0283 1703155802000179033
0284 1703155802000219003
0285 1703155802000258942
0286 1703155802000299071
0287 1703155802000339062
0288 1703155802000379125
0289 1703155802000418973
0290 1703155802000459128
0291 1703155802000498969
0292 1703155802000539072
0293 1703155802000579065
0294 1703155802000619043
0295 1703155802000659052
0296 1703155802000699134
0297 1703155802000739088
0298 1703155802000779103
0299 1703155802000819054
0300 1703155802000859203
0301 1703155802000899170
0302 1703155802000939232
0303 1703155802000979167
0304 1703155803000019093
0305 1703155803000058998
0306 1703155803000099035
0307 1703155803000139267
0308 1703155803000179037
0309 1703155803000219134
0310 1703155803000259080
0311 1703155803000299273
0312 1703155803000339256
0313 1703155803000379276
0314 1703155803000419212
0315 1703155803000459164
0316 1703155803000499111
0317 1703155803000539200
0318 1703155803000579161
0319 1703155803000619367
0320 1703155803000659168
0321 1703155803000699188
0322 1703155803000739206
0323 1703155803000779210
0324 1703155803000819216
0325 1703155803000859332
0326 1703155803000899170
0327 1703155803000939105
0328 1703155803000979345
0329 1703155804000019348
0330 1703155804000059192
0331 1703155804000099289
0332 1703155804000139195
0333 1703155804000179272
0334 1703155804000219251
0335 1703155804000259422
0336 1703155804000299278
0337 1703155804000339360
0338 1703155804000379340
0339 1703155804000419197
0340 1703155804000459230
0341 1703155804000499287
0342 1703155804000539218
0343 1703155804000579255
0344 1703155804000619245
0345 1703155804000659317
0346 1703155804000699456
0347 1703155804000739374
0348 1703155804000779459
0349 1703155804000819338
0350 1703155804000859463
0351 1703155804000899306
0352 1703155804000939386
0353 1703155804000979267
0354 1703155805000019407
0355 1703155805000059354
0356 1703155805000099405
0357 1703155805000139419
0358 1703155805000179349
0359 1703155805000219289
0360 1703155805000259359
0361 1703155805000299356
0362 1703155805000339364
0363 1703155805000379417
0364 1703155805000419326
0365 1703155805000459481
0366 1703155805000499414
0367 1703155805000539451
0368 1703155805000579536
0369 1703155805000619572
0370 1703155805000659411
0371 1703155805000699384
0372 1703155805000739584
0373 1703155805000779399
0374 1703155805000819498
0375 1703155805000859519
0376 1703155805000899366
0377 1703155805000939469
0378 1703155805000979490
0379 1703155806000019554
0380 1703155806000059529
0381 1703155806000099566
0382 1703155806000139639
0383 1703155806000179457
0384 1703155806000219428
0385 1703155806000259617
0386 1703155806000299515
0387 1703155806000339462
0388 1703155806000379477
0389 1703155806000419503
0390 1703155806000459547
0391 1703155806000499534
0392 1703155806000539663
0393 1703155806000579675
0394 1703155806000619567
0395 1703155806000659508
0396 1703155806000699561
0397 1703155806000739636
0398 1703155806000779584
0399 1703155806000819619
0400 1703155806000859632
0401 1703155806000899482
0402 1703155806000939538
0403 1703155806000979623
0404 1703155807000019754
0405 1703155807000059540
0406 1703155807000099614
0407 1703155807000139614
0408 1703155807000179509
0409 1703155807000219757
0410 1703155807000259697
0411 1703155807000299782
0412 1703155807000339655
0413 1703155807000379631
0414 1703155807000419653
0415 1703155807000459644
0416 1703155807000499582
0417 1703155807000539695
0418 1703155807000579784
0419 1703155807000619690
0420 1703155807000659818
0421 1703155807000699732
0422 1703155807000739635
0423 1703155807000779684
0424 1703155807000819773
0425 1703155807000859667
0426 1703155807000899698
0427 1703155807000939749
0428 1703155807000979732
0429 1703155808000019715
0430 1703155808000059776
0431 1703155808000099732
0432 1703155808000139745
0433 1703155808000179705
0434 1703155808000219773
0435 1703155808000259743
0436 1703155808000299762
0437 1703155808000339863
0438 1703155808000379825
0439 1703155808000419787
0440 1703155808000459796
0441 1703155808000499834
0442 1703155808000539745
0443 1703155808000579827
0444 1703155808000619890
0445 1703155808000659875
0446 1703155808000699917
0447 1703155808000739853
0448 1703155808000779805
0449 1703155808000819789
0450 1703155808000859796
0451 1703155808000899790
0452 1703155808000939872
0453 1703155808000979769
0454 1703155809000019793
0455 1703155809000059810
0456 1703155809000099905
0457 1703155809000139870
0458 1703155809000179800
0459 1703155809000219826
0460 1703155809000259864
0461 1703155809000299799
0462 1703155809000339878
0463 1703155809000379915
0464 1703155809000419855
0465 1703155809000459895
0466 1703155809000499898
0467 1703155809000539862
0468 1703155809000579889
0469 1703155809000619978
0470 1703155809000659987
0471 1703155809000699933
0472 1703155809000739901
0473 1703155809000779835
0474 1703155809000819936
0475 1703155809000859952
0476 1703155809000899979
0477 1703155809000939952
0478 1703155809000979908
0479 1703155810000019869
0480 1703155810000059840
0481 1703155810000099944
0482 1703155810000140001
0483 1703155810000179994
0484 1703155810000219963
0485 1703155810000259891
0486 1703155810000299873
0487 1703155810000339957
0488 1703155810000380088
0489 1703155810000420013
0490 1703155810000460037
0491 1703155810000500079
0492 1703155810000539985
0493 1703155810000580008
0494 1703155810000620070
0495 1703155810000660088
0496 1703155810000700096
0497 1703155810000739997
0498 1703155810000779962
0499 1703155810000820042
0500 1703155810000860070
0501 1703155810000900159
0502 1703155810000940161
0503 1703155810000980060
0504 1703155811000020105
0505 1703155811000060208
0506 1703155811000099968
0507 1703155811000140075
0508 1703155811000180062
0509 1703155811000220226
0510 1703155811000260213
0511 1703155811000300159
0512 1703155811000340154
0513 1703155811000380208
0514 1703155811000420118
0515 1703155811000460153
0516 1703155811000500176
0517 1703155811000540205
0518 1703155811000580158
0519 1703155811000620309
0520 1703155811000660231
0521 1703155811000700179
0522 1703155811000740101
0523 1703155811000780204
0524 1703155811000820225
0525 1703155811000860245
0526 1703155811000900137
0527 1703155811000940174
0528 1703155811000980261
0529 1703155812000020285
0530 1703155812000060146
0531 1703155812000100264
0532 1703155812000140111
0533 1703155812000180227
0534 1703155812000220178
0535 1703155812000260133
0536 1703155812000300289
0537 1703155812000340246
0538 1703155812000380290
0539 1703155812000420396
0540 1703155812000460311
0541 1703155812000500369
0542 1703155812000540313
0543 1703155812000580270
0544 1703155812000620248
0545 1703155812000660310
0546 1703155812000700389
0547 1703155812000740350
0548 1703155812000780378
0549 1703155812000820281
0550 1703155812000860377
0551 1703155812000900376
0552 1703155812000940459
0553 1703155812000980388
0554 1703155813000020355
0555 1703155813000060226
0556 1703155813000100419
0557 1703155813000140288
0558 1703155813000180427
0559 1703155813000220318
0560 1703155813000260315
0561 1703155813000300432
0562 1703155813000340431
0563 1703155813000380240
0564 1703155813000420289
0565 1703155813000460333
0566 1703155813000500401
0567 1703155813000540344
0568 1703155813000580348
0569 1703155813000620362
0570 1703155813000660378
0571 1703155813000700367
0572 1703155813000740338
0573 1703155813000780547
0574 1703155813000820414
0575 1703155813000860364
0576 1703155813000900478
0577 1703155813000940482
0578 1703155813000980396
0579 1703155814000020478
0580 1703155814000060379
0581 1703155814000100398
0582 1703155814000140469
0583 1703155814000180479
0584 1703155814000220638
0585 1703155814000260402
0586 1703155814000300393
0587 1703155814000340426
0588 1703155814000380487
0589 1703155814000420488
0590 1703155814000460523
0591 1703155814000500657
0592 1703155814000540580
0593 1703155814000580588
0594 1703155814000620682
0595 1703155814000660608
0596 1703155814000700560
0597 1703155814000740562
0598 1703155814000780563
0599 1703155814000820503
0600 1703155814000860533
0601 1703155814000900648
0602 1703155814000940511
0603 1703155814000980647
0604 1703155815000020676
0605 1703155815000060704
0606 1703155815000100667
0607 1703155815000140640
0608 1703155815000180589
0609 1703155815000220674
0610 1703155815000260676
0611 1703155815000300668
0612 1703155815000340565
0613 1703155815000380580
0614 1703155815000420587
0615 1703155815000460677
0616 1703155815000500658
0617 1703155815000540767
0618 1703155815000580647
0619 1703155815000620589
0620 1703155815000660649
0621 1703155815000700694
0622 1703155815000740806
0623 1703155815000780626
0624 1703155815000820664
0625 1703155815000860742
0626 1703155815000900683
0627 1703155815000940730
0628 1703155815000980688
0629 1703155816000020750
0630 1703155816000060811
0631 1703155816000100684
0632 1703155816000140655
0633 1703155816000180703
0634 1703155816000220690
0635 1703155816000260675
0636 1703155816000300707
0637 1703155816000340733
0638 1703155816000380706
0639 1703155816000420698
0640 1703155816000460913
0641 1703155816000500809
0642 1703155816000540740
0643 1703155816000580694
0644 1703155816000620767
0645 1703155816000660832
0646 1703155816000700693
0647 1703155816000740758
0648 1703155816000780842
0649 1703155816000820682
0650 1703155816000860975
0651 1703155816000900948
0652 1703155816000940856
0653 1703155816000980917
0654 1703155817000020809
0655 1703155817000060776
0656 1703155817000100801
0657 1703155817000140848
0658 1703155817000180903
0659 1703155817000220828
0660 1703155817000260845
0661 1703155817000300915
0662 1703155817000340830
0663 1703155817000380939
0664 1703155817000420774
0665 1703155817000460892
0666 1703155817000500843
0667 1703155817000540837
0668 1703155817000580866
0669 1703155817000620892
0670 1703155817000660855
0671 1703155817000700921
0672 1703155817000740928
0673 1703155817000780788
0674 1703155817000820883
0675 1703155817000860854
0676 1703155817000900874
0677 1703155817000941002
0678 1703155817000980975
0679 1703155818000021056
0680 1703155818000060924
0681 1703155818000100820
0682 1703155818000140821
0683 1703155818000180921
0684 1703155818000220974
0685 1703155818000260995
0686 1703155818000300935
0687 1703155818000341022
0688 1703155818000380961
0689 1703155818000421062
0690 1703155818000461044
0691 1703155818000500867
0692 1703155818000540986
0693 1703155818000580989
0694 1703155818000621112
0695 1703155818000661011
0696 1703155818000701017
0697 1703155818000741016
0698 1703155818000781100
0699 1703155818000821065
0700 1703155818000861092
0701 1703155818000900958
0702 1703155818000941112
0703 1703155818000981056
0704 1703155819000021116
0705 1703155819000061042
0706 1703155819000101155
0707 1703155819000141145
0708 1703155819000181209
0709 1703155819000221171
0710 1703155819000261050
0711 1703155819000301222
0712 1703155819000341121
0713 1703155819000381245
0714 1703155819000421104
0715 1703155819000461157
0716 1703155819000501124
0717 1703155819000541185
0718 1703155819000581041
0719 1703155819000621117
0720 1703155819000661022
0721 1703155819000701222
0722 1703155819000741171
0723 1703155819000781217
0724 1703155819000821136
0725 1703155819000861120
0726 1703155819000901074
0727 1703155819000941143
0728 1703155819000981153
0729 1703155820000021179
0730 1703155820000061305
0731 1703155820000101313
0732 1703155820000141171
0733 1703155820000181203
0734 1703155820000221263
0735 1703155820000261108
0736 1703155820000301146
0737 1703155820000341083
0738 1703155820000381190
0739 1703155820000421311
0740 1703155820000461227
0741 1703155820000501325
0742 1703155820000541257
0743 1703155820000581187
0744 1703155820000621237
0745 1703155820000661250
0746 1703155820000701405
0747 1703155820000741219
0748 1703155820000781285
0749 1703155820000821264
0750 1703155820000861269
0751 1703155820000901238
0752 1703155820000941246
0753 1703155820000981318
0754 1703155821000021207
0755 1703155821000061323
0756 1703155821000101299
0757 1703155821000141383
0758 1703155821000181392
0759 1703155821000221398
0760 1703155821000261264
0761 1703155821000301379
0762 1703155821000341325
0763 1703155821000381457
0764 1703155821000421347
0765 1703155821000461377
0766 1703155821000501309
0767 1703155821000541362
0768 1703155821000581281
0769 1703155821000621389
0770 1703155821000661501
0771 1703155821000701483
0772 1703155821000741289
0773 1703155821000781399
0774 1703155821000821473
0775 1703155821000861303
0776 1703155821000901339
0777 1703155821000941454
0778 1703155821000981475
0779 1703155822000021460
0780 1703155822000061350
0781 1703155822000101427
0782 1703155822000141478
0783 1703155822000181472
0784 1703155822000221538
0785 1703155822000261524
0786 1703155822000301571
0787 1703155822000341352
0788 1703155822000381373
0789 1703155822000421482
0790 1703155822000461614
0791 1703155822000501420
0792 1703155822000541477
0793 1703155822000581446
0794 1703155822000621510
0795 1703155822000661620
0796 1703155822000701491
0797 1703155822000741449
0798 1703155822000781399
0799 1703155822000821594
0800 1703155822000861477
0801 1703155822000901546
0802 1703155822000941617
0803 1703155822000981536
0804 1703155823000021582
0805 1703155823000061403
0806 1703155823000101595
0807 1703155823000141643
0808 1703155823000181511
0809 1703155823000221589
0810 1703155823000261538
0811 1703155823000301464
0812 1703155823000341640
0813 1703155823000381658
0814 1703155823000421534
0815 1703155823000461508
0816 1703155823000501625
0817 1703155823000541722
0818 1703155823000581546
0819 1703155823000621709
0820 1703155823000661635
0821 1703155823000701725
0822 1703155823000741692
0823 1703155823000781537
0824 1703155823000821593
0825 1703155823000861730
0826 1703155823000901639
0827 1703155823000941701
0828 1703155823000981585
0829 1703155824000021535
0830 1703155824000061579
0831 1703155824000101648
0832 1703155824000141719
0833 1703155824000181754
0834 1703155824000221617
0835 1703155824000261651
0836 1703155824000301875
0837 1703155824000341627
0838 1703155824000381694
0839 1703155824000421696
0840 1703155824000461709
0841 1703155824000501721
0842 1703155824000541831
0843 1703155824000581619
0844 1703155824000621861
0845 1703155824000661691
0846 1703155824000701683
0847 1703155824000741825
0848 1703155824000781833
0849 1703155824000821845
0850 1703155824000861648
0851 1703155824000901809
0852 1703155824000941925
0853 1703155824000981720
0854 1703155825000021830
0855 1703155825000061844
0856 1703155825000101761
0857 1703155825000141866
0858 1703155825000181951
0859 1703155825000221881
0860 1703155825000261898
0861 1703155825000301888
0862 1703155825000341777
0863 1703155825000381901
0864 1703155825000421821
0865 1703155825000461987
0866 1703155825000501812
0867 1703155825000541890
0868 1703155825000581895
0869 1703155825000621755
0870 1703155825000662006
0871 1703155825000702029
0872 1703155825000741814
0873 1703155825000781831
0874 1703155825000821874
0875 1703155825000861862
0876 1703155825000901888
0877 1703155825000941918
0878 1703155825000981903
0879 1703155826000021851
0880 1703155826000062068
0881 1703155826000101772
0882 1703155826000141976
0883 1703155826000181985
0884 1703155826000221928
0885 1703155826000261883
0886 1703155826000301942
0887 1703155826000341901
0888 1703155826000382031
0889 1703155826000421850
0890 1703155826000462091
0891 1703155826000501920
0892 1703155826000542041
0893 1703155826000581938
0894 1703155826000622096
0895 1703155826000662053
0896 1703155826000701860
0897 1703155826000741915
0898 1703155826000782107
0899 1703155826000822078
0900 1703155826000862081
0901 1703155826000902101
0902 1703155826000941971
0903 1703155826000982018
0904 1703155827000021998
0905 1703155827000061946
0906 1703155827000102110
0907 1703155827000142119
0908 1703155827000182118
0909 1703155827000222079
0910 1703155827000262132
0911 1703155827000301977
0912 1703155827000342040
0913 1703155827000382196
0914 1703155827000422033
0915 1703155827000462044
0916 1703155827000502157
0917 1703155827000542158
0918 1703155827000582053
0919 1703155827000622169
0920 1703155827000661996
0921 1703155827000702051
0922 1703155827000742062
0923 1703155827000782089
0924 1703155827000822185
0925 1703155827000862064
0926 1703155827000902128
0927 1703155827000942051
0928 1703155827000982221
0929 1703155828000022111
0930 1703155828000062238
0931 1703155828000102280
0932 1703155828000142206
0933 1703155828000182329
0934 1703155828000222124
0935 1703155828000262135
0936 1703155828000302254
0937 1703155828000342105
0938 1703155828000382134
0939 1703155828000422209
0940 1703155828000462137
0941 1703155828000502336
0942 1703155828000542144
0943 1703155828000582370
0944 1703155828000622242
0945 1703155828000662215
0946 1703155828000702370
0947 1703155828000742227
0948 1703155828000782162
0949 1703155828000822254
0950 1703155828000862236
0951 1703155828000902184
0952 1703155828000942292
0953 1703155828000982385
0954 1703155829000022385
0955 1703155829000062193
0956 1703155829000102260
0957 1703155829000142368
0958 1703155829000182333
0959 1703155829000222218
0960 1703155829000262315
0961 1703155829000302329
0962 1703155829000342391
0963 1703155829000382269
0964 1703155829000422268
0965 1703155829000462429
0966 1703155829000502295
0967 1703155829000542289
0968 1703155829000582419
0969 1703155829000622399
0970 1703155829000662320
0971 1703155829000702365
0972 1703155829000742357
0973 1703155829000782400
0974 1703155829000822494
0975 1703155829000862417
0976 1703155829000902437
0977 1703155829000942400
0978 1703155829000982408
0979 1703155830000022366
0980 1703155830000062526
0981 1703155830000102422
0982 1703155830000142366
0983 1703155830000182542
0984 1703155830000222459
0985 1703155830000262484
0986 1703155830000302410
0987 1703155830000342394
0988 1703155830000382440
0989 1703155830000422343
0990 1703155830000462467
0991 1703155830000502465
0992 1703155830000542397
0993 1703155830000582420
0994 1703155830000622405
0995 1703155830000662357
0996 1703155830000702441
0997 1703155830000742482
0998 1703155830000782344
0999 1703155830000822435
1000 1703155830000862528
1001 1703155830000902516
1002 1703155830000942515
1003 1703155830000982463
1004 1703155831000022490
1005 1703155831000062569
1006 1703155831000102585
1007 1703155831000142457
1008 1703155831000182426
1009 1703155831000222543
1010 1703155831000262565
1011 1703155831000302688
1012 1703155831000342516
1013 1703155831000382480
1014 1703155831000422646
1015 1703155831000462506
1016 1703155831000502514
1017 1703155831000542478
1018 1703155831000582592
1019 1703155831000622489
1020 1703155831000662569
1021 1703155831000702648
1022 1703155831000742563
1023 1703155831000782725
1024 1703155831000822575
1025 1703155831000862606
1026 1703155831000902673
1027 1703155831000942592
1028 1703155831000982540
1029 1703155832000022716
1030 1703155832000062756
1031 1703155832000102608
1032 1703155832000142716
1033 1703155832000182567
1034 1703155832000222531
1035 1703155832000262793
1036 1703155832000302659
1037 1703155832000342725
1038 1703155832000382736
1039 1703155832000422665
1040 1703155832000462777
1041 1703155832000502782
1042 1703155832000542691
1043 1703155832000582866
1044 1703155832000622625
1045 1703155832000662742
1046 1703155832000702746
1047 1703155832000742705
1048 1703155832000782724
1049 1703155832000822658
1050 1703155832000862809
1051 1703155832000902756
1052 1703155832000942700
1053 1703155832000982896
1054 1703155833000022713
1055 1703155833000062697
1056 1703155833000102774
1057 1703155833000142684
1058 1703155833000182830
1059 1703155833000222725
1060 1703155833000262726
1061 1703155833000302734
1062 1703155833000342848
1063 1703155833000382731
1064 1703155833000422795
1065 1703155833000462772
1066 1703155833000502862
1067 1703155833000542722
1068 1703155833000582795
1069 1703155833000622794
1070 1703155833000662902
1071 1703155833000702776
1072 1703155833000742853
1073 1703155833000782811
1074 1703155833000822902
1075 1703155833000862771
1076 1703155833000902855
1077 1703155833000942910
1078 1703155833000982933
1079 1703155834000022786
1080 1703155834000062972
1081 1703155834000102746
1082 1703155834000142865
1083 1703155834000183033
1084 1703155834000222949
1085 1703155834000262812
1086 1703155834000302971
1087 1703155834000342848
1088 1703155834000382939
1089 1703155834000422797
1090 1703155834000463015
1091 1703155834000502877
1092 1703155834000543038
1093 1703155834000583016
1094 1703155834000622911
1095 1703155834000662925
1096 1703155834000702951
1097 1703155834000742956
1098 1703155834000782917
1099 1703155834000823070
1100 1703155834000862977
1101 1703155834000903063
1102 1703155834000942893
1103 1703155834000982888
1104 1703155835000023028
1105 1703155835000062965
1106 1703155835000102990
1107 1703155835000142961
1108 1703155835000182895
1109 1703155835000222978
1110 1703155835000263068
1111 1703155835000303060
1112 1703155835000343032
1113 1703155835000383151
1114 1703155835000423015
1115 1703155835000463202
1116 1703155835000503085
1117 1703155835000542967
1118 1703155835000583005
1119 1703155835000623027
1120 1703155835000663044
1121 1703155835000702999
1122 1703155835000743074
1123 1703155835000783032
1124 1703155835000823123
1125 1703155835000862964
1126 1703155835000903043
1127 1703155835000943143
1128 1703155835000983200
1129 1703155836000023155
1130 1703155836000063157
1131 1703155836000103024
1132 1703155836000143298
1133 1703155836000183130
1134 1703155836000223192
1135 1703155836000263132
1136 1703155836000303131
1137 1703155836000343186
1138 1703155836000383104
1139 1703155836000423290
1140 1703155836000463191
1141 1703155836000503115
1142 1703155836000543145
1143 1703155836000583256
1144 1703155836000623145
1145 1703155836000663218
1146 1703155836000703115
1147 1703155836000743137
1148 1703155836000783198
1149 1703155836000823228
1150 1703155836000863317
1151 1703155836000903212
1152 1703155836000943250
1153 1703155836000983215
1154 1703155837000023249
1155 1703155837000063165
1156 1703155837000103375
1157 1703155837000143202
1158 1703155837000183208
1159 1703155837000223228
1160 1703155837000263414
1161 1703155837000303325
1162 1703155837000343319
1163 1703155837000383310
1164 1703155837000423342
1165 1703155837000463328
1166 1703155837000503204
1167 1703155837000543294
1168 1703155837000583211
1169 1703155837000623257
1170 1703155837000663350
1171 1703155837000703408
1172 1703155837000743420
1173 1703155837000783243
1174 1703155837000823274
1175 1703155837000863376
1176 1703155837000903250
1177 1703155837000943381
1178 1703155837000983298
1179 1703155838000023348
1180 1703155838000063357
1181 1703155838000103373
1182 1703155838000143290
1183 1703155838000183314
1184 1703155838000223354
1185 1703155838000263345
1186 1703155838000303517
1187 1703155838000343397
1188 1703155838000383426
1189 1703155838000423446
1190 1703155838000463402
1191 1703155838000503419
1192 1703155838000543372
1193 1703155838000583337
1194 1703155838000623432
1195 1703155838000663427
1196 1703155838000703447
1197 1703155838000743555
1198 1703155838000783387
1199 1703155838000823511
1200 1703155838000863596
1201 1703155838000903435
1202 1703155838000943430
1203 1703155838000983494
1204 1703155839000023465
1205 1703155839000063581
1206 1703155839000103531
1207 1703155839000143410
1208 1703155839000183597
1209 1703155839000223491
1210 1703155839000263554
1211 1703155839000303508
1212 1703155839000343550
1213 1703155839000383419
1214 1703155839000423469
1215 1703155839000463452
1216 1703155839000503487
1217 1703155839000543650
1218 1703155839000583588
1219 1703155839000623600
1220 1703155839000663570
1221 1703155839000703522
1222 1703155839000743498
1223 1703155839000783642
1224 1703155839000823588
1225 1703155839000863619
1226 1703155839000903685
1227 1703155839000943550
1228 1703155839000983559
1229 1703155840000023578
1230 1703155840000063700
1231 1703155840000103637
1232 1703155840000143603
1233 1703155840000183679
1234 1703155840000223650
1235 1703155840000263676
1236 1703155840000303528
1237 1703155840000343638
1238 1703155840000383589
1239 1703155840000423613
1240 1703155840000463582
1241 1703155840000503645
1242 1703155840000543528
1243 1703155840000583674
1244 1703155840000623600
1245 1703155840000663650
1246 1703155840000703685
1247 1703155840000743832
1248 1703155840000783748
1249 1703155840000823771
1250 1703155840000863679
1251 1703155840000903661
1252 1703155840000943623
1253 1703155840000983674
1254 1703155841000023799
1255 1703155841000063664
1256 1703155841000103745
1257 1703155841000143800
1258 1703155841000183843
1259 1703155841000223720
1260 1703155841000263789
1261 1703155841000303709
1262 1703155841000343742
1263 1703155841000383729
1264 1703155841000423837
1265 1703155841000463830
1266 1703155841000503665
1267 1703155841000543781
1268 1703155841000583774
1269 1703155841000623866
1270 1703155841000663678
1271 1703155841000703889
1272 1703155841000743916
1273 1703155841000783769
1274 1703155841000823855
1275 1703155841000863820
1276 1703155841000903839
1277 1703155841000943798
1278 1703155841000983846
1279 1703155842000023852
1280 1703155842000063899
1281 1703155842000103859
1282 1703155842000143791
1283 1703155842000183811
1284 1703155842000223867
1285 1703155842000263941
1286 1703155842000303872
1287 1703155842000343856
1288 1703155842000383851
1289 1703155842000423772
1290 1703155842000463828
1291 1703155842000503890
1292 1703155842000544047
1293 1703155842000583844
1294 1703155842000623979
1295 1703155842000663866
1296 1703155842000703946
1297 1703155842000743976
1298 1703155842000784003
1299 1703155842000824059
1300 1703155842000863897
1301 1703155842000904004
1302 1703155842000943993
1303 1703155842000983914
1304 1703155843000023940
1305 1703155843000063927
1306 1703155843000104005
1307 1703155843000143976
1308 1703155843000184021
1309 1703155843000224048
1310 1703155843000264032
1311 1703155843000304026
1312 1703155843000343987
1313 1703155843000384039
1314 1703155843000423970
1315 1703155843000463918
1316 1703155843000503991
1317 1703155843000543876
1318 1703155843000584088
1319 1703155843000623923
1320 1703155843000664014
1321 1703155843000704067
1322 1703155843000744061
1323 1703155843000784050
1324 1703155843000824058
1325 1703155843000864007
1326 1703155843000904093
1327 1703155843000944053
1328 1703155843000984042
1329 1703155844000024087
1330 1703155844000064060
1331 1703155844000104156
1332 1703155844000143989
1333 1703155844000184205
1334 1703155844000224234
1335 1703155844000264222
1336 1703155844000304220
1337 1703155844000344179
1338 1703155844000384263
1339 1703155844000424083
1340 1703155844000464167
1341 1703155844000504123
1342 1703155844000544284
1343 1703155844000584108
1344 1703155844000624131
1345 1703155844000664134
1346 1703155844000704120
1347 1703155844000744253
1348 1703155844000784177
1349 1703155844000824114
1350 1703155844000864190
1351 1703155844000904163
1352 1703155844000944201
1353 1703155844000984252
1354 1703155845000024220
1355 1703155845000064209
1356 1703155845000104241
1357 1703155845000144253
1358 1703155845000184104
1359 1703155845000224278
1360 1703155845000264331
1361 1703155845000304378
1362 1703155845000344335
1363 1703155845000384270
1364 1703155845000424269
1365 1703155845000464190
1366 1703155845000504260
1367 1703155845000544196
1368 1703155845000584288
1369 1703155845000624230
1370 1703155845000664244
1371 1703155845000704332
1372 1703155845000744246
1373 1703155845000784306
1374 1703155845000824277
1375 1703155845000864370
1376 1703155845000904333
1377 1703155845000944288
1378 1703155845000984314
1379 1703155846000024369
1380 1703155846000064345
1381 1703155846000104266
1382 1703155846000144351
1383 1703155846000184335
1384 1703155846000224258
1385 1703155846000264276
1386 1703155846000304365
1387 1703155846000344519
1388 1703155846000384416
1389 1703155846000424349
1390 1703155846000464366
1391 1703155846000504378
1392 1703155846000544395
1393 1703155846000584451
1394 1703155846000624375
1395 1703155846000664279
1396 1703155846000704302
1397 1703155846000744415
1398 1703155846000784447
1399 1703155846000824334
1400 1703155846000864436
1401 1703155846000904376
1402 1703155846000944391
1403 1703155846000984518
1404 1703155847000024568
1405 1703155847000064403
1406 1703155847000104365
1407 1703155847000144493
1408 1703155847000184529
1409 1703155847000224522
1410 1703155847000264553
1411 1703155847000304468
1412 1703155847000344476
1413 1703155847000384561
1414 1703155847000424470
1415 1703155847000464364
1416 1703155847000504389
1417 1703155847000544535
1418 1703155847000584476
1419 1703155847000624542
1420 1703155847000664549
1421 1703155847000704519
1422 1703155847000744538
1423 1703155847000784625
1424 1703155847000824525
1425 1703155847000864597
1426 1703155847000904416
1427 1703155847000944437
1428 1703155847000984591
1429 1703155848000024557
1430 1703155848000064506
1431 1703155848000104509
1432 1703155848000144608
1433 1703155848000184581
1434 1703155848000224713
1435 1703155848000264677
1436 1703155848000304650
1437 1703155848000344638
1438 1703155848000384632
1439 1703155848000424559
1440 1703155848000464565
1441 1703155848000504571
1442 1703155848000544604
1443 1703155848000584575
1444 1703155848000624711
1445 1703155848000664603
1446 1703155848000704689
1447 1703155848000744713
1448 1703155848000784685
1449 1703155848000824674
1450 1703155848000864584
1451 1703155848000904728
1452 1703155848000944605
1453 1703155848000984701
1454 1703155849000024670
1455 1703155849000064804
1456 1703155849000104654
1457 1703155849000144712
1458 1703155849000184596
1459 1703155849000224690
1460 1703155849000264730
1461 1703155849000304669
1462 1703155849000344719
1463 1703155849000384794
1464 1703155849000424728
1465 1703155849000464821
1466 1703155849000504695
1467 1703155849000544651
1468 1703155849000584809
1469 1703155849000624843
1470 1703155849000664726
1471 1703155849000704695
1472 1703155849000744807
1473 1703155849000784836
1474 1703155849000824761
1475 1703155849000864897
1476 1703155849000904742
1477 1703155849000944798
1478 1703155849000984825
1479 1703155850000024874
1480 1703155850000064858
1481 1703155850000104818
1482 1703155850000144753
1483 1703155850000184912
1484 1703155850000224756
1485 1703155850000264922
1486 1703155850000304879
1487 1703155850000344748
1488 1703155850000384882
1489 1703155850000424903
1490 1703155850000464898
1491 1703155850000504911
1492 1703155850000544858
1493 1703155850000584866
1494 1703155850000624928
1495 1703155850000664955
1496 1703155850000704847
1497 1703155850000744862
1498 1703155850000784836
1499 1703155850000824823
1500 1703155850000864887
