0001 1702923713000322642
0002 1702923713000362691
0003 1702923713000402796
0004 1702923713000442609
0005 1702923713000482685
0006 1702923713000522708
0007 1702923713000562661
0008 1702923713000602663
0009 1702923713000642743
0010 1702923713000682665
0011 1702923713000722821
0012 1702923713000762682
0013 1702923713000802766
0014 1702923713000842651
0015 1702923713000882620
0016 1702923713000922681
0017 1702923713000962764
0018 1702923714000002696
0019 1702923714000042685
0020 1702923714000082734
0021 1702923714000122773
0022 1702923714000162796
0023 1702923714000202762
0024 1702923714000242684
0025 1702923714000282666
0026 1702923714000322726
0027 1702923714000362859
0028 1702923714000402906
0029 1702923714000442934
0030 1702923714000482795
0031 1702923714000522780
0032 1702923714000562880
0033 1702923714000602842
0034 1702923714000642807
0035 1702923714000682763
0036 1702923714000722814
0037 1702923714000762746
0038 1702923714000802833
0039 1702923714000842772
0040 1702923714000882929
0041 1702923714000922861
0042 1702923714000962847
0043 1702923715000002896
0044 1702923715000042871
0045 1702923715000082784
0046 1702923715000122895
0047 1702923715000162765
0048 1702923715000202908
0049 1702923715000242874
0050 1702923715000282878
0051 1702923715000323045
0052 1702923715000363079
0053 1702923715000402901
0054 1702923715000443086
0055 1702923715000483039
0056 1702923715000522966
0057 1702923715000562901
0058 1702923715000602882
0059 1702923715000643013
0060 1702923715000682870
0061 1702923715000722983
0062 1702923715000763044
0063 1702923715000802935
0064 1702923715000842903
0065 1702923715000883014
0066 1702923715000922900
0067 1702923715000963026
0068 1702923716000002996
0069 1702923716000042981
0070 1702923716000082904
0071 1702923716000122922
0072 1702923716000163166
0073 1702923716000203122
0074 1702923716000243005
0075 1702923716000283194
0076 1702923716000323196
0077 1702923716000363017
0078 1702923716000403103
0079 1702923716000442997
0080 1702923716000483241
0081 1702923716000523196
0082 1702923716000563059
0083 1702923716000603180
0084 1702923716000643196
0085 1702923716000683103
0086 1702923716000723114
0087 1702923716000763128
0088 1702923716000803009
0089 1702923716000843038
0090 1702923716000883142
0091 1702923716000923114
0092 1702923716000963152
0093 1702923717000003148
0094 1702923717000043091
0095 1702923717000083138
0096 1702923717000123183
0097 1702923717000163269
0098 1702923717000203065
0099 1702923717000243283
0100 1702923717000283174
0101 1702923717000323122
0102 1702923717000363059
0103 1702923717000403251
0104 1702923717000443266
0105 1702923717000483315
0106 1702923717000523200
0107 1702923717000563087
0108 1702923717000603339
0109 1702923717000643237
0110 1702923717000683275
0111 1702923717000723244
0112 1702923717000763185
0113 1702923717000803413
0114 1702923717000843286
0115 1702923717000883352
0116 1702923717000923430
0117 1702923717000963216
0118 1702923718000003313
0119 1702923718000043322
0120 1702923718000083267
0121 1702923718000123338
0122 1702923718000163243
0123 1702923718000203315
0124 1702923718000243285
0125 1702923718000283214
0126 1702923718000323328
0127 1702923718000363374
0128 1702923718000403300
0129 1702923718000443375
0130 1702923718000483274
0131 1702923718000523417
0132 1702923718000563257
0133 1702923718000603399
0134 1702923718000643453
0135 1702923718000683368
0136 1702923718000723357
0137 1702923718000763349
0138 1702923718000803525
0139 1702923718000843328
0140 1702923718000883359
0141 1702923718000923449
0142 1702923718000963324
0143 1702923719000003281
0144 1702923719000043368
0145 1702923719000083488
0146 1702923719000123377
0147 1702923719000163497
0148 1702923719000203289
0149 1702923719000243503
0150 1702923719000283296
0151 1702923719000323439
0152 1702923719000363450
0153 1702923719000403332
0154 1702923719000443394
0155 1702923719000483587
0156 1702923719000523593
0157 1702923719000563574
0158 1702923719000603602
0159 1702923719000643557
0160 1702923719000683532
0161 1702923719000723532
0162 1702923719000763512
0163 1702923719000803405
0164 1702923719000843573
0165 1702923719000883615
0166 1702923719000923486
0167 1702923719000963566
0168 1702923720000003610
0169 1702923720000043640
0170 1702923720000083604
0171 1702923720000123589
0172 1702923720000163549
0173 1702923720000203581
0174 1702923720000243586
0175 1702923720000283643
0176 1702923720000323569
0177 1702923720000363627
0178 1702923720000403565
0179 1702923720000443614
0180 1702923720000483675
0181 1702923720000523645
0182 1702923720000563586
0183 1702923720000603647
0184 1702923720000643699
0185 1702923720000683640
0186 1702923720000723698
0187 1702923720000763577
0188 1702923720000803610
0189 1702923720000843636
0190 1702923720000883713
0191 1702923720000923747
0192 1702923720000963577
0193 1702923721000003753
0194 1702923721000043664
0195 1702923721000083631
0196 1702923721000123786
0197 1702923721000163758
0198 1702923721000203655
0199 1702923721000243706
0200 1702923721000283607
0201 1702923721000323703
0202 1702923721000363729
0203 1702923721000403832
0204 1702923721000443738
0205 1702923721000483715
0206 1702923721000523807
0207 1702923721000563710
0208 1702923721000603743
0209 1702923721000643743
0210 1702923721000683781
0211 1702923721000723837
0212 1702923721000763637
0213 1702923721000803706
0214 1702923721000843652
0215 1702923721000883619
0216 1702923721000923865
0217 1702923721000963873
0218 1702923722000003839
0219 1702923722000043958
0220 1702923722000083697
0221 1702923722000123716
0222 1702923722000163880
0223 1702923722000203687
0224 1702923722000243902
0225 1702923722000283815
0226 1702923722000323899
0227 1702923722000363788
0228 1702923722000403835
0229 1702923722000443848
0230 1702923722000483925
0231 1702923722000523882
0232 1702923722000563858
0233 1702923722000603906
0234 1702923722000643735
0235 1702923722000683954
0236 1702923722000723857
0237 1702923722000763866
0238 1702923722000803857
0239 1702923722000843909
0240 1702923722000883849
0241 1702923722000923921
0242 1702923722000963923
0243 1702923723000003909
0244 1702923723000043902
0245 1702923723000083971
0246 1702923723000124055
0247 1702923723000163980
0248 1702923723000204102
0249 1702923723000243966
0250 1702923723000283969
0251 1702923723000323989
0252 1702923723000363986
0253 1702923723000403980
0254 1702923723000444048
0255 1702923723000483855
0256 1702923723000524005
0257 1702923723000564050
0258 1702923723000603971
0259 1702923723000643970
0260 1702923723000683979
0261 1702923723000723880
0262 1702923723000764057
0263 1702923723000804050
0264 1702923723000844027
0265 1702923723000884105
0266 1702923723000924141
0267 1702923723000964091
0268 1702923724000004185
0269 1702923724000044138
0270 1702923724000084091
0271 1702923724000124043
0272 1702923724000164107
0273 1702923724000204180
0274 1702923724000244088
0275 1702923724000284112
0276 1702923724000324064
0277 1702923724000364172
0278 1702923724000404240
0279 1702923724000444117
0280 1702923724000484035
0281 1702923724000524161
0282 1702923724000564230
0283 1702923724000604023
0284 1702923724000644098
0285 1702923724000684281
0286 1702923724000724053
0287 1702923724000764025
0288 1702923724000804159
0289 1702923724000844208
0290 1702923724000884110
0291 1702923724000924154
0292 1702923724000964214
0293 1702923725000004200
0294 1702923725000044205
0295 1702923725000084321
0296 1702923725000124089
0297 1702923725000164251
0298 1702923725000204254
0299 1702923725000244321
0300 1702923725000284056
0301 1702923725000324204
0302 1702923725000364270
0303 1702923725000404265
0304 1702923725000444316
0305 1702923725000484220
0306 1702923725000524220
0307 1702923725000564301
0308 1702923725000604202
0309 1702923725000644215
0310 1702923725000684303
0311 1702923725000724211
0312 1702923725000764317
0313 1702923725000804214
0314 1702923725000844261
0315 1702923725000884367
0316 1702923725000924354
0317 1702923725000964235
0318 1702923726000004170
0319 1702923726000044233
0320 1702923726000084234
0321 1702923726000124307
0322 1702923726000164376
0323 1702923726000204322
0324 1702923726000244376
0325 1702923726000284382
0326 1702923726000324400
0327 1702923726000364429
0328 1702923726000404380
0329 1702923726000444384
0330 1702923726000484372
0331 1702923726000524329
0332 1702923726000564396
0333 1702923726000604457
0334 1702923726000644404
0335 1702923726000684338
0336 1702923726000724523
0337 1702923726000764438
0338 1702923726000804399
0339 1702923726000844330
0340 1702923726000884416
0341 1702923726000924462
0342 1702923726000964356
0343 1702923727000004357
0344 1702923727000044502
0345 1702923727000084530
0346 1702923727000124431
0347 1702923727000164602
0348 1702923727000204403
0349 1702923727000244530
0350 1702923727000284525
0351 1702923727000324540
0352 1702923727000364468
0353 1702923727000404375
0354 1702923727000444575
0355 1702923727000484533
0356 1702923727000524405
0357 1702923727000564562
0358 1702923727000604477
0359 1702923727000644443
0360 1702923727000684443
0361 1702923727000724553
0362 1702923727000764396
0363 1702923727000804484
0364 1702923727000844456
0365 1702923727000884422
0366 1702923727000924588
0367 1702923727000964655
0368 1702923728000004538
0369 1702923728000044556
0370 1702923728000084609
0371 1702923728000124631
0372 1702923728000164664
0373 1702923728000204483
0374 1702923728000244587
0375 1702923728000284607
0376 1702923728000324532
0377 1702923728000364491
0378 1702923728000404636
0379 1702923728000444702
0380 1702923728000484632
0381 1702923728000524625
0382 1702923728000564591
0383 1702923728000604690
0384 1702923728000644626
0385 1702923728000684762
0386 1702923728000724701
0387 1702923728000764711
0388 1702923728000804729
0389 1702923728000844643
0390 1702923728000884589
0391 1702923728000924664
0392 1702923728000964674
0393 1702923729000004585
0394 1702923729000044588
0395 1702923729000084834
0396 1702923729000124741
0397 1702923729000164760
0398 1702923729000204784
0399 1702923729000244718
0400 1702923729000284763
0401 1702923729000324706
0402 1702923729000364785
0403 1702923729000404671
0404 1702923729000444790
0405 1702923729000484651
0406 1702923729000524716
0407 1702923729000564756
0408 1702923729000604729
0409 1702923729000644665
0410 1702923729000684799
0411 1702923729000724764
0412 1702923729000764848
0413 1702923729000804917
0414 1702923729000844769
0415 1702923729000884887
0416 1702923729000924836
0417 1702923729000964749
0418 1702923730000004856
0419 1702923730000044737
0420 1702923730000084846
0421 1702923730000124943
0422 1702923730000164743
0423 1702923730000204745
0424 1702923730000244858
0425 1702923730000284943
0426 1702923730000324971
0427 1702923730000364861
0428 1702923730000404769
0429 1702923730000444969
0430 1702923730000484828
0431 1702923730000524938
0432 1702923730000564813
0433 1702923730000604820
0434 1702923730000644984
0435 1702923730000684954
0436 1702923730000724881
0437 1702923730000764865
0438 1702923730000804873
0439 1702923730000844897
0440 1702923730000884998
0441 1702923730000924911
0442 1702923730000964910
0443 1702923731000004999
0444 1702923731000044886
0445 1702923731000084891
0446 1702923731000124850
0447 1702923731000164916
0448 1702923731000205095
0449 1702923731000244976
0450 1702923731000285031
0451 1702923731000324950
0452 1702923731000365005
0453 1702923731000405118
0454 1702923731000444992
0455 1702923731000485068
0456 1702923731000525008
0457 1702923731000565190
0458 1702923731000605019
0459 1702923731000644961
0460 1702923731000684994
0461 1702923731000724908
0462 1702923731000765010
0463 1702923731000805135
0464 1702923731000845135
0465 1702923731000885044
0466 1702923731000925112
0467 1702923731000964970
0468 1702923732000005176
0469 1702923732000045178
0470 1702923732000085090
0471 1702923732000124967
0472 1702923732000165074
0473 1702923732000205112
0474 1702923732000245170
0475 1702923732000285260
0476 1702923732000324956
0477 1702923732000365049
0478 1702923732000405190
0479 1702923732000445293
0480 1702923732000485218
0481 1702923732000525168
0482 1702923732000565170
0483 1702923732000605246
0484 1702923732000645267
0485 1702923732000685096
0486 1702923732000725099
0487 1702923732000765251
0488 1702923732000805154
0489 1702923732000845191
0490 1702923732000885282
0491 1702923732000925224
0492 1702923732000965265
0493 1702923733000005267
0494 1702923733000045211
0495 1702923733000085292
0496 1702923733000125076
0497 1702923733000165208
0498 1702923733000205314
0499 1702923733000245339
0500 1702923733000285272
0501 1702923733000325209
0502 1702923733000365292
0503 1702923733000405251
0504 1702923733000445394
0505 1702923733000485205
0506 1702923733000525358
0507 1702923733000565398
0508 1702923733000605386
0509 1702923733000645342
0510 1702923733000685161
0511 1702923733000725267
0512 1702923733000765373
0513 1702923733000805310
0514 1702923733000845368
0515 1702923733000885212
0516 1702923733000925450
0517 1702923733000965338
0518 1702923734000005342
0519 1702923734000045310
0520 1702923734000085229
0521 1702923734000125482
0522 1702923734000165306
0523 1702923734000205412
0524 1702923734000245367
0525 1702923734000285377
0526 1702923734000325359
0527 1702923734000365429
0528 1702923734000405418
0529 1702923734000445268
0530 1702923734000485298
0531 1702923734000525440
0532 1702923734000565451
0533 1702923734000605368
0534 1702923734000645382
0535 1702923734000685382
0536 1702923734000725381
0537 1702923734000765361
0538 1702923734000805514
0539 1702923734000845433
0540 1702923734000885447
0541 1702923734000925476
0542 1702923734000965497
0543 1702923735000005434
0544 1702923735000045436
0545 1702923735000085518
0546 1702923735000125566
0547 1702923735000165545
0548 1702923735000205547
0549 1702923735000245541
0550 1702923735000285417
0551 1702923735000325583
0552 1702923735000365598
0553 1702923735000405411
0554 1702923735000445521
0555 1702923735000485493
0556 1702923735000525563
0557 1702923735000565612
0558 1702923735000605427
0559 1702923735000645622
0560 1702923735000685615
0561 1702923735000725715
0562 1702923735000765642
0563 1702923735000805410
0564 1702923735000845599
0565 1702923735000885688
0566 1702923735000925588
0567 1702923735000965612
0568 1702923736000005646
0569 1702923736000045522
0570 1702923736000085474
0571 1702923736000125516
0572 1702923736000165638
0573 1702923736000205600
0574 1702923736000245614
0575 1702923736000285561
0576 1702923736000325630
0577 1702923736000365612
0578 1702923736000405684
0579 1702923736000445616
0580 1702923736000485658
0581 1702923736000525776
0582 1702923736000565634
0583 1702923736000605680
0584 1702923736000645629
0585 1702923736000685565
0586 1702923736000725790
0587 1702923736000765596
0588 1702923736000805550
0589 1702923736000845760
0590 1702923736000885635
0591 1702923736000925565
0592 1702923736000965771
0593 1702923737000005820
0594 1702923737000045797
0595 1702923737000085604
0596 1702923737000125762
0597 1702923737000165765
0598 1702923737000205629
0599 1702923737000245818
0600 1702923737000285797
0601 1702923737000325851
0602 1702923737000365669
0603 1702923737000405824
0604 1702923737000445709
0605 1702923737000485716
0606 1702923737000525815
0607 1702923737000565734
0608 1702923737000605743
0609 1702923737000645860
0610 1702923737000685810
0611 1702923737000725942
0612 1702923737000765717
0613 1702923737000805795
0614 1702923737000845823
0615 1702923737000885841
0616 1702923737000925835
0617 1702923737000965931
0618 1702923738000005818
0619 1702923738000045832
0620 1702923738000085806
0621 1702923738000125873
0622 1702923738000165877
0623 1702923738000205909
0624 1702923738000245969
0625 1702923738000285860
0626 1702923738000325854
0627 1702923738000365840
0628 1702923738000406021
0629 1702923738000445968
0630 1702923738000485878
0631 1702923738000525841
0632 1702923738000565927
0633 1702923738000605936
0634 1702923738000645830
0635 1702923738000685836
0636 1702923738000725868
0637 1702923738000766065
0638 1702923738000805904
0639 1702923738000845913
0640 1702923738000886017
0641 1702923738000926059
0642 1702923738000966071
0643 1702923739000006017
0644 1702923739000045867
0645 1702923739000085960
0646 1702923739000125872
0647 1702923739000165984
0648 1702923739000205921
0649 1702923739000245990
0650 1702923739000285919
0651 1702923739000326028
0652 1702923739000366000
0653 1702923739000406129
0654 1702923739000446145
0655 1702923739000486142
0656 1702923739000526116
0657 1702923739000566013
0658 1702923739000606189
0659 1702923739000646141
0660 1702923739000686008
0661 1702923739000726009
0662 1702923739000766103
0663 1702923739000805982
0664 1702923739000846241
0665 1702923739000886096
0666 1702923739000926155
0667 1702923739000966048
0668 1702923740000006178
0669 1702923740000046169
0670 1702923740000086198
0671 1702923740000126097
0672 1702923740000166203
0673 1702923740000206122
0674 1702923740000246191
0675 1702923740000286309
0676 1702923740000326148
0677 1702923740000366091
0678 1702923740000406040
0679 1702923740000446131
0680 1702923740000486134
0681 1702923740000526013
0682 1702923740000566163
0683 1702923740000606229
0684 1702923740000646123
0685 1702923740000686079
0686 1702923740000726201
0687 1702923740000766246
0688 1702923740000806215
0689 1702923740000846287
0690 1702923740000886139
0691 1702923740000926305
0692 1702923740000966299
0693 1702923741000006359
0694 1702923741000046136
0695 1702923741000086134
0696 1702923741000126188
0697 1702923741000166229
0698 1702923741000206225
0699 1702923741000246228
0700 1702923741000286394
0701 1702923741000326230
0702 1702923741000366200
0703 1702923741000406220
0704 1702923741000446241
0705 1702923741000486339
0706 1702923741000526260
0707 1702923741000566235
0708 1702923741000606354
0709 1702923741000646284
0710 1702923741000686188
0711 1702923741000726311
0712 1702923741000766207
0713 1702923741000807088
0714 1702923741000846337
0715 1702923741000886387
0716 1702923741000926285
0717 1702923741000966322
0718 1702923742000006366
0719 1702923742000046355
0720 1702923742000086389
0721 1702923742000126289
0722 1702923742000166522
0723 1702923742000206419
0724 1702923742000246439
0725 1702923742000286377
0726 1702923742000326362
0727 1702923742000366310
0728 1702923742000406380
0729 1702923742000446362
0730 1702923742000486407
0731 1702923742000526379
0732 1702923742000566540
0733 1702923742000606413
0734 1702923742000646322
0735 1702923742000686537
0736 1702923742000726529
0737 1702923742000766572
0738 1702923742000806381
0739 1702923742000846427
0740 1702923742000886567
0741 1702923742000926561
0742 1702923742000966586
0743 1702923743000006562
0744 1702923743000046596
0745 1702923743000086446
0746 1702923743000126358
0747 1702923743000166516
0748 1702923743000206607
0749 1702923743000246586
0750 1702923743000286631
0751 1702923743000326602
0752 1702923743000366453
0753 1702923743000406639
0754 1702923743000446482
0755 1702923743000486645
0756 1702923743000526516
0757 1702923743000566542
0758 1702923743000606665
0759 1702923743000646531
0760 1702923743000686690
0761 1702923743000726499
0762 1702923743000766509
0763 1702923743000806592
0764 1702923743000846698
0765 1702923743000886606
0766 1702923743000926509
0767 1702923743000966605
0768 1702923744000006722
0769 1702923744000046654
0770 1702923744000086770
0771 1702923744000126653
0772 1702923744000166570
0773 1702923744000206559
0774 1702923744000246595
0775 1702923744000286743
0776 1702923744000326682
0777 1702923744000366564
0778 1702923744000406721
0779 1702923744000446606
0780 1702923744000486722
0781 1702923744000526652
0782 1702923744000566772
0783 1702923744000606633
0784 1702923744000646588
0785 1702923744000686791
0786 1702923744000726761
0787 1702923744000766728
0788 1702923744000806747
0789 1702923744000846776
0790 1702923744000886912
0791 1702923744000926849
0792 1702923744000966589
0793 1702923745000006771
0794 1702923745000046808
0795 1702923745000086915
0796 1702923745000126749
0797 1702923745000166894
0798 1702923745000206824
0799 1702923745000246747
0800 1702923745000286767
0801 1702923745000326705
0802 1702923745000366855
0803 1702923745000406788
0804 1702923745000446869
0805 1702923745000486703
0806 1702923745000526877
0807 1702923745000566764
0808 1702923745000606776
0809 1702923745000646815
0810 1702923745000686787
0811 1702923745000726871
0812 1702923745000766916
0813 1702923745000806823
0814 1702923745000846842
0815 1702923745000886852
0816 1702923745000926842
0817 1702923745000966774
0818 1702923746000006964
0819 1702923746000046820
0820 1702923746000086926
0821 1702923746000126880
0822 1702923746000166975
0823 1702923746000206770
0824 1702923746000246915
0825 1702923746000287013
0826 1702923746000327022
0827 1702923746000366976
0828 1702923746000406927
0829 1702923746000446807
0830 1702923746000486882
0831 1702923746000526880
0832 1702923746000566820
0833 1702923746000606939
0834 1702923746000647023
0835 1702923746000686949
0836 1702923746000727031
0837 1702923746000766868
0838 1702923746000807022
0839 1702923746000846953
0840 1702923746000887028
0841 1702923746000926871
0842 1702923746000966923
0843 1702923747000006915
0844 1702923747000046925
0845 1702923747000086906
0846 1702923747000127009
0847 1702923747000166923
0848 1702923747000207046
0849 1702923747000247175
0850 1702923747000287061
0851 1702923747000327029
0852 1702923747000367111
0853 1702923747000407076
0854 1702923747000447142
0855 1702923747000486941
0856 1702923747000527048
0857 1702923747000567023
0858 1702923747000607090
0859 1702923747000647019
0860 1702923747000687012
0861 1702923747000727073
0862 1702923747000766980
0863 1702923747000807178
0864 1702923747000847054
0865 1702923747000887113
0866 1702923747000927035
0867 1702923747000967135
0868 1702923748000007067
0869 1702923748000047130
0870 1702923748000087163
0871 1702923748000127186
0872 1702923748000167240
0873 1702923748000207156
0874 1702923748000247089
0875 1702923748000287106
0876 1702923748000327124
0877 1702923748000367221
0878 1702923748000407330
0879 1702923748000447148
0880 1702923748000487313
0881 1702923748000527228
0882 1702923748000567074
0883 1702923748000607102
0884 1702923748000647068
0885 1702923748000687295
0886 1702923748000727231
0887 1702923748000767177
0888 1702923748000807288
0889 1702923748000847290
0890 1702923748000887187
0891 1702923748000927311
0892 1702923748000967271
0893 1702923749000007134
0894 1702923749000047333
0895 1702923749000087240
0896 1702923749000127185
0897 1702923749000167373
0898 1702923749000207393
0899 1702923749000247369
0900 1702923749000287415
0901 1702923749000327214
0902 1702923749000367244
0903 1702923749000407264
0904 1702923749000447456
0905 1702923749000487305
0906 1702923749000527384
0907 1702923749000567248
0908 1702923749000607342
0909 1702923749000647405
0910 1702923749000687354
0911 1702923749000727400
0912 1702923749000767397
0913 1702923749000807392
0914 1702923749000847321
0915 1702923749000887366
0916 1702923749000927322
0917 1702923749000967255
0918 1702923750000007495
0919 1702923750000047465
0920 1702923750000087251
0921 1702923750000127469
0922 1702923750000167338
0923 1702923750000207537
0924 1702923750000247433
0925 1702923750000287544
0926 1702923750000327335
0927 1702923750000367403
0928 1702923750000407390
0929 1702923750000447340
0930 1702923750000487382
0931 1702923750000527468
0932 1702923750000567581
0933 1702923750000607498
0934 1702923750000647461
0935 1702923750000687421
0936 1702923750000727336
0937 1702923750000767442
0938 1702923750000807421
0939 1702923750000847500
0940 1702923750000887611
0941 1702923750000927585
0942 1702923750000967396
0943 1702923751000007434
0944 1702923751000047490
0945 1702923751000087481
0946 1702923751000127652
0947 1702923751000167662
0948 1702923751000207587
0949 1702923751000247498
0950 1702923751000287701
0951 1702923751000327448
0952 1702923751000367533
0953 1702923751000407660
0954 1702923751000447521
0955 1702923751000487609
0956 1702923751000527526
0957 1702923751000567523
0958 1702923751000607758
0959 1702923751000647489
0960 1702923751000687678
0961 1702923751000727455
0962 1702923751000767655
0963 1702923751000807698
0964 1702923751000847625
0965 1702923751000887521
0966 1702923751000927663
0967 1702923751000967513
0968 1702923752000007605
0969 1702923752000047678
0970 1702923752000087633
0971 1702923752000127598
0972 1702923752000167596
0973 1702923752000207814
0974 1702923752000247544
0975 1702923752000287759
0976 1702923752000327653
0977 1702923752000367584
0978 1702923752000407734
0979 1702923752000447806
0980 1702923752000487711
0981 1702923752000527673
0982 1702923752000567657
0983 1702923752000607797
0984 1702923752000647651
0985 1702923752000687801
0986 1702923752000727694
0987 1702923752000767615
0988 1702923752000807689
0989 1702923752000847710
0990 1702923752000887691
0991 1702923752000927704
0992 1702923752000967621
0993 1702923753000007855
0994 1702923753000047659
0995 1702923753000087791
0996 1702923753000127753
0997 1702923753000167772
0998 1702923753000207788
0999 1702923753000247847
1000 1702923753000287803
1001 1702923753000327665
1002 1702923753000367905
1003 1702923753000407690
1004 1702923753000447868
1005 1702923753000487826
1006 1702923753000527847
1007 1702923753000567791
1008 1702923753000607906
1009 1702923753000647735
1010 1702923753000687977
1011 1702923753000727872
1012 1702923753000767915
1013 1702923753000808009
1014 1702923753000847749
1015 1702923753000887774
1016 1702923753000927893
1017 1702923753000967866
1018 1702923754000007837
1019 1702923754000047894
1020 1702923754000088269
1021 1702923754000127913
1022 1702923754000168296
1023 1702923754000207880
1024 1702923754000248181
1025 1702923754000288148
1026 1702923754000328310
1027 1702923754000367892
1028 1702923754000408102
1029 1702923754000448285
1030 1702923754000488070
1031 1702923754000528068
1032 1702923754000568032
1033 1702923754000607962
1034 1702923754000648082
1035 1702923754000688085
1036 1702923754000728318
1037 1702923754000768363
1038 1702923754000808377
1039 1702923754000848328
1040 1702923754000888377
1041 1702923754000928432
1042 1702923754000968280
1043 1702923755000008347
1044 1702923755000048450
1045 1702923755000088373
1046 1702923755000128236
1047 1702923755000168349
1048 1702923755000208319
1049 1702923755000248379
1050 1702923755000288314
1051 1702923755000328211
1052 1702923755000368394
1053 1702923755000408650
1054 1702923755000448407
1055 1702923755000488342
1056 1702923755000528641
1057 1702923755000568698
1058 1702923755000608772
1059 1702923755000648436
1060 1702923755000688692
1061 1702923755000728507
1062 1702923755000768639
1063 1702923755000809004
1064 1702923755000848695
1065 1702923755000888373
1066 1702923755000928929
1067 1702923755000969013
1068 1702923756000008644
1069 1702923756000048666
1070 1702923756000088987
1071 1702923756000128912
1072 1702923756000169129
1073 1702923756000209440
1074 1702923756000249207
1075 1702923756000289500
1076 1702923756000329030
1077 1702923756000369152
1078 1702923756000409189
1079 1702923756000449134
1080 1702923756000489560
1081 1702923756000529430
1082 1702923756000569404
1083 1702923756000609431
1084 1702923756000648952
1085 1702923756000689568
1086 1702923756000729597
1087 1702923756000769424
1088 1702923756000809110
1089 1702923756000848843
1090 1702923756000888895
1091 1702923756000929075
1092 1702923756000969246
1093 1702923757000009199
1094 1702923757000048975
1095 1702923757000089070
1096 1702923757000129105
1097 1702923757000169194
1098 1702923757000209071
1099 1702923757000249145
1100 1702923757000289162
1101 1702923757000328879
1102 1702923757000369170
1103 1702923757000409336
1104 1702923757000449026
1105 1702923757000489265
1106 1702923757000528967
1107 1702923757000569388
1108 1702923757000608766
1109 1702923757000648971
1110 1702923757000688847
1111 1702923757000729115
1112 1702923757000768890
1113 1702923757000808724
1114 1702923757000848887
1115 1702923757000888874
1116 1702923757000928935
1117 1702923757000968767
1118 1702923758000008773
1119 1702923758000048745
1120 1702923758000088600
1121 1702923758000128735
1122 1702923758000168737
1123 1702923758000208972
1124 1702923758000248995
1125 1702923758000288456
1126 1702923758000328636
1127 1702923758000368490
1128 1702923758000408518
1129 1702923758000448483
1130 1702923758000488504
1131 1702923758000528519
1132 1702923758000568591
1133 1702923758000608516
1134 1702923758000648547
1135 1702923758000688517
1136 1702923758000728439
1137 1702923758000768600
1138 1702923758000808622
1139 1702923758000848492
1140 1702923758000888622
1141 1702923758000928561
1142 1702923758000968608
1143 1702923759000008530
1144 1702923759000048618
1145 1702923759000088547
1146 1702923759000128473
1147 1702923759000168664
1148 1702923759000208593
1149 1702923759000248540
1150 1702923759000288703
1151 1702923759000328473
1152 1702923759000368455
1153 1702923759000408611
1154 1702923759000448560
1155 1702923759000488531
1156 1702923759000528575
1157 1702923759000568651
1158 1702923759000608483
1159 1702923759000648652
1160 1702923759000688485
1161 1702923759000728604
1162 1702923759000768718
1163 1702923759000808689
1164 1702923759000848655
1165 1702923759000888691
1166 1702923759000928676
1167 1702923759000968802
1168 1702923760000008752
1169 1702923760000048633
1170 1702923760000088667
1171 1702923760000128789
1172 1702923760000168803
1173 1702923760000208798
1174 1702923760000248614
1175 1702923760000288615
1176 1702923760000328810
1177 1702923760000368724
1178 1702923760000408704
1179 1702923760000448778
1180 1702923760000488831
1181 1702923760000528843
1182 1702923760000568769
1183 1702923760000608693
1184 1702923760000648677
1185 1702923760000688894
1186 1702923760000728745
1187 1702923760000768680
1188 1702923760000808739
1189 1702923760000848815
1190 1702923760000888770
1191 1702923760000928839
1192 1702923760000968665
1193 1702923761000008880
1194 1702923761000048885
1195 1702923761000088734
1196 1702923761000128690
1197 1702923761000168849
1198 1702923761000208778
1199 1702923761000248774
1200 1702923761000288757
1201 1702923761000328799
1202 1702923761000368935
1203 1702923761000408819
1204 1702923761000448825
1205 1702923761000488840
1206 1702923761000528866
1207 1702923761000568923
1208 1702923761000608956
1209 1702923761000648731
1210 1702923761000688820
1211 1702923761000728822
1212 1702923761000768784
1213 1702923761000808863
1214 1702923761000849043
1215 1702923761000888908
1216 1702923761000928810
1217 1702923761000969031
1218 1702923762000008852
1219 1702923762000049031
1220 1702923762000088977
1221 1702923762000128944
1222 1702923762000169023
1223 1702923762000208846
1224 1702923762000249027
1225 1702923762000288947
1226 1702923762000328985
1227 1702923762000368986
1228 1702923762000408961
1229 1702923762000449068
1230 1702923762000488933
1231 1702923762000528972
1232 1702923762000568926
1233 1702923762000608959
1234 1702923762000649052
1235 1702923762000689067
1236 1702923762000729030
1237 1702923762000769028
1238 1702923762000809108
1239 1702923762000849110
1240 1702923762000889019
1241 1702923762000928996
1242 1702923762000969166
1243 1702923763000008983
1244 1702923763000049027
1245 1702923763000089157
1246 1702923763000129143
1247 1702923763000168974
1248 1702923763000208991
1249 1702923763000248993
1250 1702923763000289138
1251 1702923763000329102
1252 1702923763000369203
1253 1702923763000409045
1254 1702923763000449170
1255 1702923763000488976
1256 1702923763000528986
1257 1702923763000568999
1258 1702923763000609200
1259 1702923763000648981
1260 1702923763000689035
1261 1702923763000729157
1262 1702923763000769211
1263 1702923763000809088
1264 1702923763000849073
1265 1702923763000889091
1266 1702923763000929315
1267 1702923763000969086
1268 1702923764000009257
1269 1702923764000049236
1270 1702923764000089246
1271 1702923764000129058
1272 1702923764000169213
1273 1702923764000209307
1274 1702923764000249243
1275 1702923764000289175
1276 1702923764000329172
1277 1702923764000369231
1278 1702923764000409277
1279 1702923764000449236
1280 1702923764000489248
1281 1702923764000529275
1282 1702923764000569279
1283 1702923764000609258
1284 1702923764000649175
1285 1702923764000689263
1286 1702923764000729334
1287 1702923764000769351
1288 1702923764000809172
1289 1702923764000849203
1290 1702923764000889235
1291 1702923764000929221
1292 1702923764000969240
1293 1702923765000009219
1294 1702923765000049232
1295 1702923765000089228
1296 1702923765000129452
1297 1702923765000169349
1298 1702923765000209293
1299 1702923765000249254
1300 1702923765000289432
1301 1702923765000329290
1302 1702923765000369370
1303 1702923765000409272
1304 1702923765000449469
1305 1702923765000489366
1306 1702923765000529497
1307 1702923765000569305
1308 1702923765000609383
1309 1702923765000649454
1310 1702923765000689475
1311 1702923765000729359
1312 1702923765000769363
1313 1702923765000809507
1314 1702923765000849339
1315 1702923765000889516
1316 1702923765000929344
1317 1702923765000969440
1318 1702923766000009411
1319 1702923766000049508
1320 1702923766000089420
1321 1702923766000129447
1322 1702923766000169536
1323 1702923766000209594
1324 1702923766000249497
1325 1702923766000289632
1326 1702923766000329531
1327 1702923766000369422
1328 1702923766000409580
1329 1702923766000449408
1330 1702923766000489635
1331 1702923766000529415
1332 1702923766000569499
1333 1702923766000609422
1334 1702923766000649582
1335 1702923766000689463
1336 1702923766000729441
1337 1702923766000769521
1338 1702923766000809557
1339 1702923766000849455
1340 1702923766000889536
1341 1702923766000929626
1342 1702923766000969677
1343 1702923767000009556
1344 1702923767000049545
1345 1702923767000089515
1346 1702923767000129632
1347 1702923767000169495
1348 1702923767000209589
1349 1702923767000249542
1350 1702923767000289479
1351 1702923767000329538
1352 1702923767000369570
1353 1702923767000409728
1354 1702923767000449655
1355 1702923767000489759
1356 1702923767000529659
1357 1702923767000569637
1358 1702923767000609692
1359 1702923767000649559
1360 1702923767000689729
1361 1702923767000729664
1362 1702923767000769784
1363 1702923767000809608
1364 1702923767000849716
1365 1702923767000889705
1366 1702923767000929700
1367 1702923767000969784
1368 1702923768000009727
1369 1702923768000049665
1370 1702923768000089733
1371 1702923768000129755
1372 1702923768000169771
1373 1702923768000209771
1374 1702923768000249853
1375 1702923768000289761
1376 1702923768000329717
1377 1702923768000369744
1378 1702923768000409773
1379 1702923768000449761
1380 1702923768000489628
1381 1702923768000529804
1382 1702923768000569797
1383 1702923768000609753
1384 1702923768000649703
1385 1702923768000689690
1386 1702923768000729793
1387 1702923768000769697
1388 1702923768000809782
1389 1702923768000849825
1390 1702923768000889835
1391 1702923768000929768
1392 1702923768000969793
1393 1702923769000009795
1394 1702923769000049852
1395 1702923769000089698
1396 1702923769000129884
1397 1702923769000169741
1398 1702923769000209839
1399 1702923769000249907
1400 1702923769000289869
1401 1702923769000329900
1402 1702923769000369940
1403 1702923769000409910
1404 1702923769000449821
1405 1702923769000489887
1406 1702923769000529873
1407 1702923769000569838
1408 1702923769000609755
1409 1702923769000649914
1410 1702923769000689963
1411 1702923769000729954
1412 1702923769000769859
1413 1702923769000809951
1414 1702923769000849856
1415 1702923769000890028
1416 1702923769000930062
1417 1702923769000970028
1418 1702923770000010074
1419 1702923770000050075
1420 1702923770000089992
1421 1702923770000129832
1422 1702923770000169918
1423 1702923770000209957
1424 1702923770000249981
1425 1702923770000289975
1426 1702923770000329989
1427 1702923770000370024
1428 1702923770000410078
1429 1702923770000449991
1430 1702923770000489878
1431 1702923770000530087
1432 1702923770000570056
1433 1702923770000610074
1434 1702923770000650019
1435 1702923770000690005
1436 1702923770000730091
1437 1702923770000770037
1438 1702923770000810081
1439 1702923770000850040
1440 1702923770000889908
1441 1702923770000930063
1442 1702923770000970124
1443 1702923771000009976
1444 1702923771000049925
1445 1702923771000090153
1446 1702923771000130154
1447 1702923771000170079
1448 1702923771000210028
1449 1702923771000250071
1450 1702923771000290168
1451 1702923771000330006
1452 1702923771000370112
1453 1702923771000410201
1454 1702923771000450149
1455 1702923771000490200
1456 1702923771000530088
1457 1702923771000570252
1458 1702923771000610197
1459 1702923771000650215
1460 1702923771000690145
1461 1702923771000730182
1462 1702923771000770071
1463 1702923771000810252
1464 1702923771000850142
1465 1702923771000890313
1466 1702923771000930211
1467 1702923771000970209
1468 1702923772000010133
1469 1702923772000050188
1470 1702923772000090255
1471 1702923772000130278
1472 1702923772000170122
1473 1702923772000210309
1474 1702923772000250246
1475 1702923772000290148
1476 1702923772000330251
1477 1702923772000370345
1478 1702923772000410126
1479 1702923772000450156
1480 1702923772000490204
1481 1702923772000530356
1482 1702923772000570392
1483 1702923772000610184
1484 1702923772000650346
1485 1702923772000690228
1486 1702923772000730256
1487 1702923772000770275
1488 1702923772000810406
1489 1702923772000850199
1490 1702923772000890310
1491 1702923772000930456
1492 1702923772000970307
1493 1702923773000010230
1494 1702923773000050174
1495 1702923773000090353
1496 1702923773000130329
1497 1702923773000170351
1498 1702923773000210372
1499 1702923773000250325
1500 1702923773000290335
1501 1702923773000330330
1502 1702923773000370446
1503 1702923773000410291
1504 1702923773000450308
1505 1702923773000490293
1506 1702923773000530324
1507 1702923773000570319
1508 1702923773000610511
1509 1702923773000650403
1510 1702923773000690552
1511 1702923773000730413
1512 1702923773000770321
1513 1702923773000810414
1514 1702923773000850518
1515 1702923773000890438
1516 1702923773000930398
1517 1702923773000970517
1518 1702923774000010492
1519 1702923774000050541
1520 1702923774000090478
1521 1702923774000130475
1522 1702923774000170571
1523 1702923774000210560
1524 1702923774000250356
1525 1702923774000290515
1526 1702923774000330524
1527 1702923774000370591
1528 1702923774000410528
1529 1702923774000450597
1530 1702923774000490510
1531 1702923774000530406
1532 1702923774000570436
1533 1702923774000610572
1534 1702923774000650604
1535 1702923774000690433
1536 1702923774000730452
1537 1702923774000770623
1538 1702923774000810678
1539 1702923774000850600
1540 1702923774000890473
1541 1702923774000930451
1542 1702923774000970631
1543 1702923775000010504
1544 1702923775000050563
1545 1702923775000090604
1546 1702923775000130688
1547 1702923775000170603
1548 1702923775000210479
1549 1702923775000250558
1550 1702923775000290586
1551 1702923775000330511
1552 1702923775000370586
1553 1702923775000410699
1554 1702923775000450557
1555 1702923775000490544
1556 1702923775000530727
1557 1702923775000570608
1558 1702923775000610631
1559 1702923775000650725
1560 1702923775000690646
1561 1702923775000730554
1562 1702923775000770765
1563 1702923775000810614
1564 1702923775000850604
1565 1702923775000890740
1566 1702923775000930787
1567 1702923775000970647
1568 1702923776000010595
1569 1702923776000050632
1570 1702923776000090794
1571 1702923776000130705
1572 1702923776000170703
1573 1702923776000210784
1574 1702923776000250806
1575 1702923776000290653
1576 1702923776000330845
1577 1702923776000370770
1578 1702923776000410654
1579 1702923776000450724
1580 1702923776000490796
1581 1702923776000530899
1582 1702923776000570924
1583 1702923776000610801
1584 1702923776000650687
1585 1702923776000690855
1586 1702923776000730826
1587 1702923776000770867
1588 1702923776000810827
1589 1702923776000850735
1590 1702923776000890848
1591 1702923776000930883
1592 1702923776000970849
1593 1702923777000010692
1594 1702923777000050782
1595 1702923777000090739
1596 1702923777000130827
1597 1702923777000170935
1598 1702923777000210828
1599 1702923777000250909
1600 1702923777000290828
1601 1702923777000330937
1602 1702923777000370926
1603 1702923777000410951
1604 1702923777000450969
1605 1702923777000490995
1606 1702923777000530995
1607 1702923777000570773
1608 1702923777000610989
1609 1702923777000651029
1610 1702923777000690878
1611 1702923777000730826
1612 1702923777000770804
1613 1702923777000810941
1614 1702923777000850920
1615 1702923777000890966
1616 1702923777000930953
1617 1702923777000970969
1618 1702923778000010931
1619 1702923778000050994
1620 1702923778000090980
1621 1702923778000131029
1622 1702923778000170874
1623 1702923778000211009
1624 1702923778000250985
1625 1702923778000291084
1626 1702923778000331018
1627 1702923778000370948
1628 1702923778000411050
1629 1702923778000451116
1630 1702923778000490999
1631 1702923778000531043
1632 1702923778000570927
1633 1702923778000611098
1634 1702923778000651092
1635 1702923778000691044
1636 1702923778000731026
1637 1702923778000771041
1638 1702923778000811132
1639 1702923778000851144
1640 1702923778000891220
1641 1702923778000931084
1642 1702923778000971090
1643 1702923779000011075
1644 1702923779000051143
1645 1702923779000091108
1646 1702923779000131095
1647 1702923779000171187
1648 1702923779000211186
1649 1702923779000251137
1650 1702923779000291053
1651 1702923779000331111
1652 1702923779000371281
1653 1702923779000411102
1654 1702923779000451187
1655 1702923779000491088
1656 1702923779000531149
1657 1702923779000571211
1658 1702923779000611186
1659 1702923779000651199
1660 1702923779000691168
1661 1702923779000731245
1662 1702923779000771160
1663 1702923779000811271
1664 1702923779000851257
1665 1702923779000891288
1666 1702923779000931218
1667 1702923779000971228
1668 1702923780000011283
1669 1702923780000051381
1670 1702923780000091154
1671 1702923780000131327
1672 1702923780000171224
1673 1702923780000211334
1674 1702923780000251259
1675 1702923780000291286
1676 1702923780000331204
1677 1702923780000371242
1678 1702923780000411296
1679 1702923780000451192
1680 1702923780000491176
1681 1702923780000531376
1682 1702923780000571389
1683 1702923780000611386
1684 1702923780000651245
1685 1702923780000691284
1686 1702923780000731271
1687 1702923780000771381
1688 1702923780000811277
1689 1702923780000851371
1690 1702923780000891313
1691 1702923780000931208
1692 1702923780000971335
1693 1702923781000011320
1694 1702923781000051307
1695 1702923781000091294
1696 1702923781000131379
1697 1702923781000171303
1698 1702923781000211374
1699 1702923781000251490
1700 1702923781000291460
1701 1702923781000331393
1702 1702923781000371515
1703 1702923781000411550
1704 1702923781000451406
1705 1702923781000491480
1706 1702923781000531328
1707 1702923781000571519
1708 1702923781000611453
1709 1702923781000651533
1710 1702923781000691433
1711 1702923781000731513
1712 1702923781000771420
1713 1702923781000811444
1714 1702923781000851402
1715 1702923781000891436
1716 1702923781000931405
1717 1702923781000971427
1718 1702923782000011378
1719 1702923782000051461
1720 1702923782000091495
1721 1702923782000131492
1722 1702923782000171402
1723 1702923782000211527
1724 1702923782000251346
1725 1702923782000291394
1726 1702923782000331489
1727 1702923782000371560
1728 1702923782000411393
1729 1702923782000451418
1730 1702923782000491614
1731 1702923782000531470
1732 1702923782000571706
1733 1702923782000611643
1734 1702923782000651576
1735 1702923782000691532
1736 1702923782000731544
1737 1702923782000771678
1738 1702923782000811517
1739 1702923782000851505
1740 1702923782000891655
1741 1702923782000931636
1742 1702923782000971707
1743 1702923783000011536
1744 1702923783000051615
1745 1702923783000091613
1746 1702923783000131533
1747 1702923783000171598
1748 1702923783000211624
1749 1702923783000251744
1750 1702923783000291647
1751 1702923783000331544
1752 1702923783000371543
1753 1702923783000411667
1754 1702923783000451734
1755 1702923783000491732
1756 1702923783000531612
1757 1702923783000571704
1758 1702923783000611610
1759 1702923783000651690
1760 1702923783000691767
1761 1702923783000731593
1762 1702923783000771825
1763 1702923783000811700
1764 1702923783000851797
1765 1702923783000891720
1766 1702923783000931693
1767 1702923783000971919
1768 1702923784000011957
1769 1702923784000051933
1770 1702923784000092174
1771 1702923784000132289
1772 1702923784000172120
1773 1702923784000212016
1774 1702923784000252048
1775 1702923784000292196
1776 1702923784000332549
1777 1702923784000372511
1778 1702923784000412331
1779 1702923784000452257
1780 1702923784000492160
1781 1702923784000532257
1782 1702923784000572423
1783 1702923784000612166
1784 1702923784000652439
1785 1702923784000692582
1786 1702923784000732751
1787 1702923784000772655
1788 1702923784000812697
1789 1702923784000852331
1790 1702923784000892513
1791 1702923784000932583
1792 1702923784000972546
1793 1702923785000012626
1794 1702923785000052627
1795 1702923785000092503
1796 1702923785000132259
1797 1702923785000172453
1798 1702923785000212151
1799 1702923785000252503
1800 1702923785000292282
1801 1702923785000332609
1802 1702923785000372484
1803 1702923785000412410
1804 1702923785000452164
1805 1702923785000492785
1806 1702923785000532682
1807 1702923785000572890
1808 1702923785000613055
1809 1702923785000652496
1810 1702923785000693001
1811 1702923785000733283
1812 1702923785000773105
1813 1702923785000812641
1814 1702923785000852511
1815 1702923785000892739
1816 1702923785000933216
1817 1702923785000973002
1818 1702923786000012968
1819 1702923786000052916
1820 1702923786000093282
1821 1702923786000133005
1822 1702923786000173093
1823 1702923786000213402
1824 1702923786000253117
1825 1702923786000293692
1826 1702923786000333786
1827 1702923786000373764
1828 1702923786000413015
1829 1702923786000453111
1830 1702923786000492828
1831 1702923786000532758
1832 1702923786000572782
1833 1702923786000613088
1834 1702923786000653233
1835 1702923786000692960
1836 1702923786000732993
1837 1702923786000773031
1838 1702923786000813057
1839 1702923786000852696
1840 1702923786000892828
1841 1702923786000933156
1842 1702923786000973221
1843 1702923787000012588
1844 1702923787000053219
1845 1702923787000092934
1846 1702923787000132845
1847 1702923787000173031
1848 1702923787000212910
1849 1702923787000252888
1850 1702923787000292665
1851 1702923787000332598
1852 1702923787000372829
1853 1702923787000412790
1854 1702923787000452776
1855 1702923787000492974
1856 1702923787000532676
1857 1702923787000572626
1858 1702923787000612864
1859 1702923787000652754
1860 1702923787000692473
1861 1702923787000732730
1862 1702923787000772681
1863 1702923787000812441
1864 1702923787000852214
1865 1702923787000892766
1866 1702923787000932438
1867 1702923787000972482
1868 1702923788000012726
1869 1702923788000052734
1870 1702923788000092860
1871 1702923788000132559
1872 1702923788000172510
1873 1702923788000212585
1874 1702923788000252734
1875 1702923788000292726
1876 1702923788000332853
1877 1702923788000372458
1878 1702923788000412878
1879 1702923788000452786
1880 1702923788000492540
1881 1702923788000533241
1882 1702923788000573166
1883 1702923788000613109
1884 1702923788000652629
1885 1702923788000692533
1886 1702923788000732611
1887 1702923788000772502
1888 1702923788000812479
1889 1702923788000852553
1890 1702923788000892344
1891 1702923788000932440
1892 1702923788000972403
1893 1702923789000012418
1894 1702923789000052372
1895 1702923789000092279
1896 1702923789000132406
1897 1702923789000172430
1898 1702923789000212455
1899 1702923789000252365
1900 1702923789000292584
1901 1702923789000332763
1902 1702923789000373220
1903 1702923789000413096
1904 1702923789000452935
1905 1702923789000493036
1906 1702923789000532668
1907 1702923789000572719
1908 1702923789000612485
1909 1702923789000652407
1910 1702923789000692529
1911 1702923789000732420
1912 1702923789000772454
1913 1702923789000812520
1914 1702923789000852443
1915 1702923789000892354
1916 1702923789000932478
1917 1702923789000972537
1918 1702923790000012504
1919 1702923790000052491
1920 1702923790000092527
1921 1702923790000132445
1922 1702923790000172429
1923 1702923790000212497
1924 1702923790000252560
1925 1702923790000292675
1926 1702923790000332522
1927 1702923790000372499
1928 1702923790000412568
1929 1702923790000452482
1930 1702923790000492484
1931 1702923790000532576
1932 1702923790000572643
1933 1702923790000612537
1934 1702923790000652738
1935 1702923790000692593
1936 1702923790000732486
1937 1702923790000772626
1938 1702923790000812477
1939 1702923790000852661
1940 1702923790000892699
1941 1702923790000932539
1942 1702923790000972542
1943 1702923791000012636
1944 1702923791000052539
1945 1702923791000092663
1946 1702923791000132583
1947 1702923791000172672
1948 1702923791000212639
1949 1702923791000252609
1950 1702923791000292619
1951 1702923791000332741
1952 1702923791000372680
1953 1702923791000412662
1954 1702923791000452704
1955 1702923791000492604
1956 1702923791000532578
1957 1702923791000572761
1958 1702923791000612687
1959 1702923791000652591
1960 1702923791000692596
1961 1702923791000732735
1962 1702923791000772768
1963 1702923791000812672
1964 1702923791000852626
1965 1702923791000892646
1966 1702923791000932767
1967 1702923791000972852
1968 1702923792000012820
1969 1702923792000052858
1970 1702923792000092663
1971 1702923792000132809
1972 1702923792000172787
1973 1702923792000212776
1974 1702923792000252774
1975 1702923792000292886
1976 1702923792000332665
1977 1702923792000372813
1978 1702923792000412796
1979 1702923792000452878
1980 1702923792000492844
1981 1702923792000532717
1982 1702923792000572801
1983 1702923792000612914
1984 1702923792000652876
1985 1702923792000692927
1986 1702923792000732924
1987 1702923792000772846
1988 1702923792000812782
1989 1702923792000852909
1990 1702923792000892944
1991 1702923792000932938
1992 1702923792000972799
1993 1702923793000012894
1994 1702923793000052888
1995 1702923793000092947
1996 1702923793000132834
1997 1702923793000172834
1998 1702923793000212917
1999 1702923793000252953
2000 1702923793000292903
2001 1702923793000332939
2002 1702923793000372970
2003 1702923793000412878
2004 1702923793000452930
2005 1702923793000493002
2006 1702923793000532852
2007 1702923793000572888
2008 1702923793000612920
2009 1702923793000653011
2010 1702923793000692969
2011 1702923793000732935
2012 1702923793000773016
2013 1702923793000812985
2014 1702923793000852999
2015 1702923793000892895
2016 1702923793000932943
2017 1702923793000972949
2018 1702923794000012911
2019 1702923794000053064
2020 1702923794000092966
2021 1702923794000133037
2022 1702923794000173036
2023 1702923794000212905
2024 1702923794000252951
2025 1702923794000293003
2026 1702923794000333026
2027 1702923794000373111
2028 1702923794000413093
2029 1702923794000453063
2030 1702923794000492968
2031 1702923794000533143
2032 1702923794000573099
2033 1702923794000613118
2034 1702923794000653124
2035 1702923794000693117
2036 1702923794000733094
2037 1702923794000773044
2038 1702923794000813057
2039 1702923794000853109
2040 1702923794000893077
2041 1702923794000933071
2042 1702923794000973004
2043 1702923795000013258
2044 1702923795000053216
2045 1702923795000093158
2046 1702923795000133098
2047 1702923795000173120
2048 1702923795000213076
2049 1702923795000253170
2050 1702923795000293171
2051 1702923795000333190
2052 1702923795000373175
2053 1702923795000413271
2054 1702923795000453187
2055 1702923795000493233
2056 1702923795000533245
2057 1702923795000573276
2058 1702923795000613097
2059 1702923795000653173
2060 1702923795000693195
2061 1702923795000733185
2062 1702923795000773289
2063 1702923795000813213
2064 1702923795000853190
2065 1702923795000893349
2066 1702923795000933170
2067 1702923795000973296
2068 1702923796000013238
2069 1702923796000053272
2070 1702923796000093143
2071 1702923796000133211
2072 1702923796000173253
2073 1702923796000213238
2074 1702923796000253247
2075 1702923796000293341
2076 1702923796000333356
2077 1702923796000373303
2078 1702923796000413245
2079 1702923796000453255
2080 1702923796000493415
2081 1702923796000533333
2082 1702923796000573375
2083 1702923796000613339
2084 1702923796000653328
2085 1702923796000693277
2086 1702923796000733376
2087 1702923796000773229
2088 1702923796000813422
2089 1702923796000853443
2090 1702923796000893322
2091 1702923796000933277
2092 1702923796000973472
2093 1702923797000013345
2094 1702923797000053296
2095 1702923797000093347
2096 1702923797000133495
2097 1702923797000173354
2098 1702923797000213412
2099 1702923797000253496
2100 1702923797000293340
2101 1702923797000333362
2102 1702923797000373447
2103 1702923797000413415
2104 1702923797000453304
2105 1702923797000493382
2106 1702923797000533470
2107 1702923797000573490
2108 1702923797000613419
2109 1702923797000653343
2110 1702923797000693555
2111 1702923797000733424
2112 1702923797000773596
2113 1702923797000813398
2114 1702923797000853623
2115 1702923797000893491
2116 1702923797000933431
2117 1702923797000973485
2118 1702923798000013490
2119 1702923798000053472
2120 1702923798000093453
2121 1702923798000133482
2122 1702923798000173461
2123 1702923798000213688
2124 1702923798000253496
2125 1702923798000293621
2126 1702923798000333629
2127 1702923798000373676
2128 1702923798000413467
2129 1702923798000453495
2130 1702923798000493549
2131 1702923798000533658
2132 1702923798000573706
2133 1702923798000613495
2134 1702923798000653531
2135 1702923798000693595
2136 1702923798000733520
2137 1702923798000773572
2138 1702923798000813535
2139 1702923798000853605
2140 1702923798000893648
2141 1702923798000933534
2142 1702923798000973659
2143 1702923799000013566
2144 1702923799000053594
2145 1702923799000093644
2146 1702923799000133537
2147 1702923799000173528
2148 1702923799000213670
2149 1702923799000253780
2150 1702923799000293600
2151 1702923799000333630
2152 1702923799000373668
2153 1702923799000413612
2154 1702923799000453686
2155 1702923799000493695
2156 1702923799000533611
2157 1702923799000573684
2158 1702923799000613819
2159 1702923799000653682
2160 1702923799000693853
2161 1702923799000733772
2162 1702923799000773729
2163 1702923799000813668
2164 1702923799000853853
2165 1702923799000893744
2166 1702923799000933761
2167 1702923799000973892
2168 1702923800000013679
2169 1702923800000053781
2170 1702923800000093760
2171 1702923800000133896
2172 1702923800000173842
2173 1702923800000213781
2174 1702923800000253717
2175 1702923800000293735
2176 1702923800000333771
2177 1702923800000373844
2178 1702923800000413722
2179 1702923800000453756
2180 1702923800000493792
2181 1702923800000533906
2182 1702923800000573771
2183 1702923800000613702
2184 1702923800000653919
2185 1702923800000693827
2186 1702923800000733737
2187 1702923800000773996
2188 1702923800000813714
2189 1702923800000853848
2190 1702923800000893911
2191 1702923800000934011
2192 1702923800000973782
2193 1702923801000013824
2194 1702923801000053910
2195 1702923801000093873
2196 1702923801000133914
2197 1702923801000173977
2198 1702923801000213816
2199 1702923801000254026
2200 1702923801000294058
2201 1702923801000334075
2202 1702923801000373879
2203 1702923801000414034
2204 1702923801000454024
2205 1702923801000493872
2206 1702923801000533883
2207 1702923801000574116
2208 1702923801000613980
2209 1702923801000653903
2210 1702923801000693807
2211 1702923801000734099
2212 1702923801000773974
2213 1702923801000813989
2214 1702923801000853870
2215 1702923801000894064
2216 1702923801000933946
2217 1702923801000974039
2218 1702923802000013974
2219 1702923802000053922
2220 1702923802000094019
2221 1702923802000134146
2222 1702923802000174029
2223 1702923802000214048
2224 1702923802000253958
2225 1702923802000294013
2226 1702923802000333988
2227 1702923802000373986
2228 1702923802000414146
2229 1702923802000453948
2230 1702923802000494094
2231 1702923802000534081
2232 1702923802000574087
2233 1702923802000614055
2234 1702923802000654135
2235 1702923802000694175
2236 1702923802000734169
2237 1702923802000774063
2238 1702923802000814165
2239 1702923802000854182
2240 1702923802000894158
2241 1702923802000934212
2242 1702923802000974026
2243 1702923803000014160
2244 1702923803000054178
2245 1702923803000094141
2246 1702923803000134066
2247 1702923803000174051
2248 1702923803000214113
2249 1702923803000254057
2250 1702923803000294125
2251 1702923803000334143
2252 1702923803000374101
2253 1702923803000414153
2254 1702923803000454147
2255 1702923803000494118
2256 1702923803000534228
2257 1702923803000574051
2258 1702923803000614147
2259 1702923803000654195
2260 1702923803000694232
2261 1702923803000734377
2262 1702923803000774087
2263 1702923803000814142
2264 1702923803000854224
2265 1702923803000894131
2266 1702923803000934214
2267 1702923803000974211
2268 1702923804000014285
2269 1702923804000054283
2270 1702923804000094371
2271 1702923804000134122
2272 1702923804000174318
2273 1702923804000214229
2274 1702923804000254276
2275 1702923804000294243
2276 1702923804000334330
2277 1702923804000374413
2278 1702923804000414340
2279 1702923804000454191
2280 1702923804000494317
2281 1702923804000534268
2282 1702923804000574333
2283 1702923804000614443
2284 1702923804000654240
2285 1702923804000694351
2286 1702923804000734430
2287 1702923804000774483
2288 1702923804000814312
2289 1702923804000854371
2290 1702923804000894453
2291 1702923804000934304
2292 1702923804000974318
2293 1702923805000014381
2294 1702923805000054376
2295 1702923805000094437
2296 1702923805000134548
2297 1702923805000174435
2298 1702923805000214499
2299 1702923805000254507
2300 1702923805000294383
2301 1702923805000334432
2302 1702923805000374400
2303 1702923805000414480
2304 1702923805000454410
2305 1702923805000494435
2306 1702923805000534487
2307 1702923805000574394
2308 1702923805000614531
2309 1702923805000654414
2310 1702923805000694623
2311 1702923805000734404
2312 1702923805000774460
2313 1702923805000814373
2314 1702923805000854560
2315 1702923805000894617
2316 1702923805000934523
2317 1702923805000974406
2318 1702923806000014561
2319 1702923806000054567
2320 1702923806000094528
2321 1702923806000134530
2322 1702923806000174635
2323 1702923806000214555
2324 1702923806000254601
2325 1702923806000294657
2326 1702923806000334521
2327 1702923806000374527
2328 1702923806000414586
2329 1702923806000454509
2330 1702923806000494691
2331 1702923806000534529
2332 1702923806000574552
2333 1702923806000614550
2334 1702923806000654735
2335 1702923806000694658
2336 1702923806000734671
2337 1702923806000774585
2338 1702923806000814627
2339 1702923806000854660
2340 1702923806000894734
2341 1702923806000934620
2342 1702923806000974702
2343 1702923807000014662
2344 1702923807000054588
2345 1702923807000094712
2346 1702923807000134720
2347 1702923807000174669
2348 1702923807000214538
2349 1702923807000254686
2350 1702923807000294725
2351 1702923807000334594
2352 1702923807000374633
2353 1702923807000414637
2354 1702923807000454716
2355 1702923807000494677
2356 1702923807000534800
2357 1702923807000574740
2358 1702923807000614726
2359 1702923807000654841
2360 1702923807000694778
2361 1702923807000734697
2362 1702923807000774763
2363 1702923807000814900
2364 1702923807000854635
2365 1702923807000894721
2366 1702923807000934734
2367 1702923807000974820
2368 1702923808000014778
2369 1702923808000054741
2370 1702923808000094774
2371 1702923808000134802
2372 1702923808000174905
2373 1702923808000214701
2374 1702923808000254717
2375 1702923808000294825
2376 1702923808000334814
2377 1702923808000374863
2378 1702923808000414823
2379 1702923808000454916
2380 1702923808000494848
2381 1702923808000534816
2382 1702923808000574843
2383 1702923808000614848
2384 1702923808000654983
2385 1702923808000694944
2386 1702923808000734892
2387 1702923808000774853
2388 1702923808000814898
2389 1702923808000854887
2390 1702923808000894943
2391 1702923808000934901
2392 1702923808000974835
2393 1702923809000014854
2394 1702923809000054896
2395 1702923809000094964
2396 1702923809000134914
2397 1702923809000174770
2398 1702923809000214967
2399 1702923809000254973
2400 1702923809000294922
2401 1702923809000335048
2402 1702923809000374971
2403 1702923809000415052
2404 1702923809000454995
2405 1702923809000494829
2406 1702923809000535027
2407 1702923809000575095
2408 1702923809000614951
2409 1702923809000655059
2410 1702923809000694870
2411 1702923809000735035
2412 1702923809000774895
2413 1702923809000815136
2414 1702923809000854950
2415 1702923809000895067
2416 1702923809000934969
2417 1702923809000975031
2418 1702923810000014928
2419 1702923810000055170
2420 1702923810000095038
2421 1702923810000134984
2422 1702923810000175149
2423 1702923810000214923
2424 1702923810000254973
2425 1702923810000295201
2426 1702923810000335040
2427 1702923810000375015
2428 1702923810000415145
2429 1702923810000455119
2430 1702923810000495045
2431 1702923810000535015
2432 1702923810000575084
2433 1702923810000615129
2434 1702923810000655120
2435 1702923810000695128
2436 1702923810000735193
2437 1702923810000775226
2438 1702923810000815018
2439 1702923810000855135
2440 1702923810000895046
2441 1702923810000935187
2442 1702923810000975124
2443 1702923811000015144
2444 1702923811000055260
2445 1702923811000095246
2446 1702923811000135129
2447 1702923811000175172
2448 1702923811000215180
2449 1702923811000255255
2450 1702923811000295281
2451 1702923811000335138
2452 1702923811000375228
2453 1702923811000415082
2454 1702923811000455094
2455 1702923811000495212
2456 1702923811000535119
2457 1702923811000575149
2458 1702923811000615129
2459 1702923811000655318
2460 1702923811000695278
2461 1702923811000735343
2462 1702923811000775207
2463 1702923811000815092
2464 1702923811000855196
2465 1702923811000895344
2466 1702923811000935251
2467 1702923811000975253
2468 1702923812000015330
2469 1702923812000055263
2470 1702923812000095270
2471 1702923812000135214
2472 1702923812000175308
2473 1702923812000215454
2474 1702923812000255268
2475 1702923812000295402
2476 1702923812000335316
2477 1702923812000375390
2478 1702923812000415292
2479 1702923812000455304
2480 1702923812000495464
2481 1702923812000535484
2482 1702923812000575394
2483 1702923812000615299
2484 1702923812000655393
2485 1702923812000695352
2486 1702923812000735333
2487 1702923812000775420
2488 1702923812000815447
2489 1702923812000855421
2490 1702923812000895468
2491 1702923812000935330
2492 1702923812000975466
2493 1702923813000015439
2494 1702923813000055361
2495 1702923813000095446
2496 1702923813000135474
2497 1702923813000175421
2498 1702923813000215455
2499 1702923813000255436
2500 1702923813000295457
2501 1702923813000335365
2502 1702923813000375479
2503 1702923813000415507
2504 1702923813000455400
2505 1702923813000495426
2506 1702923813000535405
2507 1702923813000575441
2508 1702923813000615444
2509 1702923813000655508
2510 1702923813000695464
2511 1702923813000735561
2512 1702923813000775488
2513 1702923813000815640
2514 1702923813000855517
2515 1702923813000895514
2516 1702923813000935413
2517 1702923813000975444
2518 1702923814000015525
2519 1702923814000055621
2520 1702923814000095552
2521 1702923814000135579
2522 1702923814000175599
2523 1702923814000215544
2524 1702923814000255602
2525 1702923814000295608
2526 1702923814000335491
2527 1702923814000375622
2528 1702923814000415615
2529 1702923814000455720
2530 1702923814000495602
2531 1702923814000535532
2532 1702923814000575615
2533 1702923814000615694
2534 1702923814000655556
2535 1702923814000695742
2536 1702923814000735787
2537 1702923814000775764
2538 1702923814000815670
2539 1702923814000855513
2540 1702923814000895626
2541 1702923814000935756
2542 1702923814000975710
2543 1702923815000015568
2544 1702923815000055780
2545 1702923815000095619
2546 1702923815000135779
2547 1702923815000175658
2548 1702923815000215672
2549 1702923815000255680
2550 1702923815000295813
2551 1702923815000335747
2552 1702923815000375833
2553 1702923815000416061
2554 1702923815000455672
2555 1702923815000496021
2556 1702923815000535691
2557 1702923815000575598
2558 1702923815000615945
2559 1702923815000656003
2560 1702923815000695906
2561 1702923815000735798
2562 1702923815000776065
2563 1702923815000816033
2564 1702923815000855842
2565 1702923815000896030
2566 1702923815000936201
2567 1702923815000976103
2568 1702923816000016077
2569 1702923816000056260
2570 1702923816000096147
2571 1702923816000135961
2572 1702923816000176012
2573 1702923816000215915
2574 1702923816000256396
2575 1702923816000296104
2576 1702923816000336122
2577 1702923816000376320
2578 1702923816000416024
2579 1702923816000456525
2580 1702923816000496644
2581 1702923816000536547
2582 1702923816000576852
2583 1702923816000616610
2584 1702923816000656835
2585 1702923816000696702
2586 1702923816000736680
2587 1702923816000776886
2588 1702923816000816915
2589 1702923816000856830
2590 1702923816000897017
2591 1702923816000936729
2592 1702923816000977267
2593 1702923817000016920
2594 1702923817000056607
2595 1702923817000096665
2596 1702923817000136940
2597 1702923817000176692
2598 1702923817000217161
2599 1702923817000257067
2600 1702923817000297115
2601 1702923817000336939
2602 1702923817000377109
2603 1702923817000416984
2604 1702923817000456944
2605 1702923817000497295
2606 1702923817000537311
2607 1702923817000577563
2608 1702923817000617208
2609 1702923817000657245
2610 1702923817000697566
2611 1702923817000737323
2612 1702923817000777182
2613 1702923817000817261
2614 1702923817000857332
2615 1702923817000897352
2616 1702923817000937322
2617 1702923817000977228
2618 1702923818000017356
2619 1702923818000057348
2620 1702923818000097253
2621 1702923818000137383
2622 1702923818000177110
2623 1702923818000217023
2624 1702923818000257374
2625 1702923818000297185
2626 1702923818000336809
2627 1702923818000376955
2628 1702923818000417079
2629 1702923818000457322
2630 1702923818000497401
2631 1702923818000537633
2632 1702923818000577463
2633 1702923818000617746
2634 1702923818000657836
2635 1702923818000697593
2636 1702923818000737436
2637 1702923818000777487
2638 1702923818000817471
2639 1702923818000857390
2640 1702923818000897900
2641 1702923818000937972
2642 1702923818000977457
2643 1702923819000017482
2644 1702923819000057571
2645 1702923819000097708
2646 1702923819000137519
2647 1702923819000177932
2648 1702923819000217687
2649 1702923819000257474
2650 1702923819000297975
2651 1702923819000337242
2652 1702923819000378141
2653 1702923819000418065
2654 1702923819000458026
2655 1702923819000497968
2656 1702923819000538028
2657 1702923819000577953
2658 1702923819000617705
2659 1702923819000658026
2660 1702923819000697920
2661 1702923819000737625
2662 1702923819000777656
2663 1702923819000817508
2664 1702923819000857486
2665 1702923819000897428
2666 1702923819000937584
2667 1702923819000977881
2668 1702923820000017470
2669 1702923820000057589
2670 1702923820000097955
2671 1702923820000138059
2672 1702923820000177865
2673 1702923820000218075
2674 1702923820000258160
2675 1702923820000298142
2676 1702923820000338037
2677 1702923820000377730
2678 1702923820000418078
2679 1702923820000457758
2680 1702923820000497742
2681 1702923820000537607
2682 1702923820000577654
2683 1702923820000617681
2684 1702923820000657800
2685 1702923820000697069
2686 1702923820000737263
2687 1702923820000776849
2688 1702923820000817190
2689 1702923820000857139
2690 1702923820000897175
2691 1702923820000937174
2692 1702923820000977239
2693 1702923821000017464
2694 1702923821000057747
2695 1702923821000097603
2696 1702923821000137704
2697 1702923821000177770
2698 1702923821000217857
2699 1702923821000257756
2700 1702923821000297761
2701 1702923821000337664
2702 1702923821000377757
2703 1702923821000417822
2704 1702923821000457763
2705 1702923821000497438
2706 1702923821000537881
2707 1702923821000577588
2708 1702923821000617730
2709 1702923821000657441
2710 1702923821000697466
2711 1702923821000737440
2712 1702923821000777403
2713 1702923821000817629
2714 1702923821000857589
2715 1702923821000897615
2716 1702923821000937518
2717 1702923821000977428
2718 1702923822000017466
2719 1702923822000057544
2720 1702923822000097598
2721 1702923822000137257
2722 1702923822000177029
2723 1702923822000216700
2724 1702923822000256982
2725 1702923822000297172
2726 1702923822000337056
2727 1702923822000377556
2728 1702923822000417524
2729 1702923822000457845
2730 1702923822000497885
2731 1702923822000537890
2732 1702923822000577867
2733 1702923822000618041
2734 1702923822000658180
2735 1702923822000698028
2736 1702923822000738406
2737 1702923822000778108
2738 1702923822000818246
2739 1702923822000858119
2740 1702923822000898493
2741 1702923822000938494
2742 1702923822000978438
2743 1702923823000018499
2744 1702923823000058476
2745 1702923823000098545
2746 1702923823000138541
2747 1702923823000178476
2748 1702923823000218478
2749 1702923823000258530
2750 1702923823000298200
2751 1702923823000337972
2752 1702923823000378398
2753 1702923823000418613
2754 1702923823000458553
2755 1702923823000497988
2756 1702923823000538258
2757 1702923823000578475
2758 1702923823000617984
2759 1702923823000658501
2760 1702923823000698429
2761 1702923823000738552
2762 1702923823000778507
2763 1702923823000818508
2764 1702923823000858569
2765 1702923823000898714
2766 1702923823000938624
2767 1702923823000978637
2768 1702923824000018560
2769 1702923824000058640
2770 1702923824000098732
2771 1702923824000138722
2772 1702923824000178645
2773 1702923824000218840
2774 1702923824000258674
2775 1702923824000298569
2776 1702923824000338744
2777 1702923824000378745
2778 1702923824000418751
2779 1702923824000458657
2780 1702923824000498617
2781 1702923824000538687
2782 1702923824000578742
2783 1702923824000618689
2784 1702923824000658612
2785 1702923824000698763
2786 1702923824000738613
2787 1702923824000778566
2788 1702923824000818763
2789 1702923824000858738
2790 1702923824000898640
2791 1702923824000938683
2792 1702923824000978638
2793 1702923825000018671
2794 1702923825000058827
2795 1702923825000098603
2796 1702923825000138434
2797 1702923825000178769
2798 1702923825000218814
2799 1702923825000258613
2800 1702923825000298890
2801 1702923825000338667
2802 1702923825000378807
2803 1702923825000418776
2804 1702923825000458490
2805 1702923825000498830
2806 1702923825000538712
2807 1702923825000578854
2808 1702923825000618669
2809 1702923825000658022
2810 1702923825000698295
2811 1702923825000738255
2812 1702923825000778124
2813 1702923825000818295
2814 1702923825000858467
2815 1702923825000898402
2816 1702923825000938358
2817 1702923825000977757
2818 1702923826000018227
2819 1702923826000058479
2820 1702923826000098435
2821 1702923826000138300
2822 1702923826000178169
2823 1702923826000218085
2824 1702923826000257773
2825 1702923826000297885
2826 1702923826000337722
2827 1702923826000377930
2828 1702923826000417623
2829 1702923826000457367
2830 1702923826000497421
2831 1702923826000537438
2832 1702923826000577593
2833 1702923826000617295
2834 1702923826000657624
2835 1702923826000697568
2836 1702923826000737087
2837 1702923826000777648
2838 1702923826000817437
2839 1702923826000857484
2840 1702923826000897385
2841 1702923826000937431
2842 1702923826000977372
2843 1702923827000017419
2844 1702923827000057411
2845 1702923827000097377
2846 1702923827000137539
2847 1702923827000177187
2848 1702923827000217395
2849 1702923827000257553
2850 1702923827000297116
2851 1702923827000337585
2852 1702923827000377568
2853 1702923827000417255
2854 1702923827000457272
2855 1702923827000497565
2856 1702923827000537311
2857 1702923827000577384
2858 1702923827000617546
2859 1702923827000657504
2860 1702923827000697304
2861 1702923827000737276
2862 1702923827000777614
2863 1702923827000817241
2864 1702923827000857301
2865 1702923827000897593
2866 1702923827000937311
2867 1702923827000977429
2868 1702923828000017370
2869 1702923828000057421
2870 1702923828000097461
2871 1702923828000137417
2872 1702923828000177444
2873 1702923828000217327
2874 1702923828000257460
2875 1702923828000297405
2876 1702923828000337411
2877 1702923828000377386
2878 1702923828000417491
2879 1702923828000457257
2880 1702923828000497334
2881 1702923828000537312
2882 1702923828000577394
2883 1702923828000617310
2884 1702923828000657301
2885 1702923828000697516
2886 1702923828000737446
2887 1702923828000777534
2888 1702923828000817551
2889 1702923828000857492
2890 1702923828000897329
2891 1702923828000937410
2892 1702923828000977476
2893 1702923829000017519
2894 1702923829000057267
2895 1702923829000097424
2896 1702923829000137498
2897 1702923829000177361
2898 1702923829000217564
2899 1702923829000257493
2900 1702923829000297503
2901 1702923829000337525
2902 1702923829000377556
2903 1702923829000417468
2904 1702923829000457486
2905 1702923829000497388
2906 1702923829000537506
2907 1702923829000577514
2908 1702923829000617625
2909 1702923829000657634
2910 1702923829000697622
2911 1702923829000737528
2912 1702923829000777600
2913 1702923829000817477
2914 1702923829000857558
2915 1702923829000897617
2916 1702923829000937470
2917 1702923829000977590
2918 1702923830000017455
2919 1702923830000057495
2920 1702923830000097535
2921 1702923830000137590
2922 1702923830000177545
2923 1702923830000217525
2924 1702923830000257493
2925 1702923830000297505
2926 1702923830000337646
2927 1702923830000377709
2928 1702923830000417608
2929 1702923830000457611
2930 1702923830000497588
2931 1702923830000537529
2932 1702923830000577775
2933 1702923830000617680
2934 1702923830000657718
2935 1702923830000697679
2936 1702923830000737655
2937 1702923830000777759
2938 1702923830000817710
2939 1702923830000857613
2940 1702923830000897614
2941 1702923830000937620
2942 1702923830000977734
2943 1702923831000017644
2944 1702923831000057628
2945 1702923831000097612
2946 1702923831000137664
2947 1702923831000177770
2948 1702923831000217840
2949 1702923831000257622
2950 1702923831000297708
2951 1702923831000337719
2952 1702923831000377675
2953 1702923831000417636
2954 1702923831000457718
2955 1702923831000497646
2956 1702923831000537748
2957 1702923831000577718
2958 1702923831000617784
2959 1702923831000657746
2960 1702923831000697736
2961 1702923831000737746
2962 1702923831000777710
2963 1702923831000817724
2964 1702923831000857785
2965 1702923831000897909
2966 1702923831000937895
2967 1702923831000977692
2968 1702923832000017740
2969 1702923832000057668
2970 1702923832000097757
2971 1702923832000137946
2972 1702923832000177787
2973 1702923832000217803
2974 1702923832000257823
2975 1702923832000297892
2976 1702923832000337897
2977 1702923832000377823
2978 1702923832000417892
2979 1702923832000457888
2980 1702923832000497918
2981 1702923832000537775
2982 1702923832000577945
2983 1702923832000618001
2984 1702923832000657887
2985 1702923832000697904
2986 1702923832000737756
2987 1702923832000777938
2988 1702923832000817902
2989 1702923832000857926
2990 1702923832000897991
2991 1702923832000937945
2992 1702923832000977957
2993 1702923833000017836
2994 1702923833000057882
2995 1702923833000097998
2996 1702923833000137894
2997 1702923833000177995
2998 1702923833000217883
2999 1702923833000258023
3000 1702923833000297988
