0001 1695209191000842264
0002 1695209191000882084
0003 1695209191000922281
0004 1695209191000962204
0005 1695209192000002288
0006 1695209192000042279
0007 1695209192000082353
0008 1695209192000122249
0009 1695209192000162363
0010 1695209192000202240
0011 1695209192000242303
0012 1695209192000282227
0013 1695209192000322270
0014 1695209192000362310
0015 1695209192000402327
0016 1695209192000442282
0017 1695209192000482266
0018 1695209192000522298
0019 1695209192000562295
0020 1695209192000602285
0021 1695209192000642290
0022 1695209192000682353
0023 1695209192000722298
0024 1695209192000762304
0025 1695209192000802339
0026 1695209192000842486
0027 1695209192000882475
0028 1695209192000922358
0029 1695209192000962313
0030 1695209193000002323
0031 1695209193000042318
0032 1695209193000082419
0033 1695209193000122443
0034 1695209193000162417
0035 1695209193000202275
0036 1695209193000242436
0037 1695209193000282395
0038 1695209193000322390
0039 1695209193000362568
0040 1695209193000402435
0041 1695209193000442585
0042 1695209193000482421
0043 1695209193000522404
0044 1695209193000562448
0045 1695209193000602523
0046 1695209193000642419
0047 1695209193000682446
0048 1695209193000722506
0049 1695209193000762410
0050 1695209193000802496
0051 1695209193000842526
0052 1695209193000882505
0053 1695209193000922448
0054 1695209193000962446
0055 1695209194000002511
0056 1695209194000042546
0057 1695209194000082516
0058 1695209194000122446
0059 1695209194000162646
0060 1695209194000202642
0061 1695209194000242453
0062 1695209194000282600
0063 1695209194000322582
0064 1695209194000362587
0065 1695209194000402543
0066 1695209194000442492
0067 1695209194000482570
0068 1695209194000522577
0069 1695209194000562572
0070 1695209194000602562
0071 1695209194000642577
0072 1695209194000682562
0073 1695209194000722573
0074 1695209194000762577
0075 1695209194000802655
0076 1695209194000842589
0077 1695209194000882580
0078 1695209194000922586
0079 1695209194000962664
0080 1695209195000002675
0081 1695209195000042624
0082 1695209195000082626
0083 1695209195000122626
0084 1695209195000162585
0085 1695209195000202635
0086 1695209195000242695
0087 1695209195000282656
0088 1695209195000322515
0089 1695209195000362612
0090 1695209195000402683
0091 1695209195000442584
0092 1695209195000482692
0093 1695209195000522665
0094 1695209195000562659
0095 1695209195000602656
0096 1695209195000642713
0097 1695209195000682784
0098 1695209195000722714
0099 1695209195000762685
0100 1695209195000802783
0101 1695209195000842747
0102 1695209195000882580
0103 1695209195000922805
0104 1695209195000962729
0105 1695209196000002697
0106 1695209196000042668
0107 1695209196000082651
0108 1695209196000122634
0109 1695209196000162797
0110 1695209196000202797
0111 1695209196000242651
0112 1695209196000282822
0113 1695209196000322722
0114 1695209196000362791
0115 1695209196000402769
0116 1695209196000442810
0117 1695209196000482901
0118 1695209196000522827
0119 1695209196000562942
0120 1695209196000602805
0121 1695209196000642772
0122 1695209196000682778
0123 1695209196000722893
0124 1695209196000762838
0125 1695209196000802892
0126 1695209196000842701
0127 1695209196000882811
0128 1695209196000922839
0129 1695209196000962789
0130 1695209197000002941
0131 1695209197000042823
0132 1695209197000082921
0133 1695209197000122830
0134 1695209197000162866
0135 1695209197000202931
0136 1695209197000242769
0137 1695209197000282790
0138 1695209197000322788
0139 1695209197000362916
0140 1695209197000402948
0141 1695209197000443009
0142 1695209197000482979
0143 1695209197000523001
0144 1695209197000562936
0145 1695209197000602797
0146 1695209197000643020
0147 1695209197000682944
0148 1695209197000722866
0149 1695209197000763086
0150 1695209197000803004
0151 1695209197000842986
0152 1695209197000883001
0153 1695209197000923003
0154 1695209197000963109
0155 1695209198000002865
0156 1695209198000043027
0157 1695209198000082906
0158 1695209198000123035
0159 1695209198000163051
0160 1695209198000203091
0161 1695209198000243047
0162 1695209198000283137
0163 1695209198000323028
0164 1695209198000363054
0165 1695209198000402977
0166 1695209198000443001
0167 1695209198000483069
0168 1695209198000523038
0169 1695209198000563021
0170 1695209198000602934
0171 1695209198000643089
0172 1695209198000683102
0173 1695209198000723111
0174 1695209198000763143
0175 1695209198000803072
0176 1695209198000842988
0177 1695209198000883112
0178 1695209198000922990
0179 1695209198000963167
0180 1695209199000003054
0181 1695209199000043161
0182 1695209199000083172
0183 1695209199000123096
0184 1695209199000163130
0185 1695209199000203186
0186 1695209199000243091
0187 1695209199000283126
0188 1695209199000323147
0189 1695209199000363208
0190 1695209199000403082
0191 1695209199000443291
0192 1695209199000483077
0193 1695209199000523177
0194 1695209199000563209
0195 1695209199000603286
0196 1695209199000643140
0197 1695209199000683112
0198 1695209199000723278
0199 1695209199000763099
0200 1695209199000803129
0201 1695209199000843209
0202 1695209199000883175
0203 1695209199000923225
0204 1695209199000963269
0205 1695209200000003119
0206 1695209200000043185
0207 1695209200000083266
0208 1695209200000123277
0209 1695209200000163172
0210 1695209200000203257
0211 1695209200000243249
0212 1695209200000283154
0213 1695209200000323194
0214 1695209200000363384
0215 1695209200000403304
0216 1695209200000443425
0217 1695209200000483400
0218 1695209200000523329
0219 1695209200000563384
0220 1695209200000603319
0221 1695209200000643448
0222 1695209200000683340
0223 1695209200000723363
0224 1695209200000763343
0225 1695209200000803405
0226 1695209200000843330
0227 1695209200000883369
0228 1695209200000923419
0229 1695209200000963402
0230 1695209201000003335
0231 1695209201000043356
0232 1695209201000083379
0233 1695209201000123284
0234 1695209201000163479
0235 1695209201000203422
0236 1695209201000243413
0237 1695209201000283329
0238 1695209201000323434
0239 1695209201000363549
0240 1695209201000403450
0241 1695209201000443419
0242 1695209201000483419
0243 1695209201000523379
0244 1695209201000563532
0245 1695209201000603502
0246 1695209201000643401
0247 1695209201000683517
0248 1695209201000723565
0249 1695209201000763492
0250 1695209201000803433
0251 1695209201000843368
0252 1695209201000883519
0253 1695209201000923587
0254 1695209201000963584
0255 1695209202000003543
0256 1695209202000043423
0257 1695209202000083411
0258 1695209202000123580
0259 1695209202000163620
0260 1695209202000203379
0261 1695209202000243463
0262 1695209202000283551
0263 1695209202000323443
0264 1695209202000363583
0265 1695209202000403437
0266 1695209202000443468
0267 1695209202000483553
0268 1695209202000523631
0269 1695209202000563678
0270 1695209202000603604
0271 1695209202000643470
0272 1695209202000683571
0273 1695209202000723596
0274 1695209202000763621
0275 1695209202000803470
0276 1695209202000843725
0277 1695209202000883742
0278 1695209202000923697
0279 1695209202000963583
0280 1695209203000003542
0281 1695209203000043747
0282 1695209203000083511
0283 1695209203000123682
0284 1695209203000163589
0285 1695209203000203506
0286 1695209203000243693
0287 1695209203000283499
0288 1695209203000323668
0289 1695209203000363722
0290 1695209203000403689
0291 1695209203000443654
0292 1695209203000483689
0293 1695209203000523736
0294 1695209203000563699
0295 1695209203000603787
0296 1695209203000643683
0297 1695209203000683734
0298 1695209203000723794
0299 1695209203000763760
0300 1695209203000803827
0301 1695209203000843839
0302 1695209203000883612
0303 1695209203000923789
0304 1695209203000963803
0305 1695209204000003816
0306 1695209204000043869
0307 1695209204000083626
0308 1695209204000123857
0309 1695209204000163680
0310 1695209204000203800
0311 1695209204000243818
0312 1695209204000283877
0313 1695209204000323890
0314 1695209204000363741
0315 1695209204000403887
0316 1695209204000443908
0317 1695209204000483690
0318 1695209204000523703
0319 1695209204000563919
0320 1695209204000603930
0321 1695209204000643823
0322 1695209204000683716
0323 1695209204000723950
0324 1695209204000763766
0325 1695209204000803802
0326 1695209204000843892
0327 1695209204000883842
0328 1695209204000923770
0329 1695209204000963813
0330 1695209205000003765
0331 1695209205000043744
0332 1695209205000083942
0333 1695209205000123789
0334 1695209205000163766
0335 1695209205000203988
0336 1695209205000243849
0337 1695209205000283965
0338 1695209205000323934
0339 1695209205000363810
0340 1695209205000403965
0341 1695209205000443998
0342 1695209205000484047
0343 1695209205000523819
0344 1695209205000563832
0345 1695209205000603985
0346 1695209205000644030
0347 1695209205000683826
0348 1695209205000723945
0349 1695209205000763935
0350 1695209205000804108
0351 1695209205000844028
0352 1695209205000884029
0353 1695209205000923883
0354 1695209205000964071
0355 1695209206000004111
0356 1695209206000044122
0357 1695209206000083878
0358 1695209206000124054
0359 1695209206000163972
0360 1695209206000204068
0361 1695209206000244022
0362 1695209206000283971
0363 1695209206000324093
0364 1695209206000364103
0365 1695209206000404099
0366 1695209206000443955
0367 1695209206000483971
0368 1695209206000524150
0369 1695209206000564085
0370 1695209206000604204
0371 1695209206000643941
0372 1695209206000684145
0373 1695209206000724097
0374 1695209206000764075
0375 1695209206000804138
0376 1695209206000844175
0377 1695209206000884141
0378 1695209206000924161
0379 1695209206000964134
0380 1695209207000003978
0381 1695209207000044193
0382 1695209207000084193
0383 1695209207000124135
0384 1695209207000164252
0385 1695209207000204219
0386 1695209207000244069
0387 1695209207000284041
0388 1695209207000324303
0389 1695209207000364275
0390 1695209207000404257
0391 1695209207000444064
0392 1695209207000484235
0393 1695209207000524323
0394 1695209207000564084
0395 1695209207000604258
0396 1695209207000644141
0397 1695209207000684251
0398 1695209207000724302
0399 1695209207000764378
0400 1695209207000804336
0401 1695209207000844238
0402 1695209207000884221
0403 1695209207000924296
0404 1695209207000964288
0405 1695209208000004291
0406 1695209208000044307
0407 1695209208000084297
0408 1695209208000124299
0409 1695209208000164291
0410 1695209208000204327
0411 1695209208000244299
0412 1695209208000284205
0413 1695209208000324348
0414 1695209208000364167
0415 1695209208000404225
0416 1695209208000444448
0417 1695209208000484339
0418 1695209208000524251
0419 1695209208000564351
0420 1695209208000604266
0421 1695209208000644237
0422 1695209208000684224
0423 1695209208000724281
0424 1695209208000764227
0425 1695209208000804293
0426 1695209208000844388
0427 1695209208000884422
0428 1695209208000924272
0429 1695209208000964462
0430 1695209209000004426
0431 1695209209000044267
0432 1695209209000084305
0433 1695209209000124275
0434 1695209209000164268
0435 1695209209000204262
0436 1695209209000244336
0437 1695209209000284455
0438 1695209209000324280
0439 1695209209000364392
0440 1695209209000404458
0441 1695209209000444310
0442 1695209209000484551
0443 1695209209000524305
0444 1695209209000564332
0445 1695209209000604528
0446 1695209209000644555
0447 1695209209000684355
0448 1695209209000724551
0449 1695209209000764366
0450 1695209209000804394
0451 1695209209000844573
0452 1695209209000884495
0453 1695209209000924488
0454 1695209209000964370
0455 1695209210000004526
0456 1695209210000044386
0457 1695209210000084603
0458 1695209210000124457
0459 1695209210000164622
0460 1695209210000204392
0461 1695209210000244623
0462 1695209210000284613
0463 1695209210000324446
0464 1695209210000364616
0465 1695209210000404680
0466 1695209210000444481
0467 1695209210000484616
0468 1695209210000524524
0469 1695209210000564522
0470 1695209210000604692
0471 1695209210000644509
0472 1695209210000684695
0473 1695209210000724474
0474 1695209210000764477
0475 1695209210000804742
0476 1695209210000844693
0477 1695209210000884704
0478 1695209210000924670
0479 1695209210000964707
0480 1695209211000004718
0481 1695209211000044561
0482 1695209211000084565
0483 1695209211000124594
0484 1695209211000164666
0485 1695209211000204604
0486 1695209211000244694
0487 1695209211000284784
0488 1695209211000324579
0489 1695209211000364597
0490 1695209211000404609
0491 1695209211000444629
0492 1695209211000484701
0493 1695209211000524603
0494 1695209211000564582
0495 1695209211000604789
0496 1695209211000644791
0497 1695209211000684802
0498 1695209211000724634
0499 1695209211000764753
0500 1695209211000804669
0501 1695209211000844762
0502 1695209211000884813
0503 1695209211000924874
0504 1695209211000964851
0505 1695209212000004686
0506 1695209212000044708
0507 1695209212000084702
0508 1695209212000124701
0509 1695209212000164901
0510 1695209212000204789
0511 1695209212000244708
0512 1695209212000284783
0513 1695209212000324908
0514 1695209212000364765
0515 1695209212000404782
0516 1695209212000444798
0517 1695209212000484934
0518 1695209212000524836
0519 1695209212000564733
0520 1695209212000604776
0521 1695209212000644936
0522 1695209212000684774
0523 1695209212000724974
0524 1695209212000764983
0525 1695209212000804793
0526 1695209212000844964
0527 1695209212000884790
0528 1695209212000924877
0529 1695209212000964868
0530 1695209213000004800
0531 1695209213000044886
0532 1695209213000085017
0533 1695209213000124837
0534 1695209213000164829
0535 1695209213000204819
0536 1695209213000245043
0537 1695209213000284997
0538 1695209213000324807
0539 1695209213000364941
0540 1695209213000405015
0541 1695209213000444845
0542 1695209213000484875
0543 1695209213000525004
0544 1695209213000565035
0545 1695209213000605092
0546 1695209213000644920
0547 1695209213000684869
0548 1695209213000725097
0549 1695209213000764886
0550 1695209213000805125
0551 1695209213000844863
0552 1695209213000885126
0553 1695209213000924902
0554 1695209213000964911
0555 1695209214000004899
0556 1695209214000044909
0557 1695209214000085025
0558 1695209214000124931
0559 1695209214000165055
0560 1695209214000204966
0561 1695209214000244948
0562 1695209214000284978
0563 1695209214000324952
0564 1695209214000364985
0565 1695209214000405075
0566 1695209214000445003
0567 1695209214000484964
0568 1695209214000525016
0569 1695209214000565187
0570 1695209214000604992
0571 1695209214000645063
0572 1695209214000685045
0573 1695209214000725014
0574 1695209214000765023
0575 1695209214000805250
0576 1695209214000845216
0577 1695209214000885010
0578 1695209214000925222
0579 1695209214000965115
0580 1695209215000005033
0581 1695209215000045032
0582 1695209215000085290
0583 1695209215000125029
0584 1695209215000165048
0585 1695209215000205155
0586 1695209215000245173
0587 1695209215000285167
0588 1695209215000325055
0589 1695209215000365162
0590 1695209215000405077
0591 1695209215000445313
0592 1695209215000485074
0593 1695209215000525118
0594 1695209215000565218
0595 1695209215000605149
0596 1695209215000645105
0597 1695209215000685193
0598 1695209215000725097
0599 1695209215000765131
0600 1695209215000805139
0601 1695209215000845122
0602 1695209215000885358
0603 1695209215000925145
0604 1695209215000965383
0605 1695209216000005221
0606 1695209216000045379
0607 1695209216000085323
0608 1695209216000125327
0609 1695209216000165335
0610 1695209216000205429
0611 1695209216000245388
0612 1695209216000285184
0613 1695209216000325400
0614 1695209216000365427
0615 1695209216000405320
0616 1695209216000445428
0617 1695209216000485386
0618 1695209216000525221
0619 1695209216000565300
0620 1695209216000605221
0621 1695209216000645322
0622 1695209216000685255
0623 1695209216000725288
0624 1695209216000765286
0625 1695209216000805258
0626 1695209216000845253
0627 1695209216000885302
0628 1695209216000925336
0629 1695209216000965312
0630 1695209217000005398
0631 1695209217000045517
0632 1695209217000085359
0633 1695209217000125301
0634 1695209217000165527
0635 1695209217000205304
0636 1695209217000245302
0637 1695209217000285308
0638 1695209217000325467
0639 1695209217000365317
0640 1695209217000405421
0641 1695209217000445352
0642 1695209217000485354
0643 1695209217000525554
0644 1695209217000565350
0645 1695209217000605390
0646 1695209217000645422
0647 1695209217000685354
0648 1695209217000725451
0649 1695209217000765412
0650 1695209217000805612
0651 1695209217000845411
0652 1695209217000885622
0653 1695209217000925394
0654 1695209217000965373
0655 1695209218000005419
0656 1695209218000045560
0657 1695209218000085401
0658 1695209218000125417
0659 1695209218000165578
0660 1695209218000205534
0661 1695209218000245463
0662 1695209218000285435
0663 1695209218000325443
0664 1695209218000365443
0665 1695209218000405597
0666 1695209218000445684
0667 1695209218000485696
0668 1695209218000525502
0669 1695209218000565509
0670 1695209218000605529
0671 1695209218000645537
0672 1695209218000685525
0673 1695209218000725479
0674 1695209218000765559
0675 1695209218000805564
0676 1695209218000845628
0677 1695209218000885594
0678 1695209218000925601
0679 1695209218000965573
0680 1695209219000005744
0681 1695209219000045570
0682 1695209219000085642
0683 1695209219000125573
0684 1695209219000165768
0685 1695209219000205640
0686 1695209219000245609
0687 1695209219000285577
0688 1695209219000325644
0689 1695209219000365727
0690 1695209219000405610
0691 1695209219000445760
0692 1695209219000485637
0693 1695209219000525620
0694 1695209219000565613
0695 1695209219000605605
0696 1695209219000645828
0697 1695209219000685584
0698 1695209219000725711
0699 1695209219000765664
0700 1695209219000805701
0701 1695209219000845660
0702 1695209219000885639
0703 1695209219000925870
0704 1695209219000965663
0705 1695209220000005914
0706 1695209220000045667
0707 1695209220000085819
0708 1695209220000125682
0709 1695209220000165724
0710 1695209220000205756
0711 1695209220000245705
0712 1695209220000285738
0713 1695209220000325765
0714 1695209220000365727
0715 1695209220000405712
0716 1695209220000445862
0717 1695209220000485944
0718 1695209220000525948
0719 1695209220000565734
0720 1695209220000605970
0721 1695209220000645740
0722 1695209220000685795
0723 1695209220000725885
0724 1695209220000765838
0725 1695209220000805804
0726 1695209220000845813
0727 1695209220000885794
0728 1695209220000925794
0729 1695209220000965872
0730 1695209221000005855
0731 1695209221000046032
0732 1695209221000085820
0733 1695209221000125893
0734 1695209221000165800
0735 1695209221000205884
0736 1695209221000245860
0737 1695209221000285871
0738 1695209221000325810
0739 1695209221000365857
0740 1695209221000405846
0741 1695209221000445928
0742 1695209221000485839
0743 1695209221000525881
0744 1695209221000565802
0745 1695209221000605887
0746 1695209221000645835
0747 1695209221000685897
0748 1695209221000725887
0749 1695209221000766065
0750 1695209221000805898
0751 1695209221000845890
0752 1695209221000885970
0753 1695209221000925885
0754 1695209221000966059
0755 1695209222000005974
0756 1695209222000045900
0757 1695209222000085920
0758 1695209222000126032
0759 1695209222000165932
0760 1695209222000206095
0761 1695209222000246127
0762 1695209222000286015
0763 1695209222000326191
0764 1695209222000366013
0765 1695209222000405997
0766 1695209222000446033
0767 1695209222000486020
0768 1695209222000526013
0769 1695209222000566012
0770 1695209222000606058
0771 1695209222000646243
0772 1695209222000685996
0773 1695209222000726007
0774 1695209222000766071
0775 1695209222000806178
0776 1695209222000845990
0777 1695209222000885987
0778 1695209222000926263
0779 1695209222000966041
0780 1695209223000006083
0781 1695209223000046082
0782 1695209223000086081
0783 1695209223000126101
0784 1695209223000166049
0785 1695209223000206134
0786 1695209223000246112
0787 1695209223000286098
0788 1695209223000326146
0789 1695209223000366178
0790 1695209223000406080
0791 1695209223000446135
0792 1695209223000486124
0793 1695209223000526116
0794 1695209223000566291
0795 1695209223000606121
0796 1695209223000646199
0797 1695209223000686105
0798 1695209223000726127
0799 1695209223000766272
0800 1695209223000806206
0801 1695209223000846131
0802 1695209223000886135
0803 1695209223000926224
0804 1695209223000966325
0805 1695209224000006314
0806 1695209224000046212
0807 1695209224000086150
0808 1695209224000126221
0809 1695209224000166263
0810 1695209224000206192
0811 1695209224000246266
0812 1695209224000286326
0813 1695209224000326185
0814 1695209224000366189
0815 1695209224000406376
0816 1695209224000446227
0817 1695209224000486246
0818 1695209224000526268
0819 1695209224000566387
0820 1695209224000606261
0821 1695209224000646280
0822 1695209224000686322
0823 1695209224000726300
0824 1695209224000766325
0825 1695209224000806316
0826 1695209224000846368
0827 1695209224000886312
0828 1695209224000926457
0829 1695209224000966292
0830 1695209225000006296
0831 1695209225000046286
0832 1695209225000086379
0833 1695209225000126331
0834 1695209225000166385
0835 1695209225000206312
0836 1695209225000246327
0837 1695209225000286491
0838 1695209225000326393
0839 1695209225000366496
0840 1695209225000406381
0841 1695209225000446302
0842 1695209225000486363
0843 1695209225000526425
0844 1695209225000566529
0845 1695209225000606413
0846 1695209225000646402
0847 1695209225000686414
0848 1695209225000726466
0849 1695209225000766479
0850 1695209225000806456
0851 1695209225000846574
0852 1695209225000886468
0853 1695209225000926481
0854 1695209225000966450
0855 1695209226000006490
0856 1695209226000046471
0857 1695209226000086486
0858 1695209226000126614
0859 1695209226000166429
0860 1695209226000206509
0861 1695209226000246505
0862 1695209226000286629
0863 1695209226000326504
0864 1695209226000366471
0865 1695209226000406484
0866 1695209226000446458
0867 1695209226000486471
0868 1695209226000526538
0869 1695209226000566506
0870 1695209226000606573
0871 1695209226000646562
0872 1695209226000686562
0873 1695209226000726553
0874 1695209226000766504
0875 1695209226000806603
0876 1695209226000846664
0877 1695209226000886587
0878 1695209226000926666
0879 1695209226000966550
0880 1695209227000006684
0881 1695209227000046524
0882 1695209227000086597
0883 1695209227000126552
0884 1695209227000166531
0885 1695209227000206639
0886 1695209227000246663
0887 1695209227000286568
0888 1695209227000326664
0889 1695209227000366644
0890 1695209227000406585
0891 1695209227000446561
0892 1695209227000486608
0893 1695209227000526677
0894 1695209227000566680
0895 1695209227000606695
0896 1695209227000646792
0897 1695209227000686796
0898 1695209227000726647
0899 1695209227000766711
0900 1695209227000806718
0901 1695209227000846801
0902 1695209227000886736
0903 1695209227000926787
0904 1695209227000966725
0905 1695209228000006875
0906 1695209228000046760
0907 1695209228000086774
0908 1695209228000126666
0909 1695209228000166745
0910 1695209228000206648
0911 1695209228000246750
0912 1695209228000286840
0913 1695209228000326764
0914 1695209228000366863
0915 1695209228000406819
0916 1695209228000446911
0917 1695209228000486869
0918 1695209228000526908
0919 1695209228000566880
0920 1695209228000606831
0921 1695209228000646828
0922 1695209228000686815
0923 1695209228000726727
0924 1695209228000766755
0925 1695209228000806837
0926 1695209228000846898
0927 1695209228000886904
0928 1695209228000926842
0929 1695209228000966780
0930 1695209229000006888
0931 1695209229000046869
0932 1695209229000086990
0933 1695209229000126878
0934 1695209229000166903
0935 1695209229000206911
0936 1695209229000246817
0937 1695209229000286974
0938 1695209229000327047
0939 1695209229000366828
0940 1695209229000406836
0941 1695209229000446889
0942 1695209229000486879
0943 1695209229000526861
0944 1695209229000566848
0945 1695209229000606921
0946 1695209229000646905
0947 1695209229000686943
0948 1695209229000726971
0949 1695209229000766906
0950 1695209229000807008
0951 1695209229000846950
0952 1695209229000886912
0953 1695209229000926984
0954 1695209229000966943
0955 1695209230000007081
0956 1695209230000047051
0957 1695209230000086967
0958 1695209230000127043
0959 1695209230000167009
0960 1695209230000206986
0961 1695209230000246987
0962 1695209230000287018
0963 1695209230000326989
0964 1695209230000366987
0965 1695209230000407019
0966 1695209230000447070
0967 1695209230000487042
0968 1695209230000527025
0969 1695209230000566993
0970 1695209230000607067
0971 1695209230000647012
0972 1695209230000687123
0973 1695209230000727250
0974 1695209230000767101
0975 1695209230000807047
0976 1695209230000847128
0977 1695209230000887031
0978 1695209230000927079
0979 1695209230000967105
0980 1695209231000007121
0981 1695209231000047087
0982 1695209231000087274
0983 1695209231000127122
0984 1695209231000167133
0985 1695209231000207157
0986 1695209231000247127
0987 1695209231000287134
0988 1695209231000327191
0989 1695209231000367161
0990 1695209231000407122
0991 1695209231000447155
0992 1695209231000487171
0993 1695209231000527185
0994 1695209231000567125
0995 1695209231000607140
0996 1695209231000647169
0997 1695209231000687148
0998 1695209231000727264
0999 1695209231000767214
1000 1695209231000807249
1001 1695209231000847313
1002 1695209231000887254
1003 1695209231000927198
1004 1695209231000967271
1005 1695209232000007238
1006 1695209232000047293
1007 1695209232000087266
1008 1695209232000127430
1009 1695209232000167228
1010 1695209232000207351
1011 1695209232000247263
1012 1695209232000287254
1013 1695209232000327242
1014 1695209232000367264
1015 1695209232000407283
1016 1695209232000447313
1017 1695209232000487265
1018 1695209232000527285
1019 1695209232000567273
1020 1695209232000607407
1021 1695209232000647318
1022 1695209232000687365
1023 1695209232000727342
1024 1695209232000767448
1025 1695209232000807346
1026 1695209232000847436
1027 1695209232000887427
1028 1695209232000927283
1029 1695209232000967357
1030 1695209233000007343
1031 1695209233000047317
1032 1695209233000087397
1033 1695209233000127355
1034 1695209233000167402
1035 1695209233000207371
1036 1695209233000247433
1037 1695209233000287371
1038 1695209233000327422
1039 1695209233000367454
1040 1695209233000407421
1041 1695209233000447407
1042 1695209233000487454
1043 1695209233000527598
1044 1695209233000567419
1045 1695209233000607459
1046 1695209233000647562
1047 1695209233000687547
1048 1695209233000727393
1049 1695209233000767522
1050 1695209233000807443
1051 1695209233000847520
1052 1695209233000887426
1053 1695209233000927379
1054 1695209233000967481
1055 1695209234000007558
1056 1695209234000047501
1057 1695209234000087549
1058 1695209234000127579
1059 1695209234000167642
1060 1695209234000207589
1061 1695209234000247577
1062 1695209234000287519
1063 1695209234000327546
1064 1695209234000367618
1065 1695209234000407532
1066 1695209234000447567
1067 1695209234000487613
1068 1695209234000527593
1069 1695209234000567585
1070 1695209234000607574
1071 1695209234000647564
1072 1695209234000687545
1073 1695209234000727603
1074 1695209234000767616
1075 1695209234000807597
1076 1695209234000847622
1077 1695209234000887595
1078 1695209234000927584
1079 1695209234000967621
1080 1695209235000007565
1081 1695209235000047651
1082 1695209235000087541
1083 1695209235000127626
1084 1695209235000167636
1085 1695209235000207659
1086 1695209235000247678
1087 1695209235000287790
1088 1695209235000327610
1089 1695209235000367689
1090 1695209235000407696
1091 1695209235000447710
1092 1695209235000487629
1093 1695209235000527718
1094 1695209235000567707
1095 1695209235000607628
1096 1695209235000647770
1097 1695209235000687722
1098 1695209235000727719
1099 1695209235000767778
1100 1695209235000807780
1101 1695209235000847807
1102 1695209235000887859
1103 1695209235000927731
1104 1695209235000967733
1105 1695209236000007756
1106 1695209236000047825
1107 1695209236000087795
1108 1695209236000127781
1109 1695209236000167784
1110 1695209236000207743
1111 1695209236000247816
1112 1695209236000287755
1113 1695209236000327744
1114 1695209236000367767
1115 1695209236000407815
1116 1695209236000447830
1117 1695209236000487839
1118 1695209236000527889
1119 1695209236000567895
1120 1695209236000607797
1121 1695209236000647862
1122 1695209236000687908
1123 1695209236000727888
1124 1695209236000767809
1125 1695209236000807916
1126 1695209236000847869
1127 1695209236000887751
1128 1695209236000927861
1129 1695209236000967939
1130 1695209237000007913
1131 1695209237000047904
1132 1695209237000087860
1133 1695209237000127936
1134 1695209237000167805
1135 1695209237000207913
1136 1695209237000247824
1137 1695209237000287874
1138 1695209237000327897
1139 1695209237000367894
1140 1695209237000407938
1141 1695209237000447967
1142 1695209237000488026
1143 1695209237000528019
1144 1695209237000568097
1145 1695209237000608011
1146 1695209237000647913
1147 1695209237000687957
1148 1695209237000727929
1149 1695209237000768007
1150 1695209237000807980
1151 1695209237000847925
1152 1695209237000887940
1153 1695209237000927958
1154 1695209237000967998
1155 1695209238000008010
1156 1695209238000047948
1157 1695209238000087893
1158 1695209238000128164
1159 1695209238000168020
1160 1695209238000207971
1161 1695209238000247997
1162 1695209238000288003
1163 1695209238000328008
1164 1695209238000367992
1165 1695209238000408005
1166 1695209238000448009
1167 1695209238000488021
1168 1695209238000528023
1169 1695209238000568076
1170 1695209238000608053
1171 1695209238000648122
1172 1695209238000688070
1173 1695209238000728084
1174 1695209238000768065
1175 1695209238000808092
1176 1695209238000848068
1177 1695209238000888104
1178 1695209238000928127
1179 1695209238000968199
1180 1695209239000008205
1181 1695209239000048136
1182 1695209239000088161
1183 1695209239000128290
1184 1695209239000168111
1185 1695209239000208207
1186 1695209239000248125
1187 1695209239000288206
1188 1695209239000328206
1189 1695209239000368216
1190 1695209239000408206
1191 1695209239000448221
1192 1695209239000488045
1193 1695209239000528207
1194 1695209239000568217
1195 1695209239000608203
1196 1695209239000648195
1197 1695209239000688204
1198 1695209239000728197
1199 1695209239000768162
1200 1695209239000808171
1201 1695209239000848162
1202 1695209239000888180
1203 1695209239000928197
1204 1695209239000968236
1205 1695209240000008304
1206 1695209240000048203
1207 1695209240000088303
1208 1695209240000128168
1209 1695209240000168187
1210 1695209240000208296
1211 1695209240000248264
1212 1695209240000288229
1213 1695209240000328348
1214 1695209240000368300
1215 1695209240000408192
1216 1695209240000448468
1217 1695209240000488239
1218 1695209240000528321
1219 1695209240000568413
1220 1695209240000608311
1221 1695209240000648312
1222 1695209240000688419
1223 1695209240000728329
1224 1695209240000768357
1225 1695209240000808410
1226 1695209240000848400
1227 1695209240000888375
1228 1695209240000928391
1229 1695209240000968320
1230 1695209241000008312
1231 1695209241000048365
1232 1695209241000088348
1233 1695209241000128346
1234 1695209241000168389
1235 1695209241000208355
1236 1695209241000248474
1237 1695209241000288393
1238 1695209241000328579
1239 1695209241000368404
1240 1695209241000408445
1241 1695209241000448458
1242 1695209241000488440
1243 1695209241000528323
1244 1695209241000568422
1245 1695209241000608312
1246 1695209241000648372
1247 1695209241000688468
1248 1695209241000728493
1249 1695209241000768527
1250 1695209241000808539
1251 1695209241000848464
1252 1695209241000888483
1253 1695209241000928508
1254 1695209241000968530
1255 1695209242000008510
1256 1695209242000048489
1257 1695209242000088538
1258 1695209242000128579
1259 1695209242000168532
1260 1695209242000208553
1261 1695209242000248523
1262 1695209242000288630
1263 1695209242000328536
1264 1695209242000368617
1265 1695209242000408456
1266 1695209242000448419
1267 1695209242000488654
1268 1695209242000528655
1269 1695209242000568525
1270 1695209242000608688
1271 1695209242000648560
1272 1695209242000688662
1273 1695209242000728648
1274 1695209242000768498
1275 1695209242000808654
1276 1695209242000848606
1277 1695209242000888619
1278 1695209242000928684
1279 1695209242000968674
1280 1695209243000008646
1281 1695209243000048624
1282 1695209243000088654
1283 1695209243000128689
1284 1695209243000168667
1285 1695209243000208633
1286 1695209243000248669
1287 1695209243000288792
1288 1695209243000328734
1289 1695209243000368546
1290 1695209243000408662
1291 1695209243000448730
1292 1695209243000488746
1293 1695209243000528706
1294 1695209243000568719
1295 1695209243000608744
1296 1695209243000648626
1297 1695209243000688697
1298 1695209243000728619
1299 1695209243000768759
1300 1695209243000808871
1301 1695209243000848780
1302 1695209243000888673
1303 1695209243000928814
1304 1695209243000968805
1305 1695209244000008765
1306 1695209244000048782
1307 1695209244000088672
1308 1695209244000128856
1309 1695209244000168766
1310 1695209244000208802
1311 1695209244000248784
1312 1695209244000288843
1313 1695209244000328843
1314 1695209244000368765
1315 1695209244000408964
1316 1695209244000448837
1317 1695209244000488879
1318 1695209244000528790
1319 1695209244000568696
1320 1695209244000608864
1321 1695209244000648857
1322 1695209244000688916
1323 1695209244000728872
1324 1695209244000768925
1325 1695209244000808865
1326 1695209244000848763
1327 1695209244000889006
1328 1695209244000928905
1329 1695209244000968871
1330 1695209245000008876
1331 1695209245000048935
1332 1695209245000088938
1333 1695209245000128945
1334 1695209245000168985
1335 1695209245000208808
1336 1695209245000248902
1337 1695209245000288934
1338 1695209245000328947
1339 1695209245000369001
1340 1695209245000408843
1341 1695209245000448966
1342 1695209245000488953
1343 1695209245000529041
1344 1695209245000568955
1345 1695209245000608965
1346 1695209245000648947
1347 1695209245000689037
1348 1695209245000728996
1349 1695209245000769036
1350 1695209245000809031
1351 1695209245000849116
1352 1695209245000889039
1353 1695209245000929067
1354 1695209245000969095
1355 1695209246000009037
1356 1695209246000049017
1357 1695209246000089023
1358 1695209246000128999
1359 1695209246000169141
1360 1695209246000209044
1361 1695209246000249108
1362 1695209246000289017
1363 1695209246000329122
1364 1695209246000368974
1365 1695209246000409134
1366 1695209246000449055
1367 1695209246000489125
1368 1695209246000529106
1369 1695209246000569096
1370 1695209246000609041
1371 1695209246000649002
1372 1695209246000689115
1373 1695209246000729020
1374 1695209246000768990
1375 1695209246000809018
1376 1695209246000849104
1377 1695209246000889161
1378 1695209246000929141
1379 1695209246000969181
1380 1695209247000009146
1381 1695209247000049181
1382 1695209247000089252
1383 1695209247000129167
1384 1695209247000169157
1385 1695209247000209262
1386 1695209247000249246
1387 1695209247000289248
1388 1695209247000329158
1389 1695209247000369204
1390 1695209247000409194
1391 1695209247000449176
1392 1695209247000489302
1393 1695209247000529215
1394 1695209247000569259
1395 1695209247000609131
1396 1695209247000649163
1397 1695209247000689234
1398 1695209247000729278
1399 1695209247000769341
1400 1695209247000809260
1401 1695209247000849279
1402 1695209247000889266
1403 1695209247000929199
1404 1695209247000969246
1405 1695209248000009262
1406 1695209248000049243
1407 1695209248000089366
1408 1695209248000129319
1409 1695209248000169136
1410 1695209248000209274
1411 1695209248000249364
1412 1695209248000289284
1413 1695209248000329223
1414 1695209248000369371
1415 1695209248000409220
1416 1695209248000449385
1417 1695209248000489402
1418 1695209248000529314
1419 1695209248000569346
1420 1695209248000609259
1421 1695209248000649344
1422 1695209248000689500
1423 1695209248000729355
1424 1695209248000769390
1425 1695209248000809370
1426 1695209248000849223
1427 1695209248000889400
1428 1695209248000929380
1429 1695209248000969513
1430 1695209249000009440
1431 1695209249000049282
1432 1695209249000089415
1433 1695209249000129426
1434 1695209249000169481
1435 1695209249000209446
1436 1695209249000249386
1437 1695209249000289378
1438 1695209249000329397
1439 1695209249000369501
1440 1695209249000409473
1441 1695209249000449389
1442 1695209249000489580
1443 1695209249000529524
1444 1695209249000569443
1445 1695209249000609532
1446 1695209249000649575
1447 1695209249000689613
1448 1695209249000729348
1449 1695209249000769367
1450 1695209249000809610
1451 1695209249000849569
1452 1695209249000889555
1453 1695209249000929645
1454 1695209249000969443
1455 1695209250000009440
1456 1695209250000049445
1457 1695209250000089559
1458 1695209250000129557
1459 1695209250000169422
1460 1695209250000209519
1461 1695209250000249581
1462 1695209250000289496
1463 1695209250000329491
1464 1695209250000369686
1465 1695209250000409631
1466 1695209250000449686
1467 1695209250000489623
1468 1695209250000529645
1469 1695209250000569621
1470 1695209250000609447
1471 1695209250000649697
1472 1695209250000689636
1473 1695209250000729700
1474 1695209250000769728
1475 1695209250000809688
1476 1695209250000849500
1477 1695209250000889508
1478 1695209250000929611
1479 1695209250000969795
1480 1695209251000009606
1481 1695209251000049526
1482 1695209251000089540
1483 1695209251000129735
1484 1695209251000169660
1485 1695209251000209724
1486 1695209251000249744
1487 1695209251000289588
1488 1695209251000329589
1489 1695209251000369581
1490 1695209251000409620
1491 1695209251000449585
1492 1695209251000489837
1493 1695209251000529614
1494 1695209251000569809
1495 1695209251000609819
1496 1695209251000649801
1497 1695209251000689661
1498 1695209251000729741
1499 1695209251000769800
1500 1695209251000809640
