0001 1702924560000415632
0002 1702924560000455651
0003 1702924560000495482
0004 1702924560000535572
0005 1702924560000575639
0006 1702924560000615673
0007 1702924560000655585
0008 1702924560000695674
0009 1702924560000735615
0010 1702924560000775684
0011 1702924560000815573
0012 1702924560000855550
0013 1702924560000895483
0014 1702924560000935727
0015 1702924560000975621
0016 1702924561000015581
0017 1702924561000055627
0018 1702924561000095758
0019 1702924561000135717
0020 1702924561000175627
0021 1702924561000215698
0022 1702924561000255727
0023 1702924561000295653
0024 1702924561000335645
0025 1702924561000375807
0026 1702924561000415617
0027 1702924561000455621
0028 1702924561000495755
0029 1702924561000535647
0030 1702924561000575758
0031 1702924561000615867
0032 1702924561000655887
0033 1702924561000695667
0034 1702924561000735638
0035 1702924561000775740
0036 1702924561000815785
0037 1702924561000855726
0038 1702924561000895682
0039 1702924561000935662
0040 1702924561000975655
0041 1702924562000015840
0042 1702924562000055883
0043 1702924562000095724
0044 1702924562000135762
0045 1702924562000175820
0046 1702924562000215864
0047 1702924562000255885
0048 1702924562000295790
0049 1702924562000335817
0050 1702924562000375766
0051 1702924562000415723
0052 1702924562000455711
0053 1702924562000495719
0054 1702924562000535862
0055 1702924562000575750
0056 1702924562000615929
0057 1702924562000655934
0058 1702924562000695914
0059 1702924562000735898
0060 1702924562000775918
0061 1702924562000815870
0062 1702924562000855900
0063 1702924562000896017
0064 1702924562000935881
0065 1702924562000975922
0066 1702924563000015870
0067 1702924563000055972
0068 1702924563000095963
0069 1702924563000135924
0070 1702924563000175956
0071 1702924563000215926
0072 1702924563000255976
0073 1702924563000295940
0074 1702924563000335800
0075 1702924563000375846
0076 1702924563000416024
0077 1702924563000455884
0078 1702924563000495976
0079 1702924563000535992
0080 1702924563000576016
0081 1702924563000615976
0082 1702924563000655987
0083 1702924563000695904
0084 1702924563000736088
0085 1702924563000776049
0086 1702924563000816064
0087 1702924563000855948
0088 1702924563000895945
0089 1702924563000935969
0090 1702924563000976099
0091 1702924564000016094
0092 1702924564000056039
0093 1702924564000095898
0094 1702924564000136151
0095 1702924564000176053
0096 1702924564000216066
0097 1702924564000256067
0098 1702924564000295962
0099 1702924564000336192
0100 1702924564000375921
0101 1702924564000416083
0102 1702924564000456040
0103 1702924564000496118
0104 1702924564000536052
0105 1702924564000575998
0106 1702924564000616117
0107 1702924564000656125
0108 1702924564000696149
0109 1702924564000736048
0110 1702924564000776155
0111 1702924564000816211
0112 1702924564000856188
0113 1702924564000896007
0114 1702924564000936128
0115 1702924564000976074
0116 1702924565000016050
0117 1702924565000056180
0118 1702924565000096083
0119 1702924565000136115
0120 1702924565000176272
0121 1702924565000216179
0122 1702924565000256177
0123 1702924565000296284
0124 1702924565000336148
0125 1702924565000376236
0126 1702924565000416215
0127 1702924565000456241
0128 1702924565000496271
0129 1702924565000536178
0130 1702924565000576088
0131 1702924565000616225
0132 1702924565000656232
0133 1702924565000696133
0134 1702924565000736129
0135 1702924565000776157
0136 1702924565000816200
0137 1702924565000856158
0138 1702924565000896285
0139 1702924565000936197
0140 1702924565000976275
0141 1702924566000016332
0142 1702924566000056358
0143 1702924566000096262
0144 1702924566000136178
0145 1702924566000176196
0146 1702924566000216385
0147 1702924566000256274
0148 1702924566000296263
0149 1702924566000336234
0150 1702924566000376247
0151 1702924566000416279
0152 1702924566000456343
0153 1702924566000496269
0154 1702924566000536216
0155 1702924566000576231
0156 1702924566000616363
0157 1702924566000656276
0158 1702924566000696392
0159 1702924566000736254
0160 1702924566000776360
0161 1702924566000816353
0162 1702924566000856460
0163 1702924566000896416
0164 1702924566000936447
0165 1702924566000976272
0166 1702924567000016256
0167 1702924567000056319
0168 1702924567000096406
0169 1702924567000136404
0170 1702924567000176495
0171 1702924567000216333
0172 1702924567000256332
0173 1702924567000296350
0174 1702924567000336541
0175 1702924567000376451
0176 1702924567000416440
0177 1702924567000456342
0178 1702924567000496485
0179 1702924567000536416
0180 1702924567000576341
0181 1702924567000616497
0182 1702924567000656440
0183 1702924567000696506
0184 1702924567000736363
0185 1702924567000776485
0186 1702924567000816371
0187 1702924567000856395
0188 1702924567000896362
0189 1702924567000936435
0190 1702924567000976493
0191 1702924568000016573
0192 1702924568000056386
0193 1702924568000096548
0194 1702924568000136489
0195 1702924568000176536
0196 1702924568000216617
0197 1702924568000256535
0198 1702924568000296629
0199 1702924568000336524
0200 1702924568000376456
0201 1702924568000416502
0202 1702924568000456456
0203 1702924568000496504
0204 1702924568000536511
0205 1702924568000576573
0206 1702924568000616653
0207 1702924568000656688
0208 1702924568000696517
0209 1702924568000736654
0210 1702924568000776632
0211 1702924568000816510
0212 1702924568000856694
0213 1702924568000896654
0214 1702924568000936707
0215 1702924568000976718
0216 1702924569000016641
0217 1702924569000056604
0218 1702924569000096597
0219 1702924569000136537
0220 1702924569000176669
0221 1702924569000216584
0222 1702924569000256737
0223 1702924569000296768
0224 1702924569000336708
0225 1702924569000376807
0226 1702924569000416592
0227 1702924569000456622
0228 1702924569000496591
0229 1702924569000536716
0230 1702924569000576746
0231 1702924569000616659
0232 1702924569000656607
0233 1702924569000696692
0234 1702924569000736671
0235 1702924569000776683
0236 1702924569000816700
0237 1702924569000856667
0238 1702924569000896659
0239 1702924569000936704
0240 1702924569000976669
0241 1702924570000016838
0242 1702924570000056725
0243 1702924570000096810
0244 1702924570000136752
0245 1702924570000176787
0246 1702924570000216688
0247 1702924570000256784
0248 1702924570000296657
0249 1702924570000336849
0250 1702924570000376649
0251 1702924570000416848
0252 1702924570000456913
0253 1702924570000496758
0254 1702924570000536804
0255 1702924570000576910
0256 1702924570000616885
0257 1702924570000656832
0258 1702924570000696848
0259 1702924570000736816
0260 1702924570000776829
0261 1702924570000816778
0262 1702924570000856827
0263 1702924570000896847
0264 1702924570000936822
0265 1702924570000976899
0266 1702924571000016850
0267 1702924571000056733
0268 1702924571000096890
0269 1702924571000136812
0270 1702924571000176894
0271 1702924571000216830
0272 1702924571000256934
0273 1702924571000296815
0274 1702924571000336991
0275 1702924571000377000
0276 1702924571000416827
0277 1702924571000456907
0278 1702924571000497012
0279 1702924571000536807
0280 1702924571000576846
0281 1702924571000617004
0282 1702924571000656894
0283 1702924571000696911
0284 1702924571000736971
0285 1702924571000776860
0286 1702924571000816904
0287 1702924571000857087
0288 1702924571000896880
0289 1702924571000936976
0290 1702924571000976875
0291 1702924572000016911
0292 1702924572000057103
0293 1702924572000097057
0294 1702924572000136887
0295 1702924572000176857
0296 1702924572000217023
0297 1702924572000256964
0298 1702924572000296876
0299 1702924572000337006
0300 1702924572000376927
0301 1702924572000417044
0302 1702924572000457034
0303 1702924572000496929
0304 1702924572000536950
0305 1702924572000577096
0306 1702924572000617128
0307 1702924572000657060
0308 1702924572000697123
0309 1702924572000737127
0310 1702924572000777078
0311 1702924572000817001
0312 1702924572000857175
0313 1702924572000897125
0314 1702924572000937016
0315 1702924572000977132
0316 1702924573000017005
0317 1702924573000057097
0318 1702924573000097148
0319 1702924573000137179
0320 1702924573000177196
0321 1702924573000217131
0322 1702924573000257116
0323 1702924573000297241
0324 1702924573000337181
0325 1702924573000377092
0326 1702924573000417112
0327 1702924573000457224
0328 1702924573000497195
0329 1702924573000536995
0330 1702924573000577126
0331 1702924573000617142
0332 1702924573000657205
0333 1702924573000697253
0334 1702924573000737248
0335 1702924573000777192
0336 1702924573000817298
0337 1702924573000857234
0338 1702924573000897091
0339 1702924573000937240
0340 1702924573000977272
0341 1702924574000017049
0342 1702924574000057149
0343 1702924574000097137
0344 1702924574000137265
0345 1702924574000177208
0346 1702924574000217264
0347 1702924574000257335
0348 1702924574000297231
0349 1702924574000337275
0350 1702924574000377291
0351 1702924574000417367
0352 1702924574000457320
0353 1702924574000497261
0354 1702924574000537404
0355 1702924574000577225
0356 1702924574000617221
0357 1702924574000657321
0358 1702924574000697412
0359 1702924574000737250
0360 1702924574000777372
0361 1702924574000817317
0362 1702924574000857297
0363 1702924574000897323
0364 1702924574000937367
0365 1702924574000977440
0366 1702924575000017418
0367 1702924575000057369
0368 1702924575000097433
0369 1702924575000137281
0370 1702924575000177416
0371 1702924575000217361
0372 1702924575000257275
0373 1702924575000297311
0374 1702924575000337430
0375 1702924575000377327
0376 1702924575000417288
0377 1702924575000457508
0378 1702924575000497385
0379 1702924575000537395
0380 1702924575000577414
0381 1702924575000617426
0382 1702924575000657471
0383 1702924575000697410
0384 1702924575000737516
0385 1702924575000777413
0386 1702924575000817564
0387 1702924575000857335
0388 1702924575000897379
0389 1702924575000937445
0390 1702924575000977330
0391 1702924576000017523
0392 1702924576000057425
0393 1702924576000097564
0394 1702924576000137360
0395 1702924576000177543
0396 1702924576000217474
0397 1702924576000257352
0398 1702924576000297594
0399 1702924576000337541
0400 1702924576000377388
0401 1702924576000417452
0402 1702924576000457557
0403 1702924576000497607
0404 1702924576000537360
0405 1702924576000577409
0406 1702924576000617488
0407 1702924576000657418
0408 1702924576000697658
0409 1702924576000737440
0410 1702924576000777646
0411 1702924576000817580
0412 1702924576000857645
0413 1702924576000897431
0414 1702924576000937627
0415 1702924576000977555
0416 1702924577000017599
0417 1702924577000057527
0418 1702924577000097664
0419 1702924577000137606
0420 1702924577000177514
0421 1702924577000217519
0422 1702924577000257689
0423 1702924577000297564
0424 1702924577000337641
0425 1702924577000377613
0426 1702924577000417599
0427 1702924577000457600
0428 1702924577000497658
0429 1702924577000537592
0430 1702924577000577536
0431 1702924577000617595
0432 1702924577000657732
0433 1702924577000697663
0434 1702924577000737719
0435 1702924577000777702
0436 1702924577000817634
0437 1702924577000857702
0438 1702924577000897601
0439 1702924577000937601
0440 1702924577000977669
0441 1702924578000017677
0442 1702924578000057764
0443 1702924578000097620
0444 1702924578000137583
0445 1702924578000177693
0446 1702924578000217680
0447 1702924578000257667
0448 1702924578000297653
0449 1702924578000337774
0450 1702924578000377775
0451 1702924578000417789
0452 1702924578000457690
0453 1702924578000497818
0454 1702924578000537724
0455 1702924578000577685
0456 1702924578000617653
0457 1702924578000657844
0458 1702924578000697827
0459 1702924578000737859
0460 1702924578000777709
0461 1702924578000817751
0462 1702924578000857820
0463 1702924578000897666
0464 1702924578000937725
0465 1702924578000977738
0466 1702924579000017815
0467 1702924579000057735
0468 1702924579000097785
0469 1702924579000137706
0470 1702924579000177924
0471 1702924579000217952
0472 1702924579000257726
0473 1702924579000297900
0474 1702924579000337778
0475 1702924579000377743
0476 1702924579000417830
0477 1702924579000457967
0478 1702924579000497894
0479 1702924579000537760
0480 1702924579000577911
0481 1702924579000617980
0482 1702924579000657843
0483 1702924579000697820
0484 1702924579000737816
0485 1702924579000777769
0486 1702924579000817871
0487 1702924579000857930
0488 1702924579000897875
0489 1702924579000937883
0490 1702924579000977913
0491 1702924580000017975
0492 1702924580000057915
0493 1702924580000097993
0494 1702924580000137878
0495 1702924580000177876
0496 1702924580000218016
0497 1702924580000257909
0498 1702924580000297915
0499 1702924580000337974
0500 1702924580000377940
0501 1702924580000417958
0502 1702924580000457905
0503 1702924580000498028
0504 1702924580000538051
0505 1702924580000577975
0506 1702924580000618047
0507 1702924580000657988
0508 1702924580000698081
0509 1702924580000738071
0510 1702924580000778000
0511 1702924580000817971
0512 1702924580000858087
0513 1702924580000898007
0514 1702924580000937993
0515 1702924580000978089
0516 1702924581000017978
0517 1702924581000058034
0518 1702924581000098037
0519 1702924581000137999
0520 1702924581000177901
0521 1702924581000218023
0522 1702924581000258089
0523 1702924581000298061
0524 1702924581000338147
0525 1702924581000378038
0526 1702924581000418115
0527 1702924581000458043
0528 1702924581000498220
0529 1702924581000538077
0530 1702924581000578018
0531 1702924581000618000
0532 1702924581000658220
0533 1702924581000698112
0534 1702924581000738131
0535 1702924581000778023
0536 1702924581000818213
0537 1702924581000858065
0538 1702924581000898142
0539 1702924581000938251
0540 1702924581000978165
0541 1702924582000018189
0542 1702924582000058156
0543 1702924582000098153
0544 1702924582000138089
0545 1702924582000178051
0546 1702924582000218235
0547 1702924582000258174
0548 1702924582000298297
0549 1702924582000338168
0550 1702924582000378230
0551 1702924582000418212
0552 1702924582000458296
0553 1702924582000498155
0554 1702924582000538151
0555 1702924582000578113
0556 1702924582000618297
0557 1702924582000658249
0558 1702924582000698268
0559 1702924582000738142
0560 1702924582000778254
0561 1702924582000818315
0562 1702924582000858397
0563 1702924582000898290
0564 1702924582000938262
0565 1702924582000978343
0566 1702924583000018200
0567 1702924583000058196
0568 1702924583000098152
0569 1702924583000138384
0570 1702924583000178303
0571 1702924583000218200
0572 1702924583000258205
0573 1702924583000298424
0574 1702924583000338280
0575 1702924583000378254
0576 1702924583000418277
0577 1702924583000458399
0578 1702924583000498469
0579 1702924583000538212
0580 1702924583000578389
0581 1702924583000618406
0582 1702924583000658284
0583 1702924583000698458
0584 1702924583000738299
0585 1702924583000778333
0586 1702924583000818293
0587 1702924583000858348
0588 1702924583000898256
0589 1702924583000938407
0590 1702924583000978455
0591 1702924584000018430
0592 1702924584000058517
0593 1702924584000098278
0594 1702924584000138468
0595 1702924584000178275
0596 1702924584000218500
0597 1702924584000258347
0598 1702924584000298349
0599 1702924584000338441
0600 1702924584000378414
0601 1702924584000418406
0602 1702924584000458343
0603 1702924584000498350
0604 1702924584000538417
0605 1702924584000578332
0606 1702924584000618380
0607 1702924584000658511
0608 1702924584000698519
0609 1702924584000738375
0610 1702924584000778418
0611 1702924584000818486
0612 1702924584000858524
0613 1702924584000898535
0614 1702924584000938447
0615 1702924584000978491
0616 1702924585000018404
0617 1702924585000058522
0618 1702924585000098482
0619 1702924585000138495
0620 1702924585000178491
0621 1702924585000218608
0622 1702924585000258477
0623 1702924585000298501
0624 1702924585000338436
0625 1702924585000378522
0626 1702924585000418603
0627 1702924585000458502
0628 1702924585000498570
0629 1702924585000538484
0630 1702924585000578564
0631 1702924585000618466
0632 1702924585000658633
0633 1702924585000698699
0634 1702924585000738520
0635 1702924585000778506
0636 1702924585000818505
0637 1702924585000858638
0638 1702924585000898564
0639 1702924585000938604
0640 1702924585000978620
0641 1702924586000018547
0642 1702924586000058614
0643 1702924586000098677
0644 1702924586000138555
0645 1702924586000178585
0646 1702924586000218696
0647 1702924586000258656
0648 1702924586000298544
0649 1702924586000338620
0650 1702924586000378819
0651 1702924586000418597
0652 1702924586000458622
0653 1702924586000498647
0654 1702924586000538735
0655 1702924586000578641
0656 1702924586000618776
0657 1702924586000658804
0658 1702924586000698870
0659 1702924586000738718
0660 1702924586000778777
0661 1702924586000818792
0662 1702924586000858826
0663 1702924586000898747
0664 1702924586000938602
0665 1702924586000978700
0666 1702924587000018882
0667 1702924587000058789
0668 1702924587000098720
0669 1702924587000138744
0670 1702924587000178754
0671 1702924587000218915
0672 1702924587000258838
0673 1702924587000298762
0674 1702924587000338860
0675 1702924587000378768
0676 1702924587000418877
0677 1702924587000458788
0678 1702924587000498707
0679 1702924587000538902
0680 1702924587000578789
0681 1702924587000618765
0682 1702924587000658778
0683 1702924587000698756
0684 1702924587000738921
0685 1702924587000778936
0686 1702924587000818879
0687 1702924587000858802
0688 1702924587000898829
0689 1702924587000938818
0690 1702924587000978861
0691 1702924588000018828
0692 1702924588000058870
0693 1702924588000098896
0694 1702924588000138758
0695 1702924588000178840
0696 1702924588000218899
0697 1702924588000258807
0698 1702924588000298743
0699 1702924588000338899
0700 1702924588000378908
0701 1702924588000418836
0702 1702924588000458889
0703 1702924588000498902
0704 1702924588000538976
0705 1702924588000578995
0706 1702924588000618905
0707 1702924588000659085
0708 1702924588000698900
0709 1702924588000739042
0710 1702924588000778991
0711 1702924588000818870
0712 1702924588000858923
0713 1702924588000898951
0714 1702924588000938931
0715 1702924588000978961
0716 1702924589000018958
0717 1702924589000058952
0718 1702924589000099108
0719 1702924589000138976
0720 1702924589000179101
0721 1702924589000218910
0722 1702924589000259022
0723 1702924589000298989
0724 1702924589000338906
0725 1702924589000378981
0726 1702924589000419112
0727 1702924589000459102
0728 1702924589000499063
0729 1702924589000539015
0730 1702924589000578954
0731 1702924589000619052
0732 1702924589000659117
0733 1702924589000699028
0734 1702924589000738980
0735 1702924589000779033
0736 1702924589000819077
0737 1702924589000859024
0738 1702924589000899228
0739 1702924589000939017
0740 1702924589000978986
0741 1702924590000019078
0742 1702924590000059115
0743 1702924590000099024
0744 1702924590000139019
0745 1702924590000179209
0746 1702924590000219076
0747 1702924590000259112
0748 1702924590000299181
0749 1702924590000339199
0750 1702924590000379164
0751 1702924590000419211
0752 1702924590000459268
0753 1702924590000499244
0754 1702924590000539106
0755 1702924590000579290
0756 1702924590000619078
0757 1702924590000659252
0758 1702924590000699194
0759 1702924590000739183
0760 1702924590000779096
0761 1702924590000819119
0762 1702924590000859140
0763 1702924590000899187
0764 1702924590000939218
0765 1702924590000979295
0766 1702924591000019349
0767 1702924591000059134
0768 1702924591000099333
0769 1702924591000139171
0770 1702924591000179334
0771 1702924591000219323
0772 1702924591000259226
0773 1702924591000299340
0774 1702924591000339369
0775 1702924591000379319
0776 1702924591000419247
0777 1702924591000459244
0778 1702924591000499430
0779 1702924591000539320
0780 1702924591000579326
0781 1702924591000619319
0782 1702924591000659269
0783 1702924591000699212
0784 1702924591000739424
0785 1702924591000779420
0786 1702924591000819289
0787 1702924591000859297
0788 1702924591000899279
0789 1702924591000939391
0790 1702924591000979360
0791 1702924592000019363
0792 1702924592000059301
0793 1702924592000099357
0794 1702924592000139328
0795 1702924592000179428
0796 1702924592000219382
0797 1702924592000259296
0798 1702924592000299345
0799 1702924592000339312
0800 1702924592000379289
0801 1702924592000419325
0802 1702924592000459404
0803 1702924592000499290
0804 1702924592000539387
0805 1702924592000579533
0806 1702924592000619427
0807 1702924592000659466
0808 1702924592000699307
0809 1702924592000739386
0810 1702924592000779421
0811 1702924592000819506
0812 1702924592000859333
0813 1702924592000899539
0814 1702924592000939500
0815 1702924592000979464
0816 1702924593000019551
0817 1702924593000059589
0818 1702924593000099449
0819 1702924593000139487
0820 1702924593000179440
0821 1702924593000219623
0822 1702924593000259496
0823 1702924593000299413
0824 1702924593000339409
0825 1702924593000379383
0826 1702924593000419450
0827 1702924593000459505
0828 1702924593000499514
0829 1702924593000539513
0830 1702924593000579393
0831 1702924593000619584
0832 1702924593000659409
0833 1702924593000699481
0834 1702924593000739648
0835 1702924593000779661
0836 1702924593000819454
0837 1702924593000859516
0838 1702924593000899496
0839 1702924593000939525
0840 1702924593000979658
0841 1702924594000019491
0842 1702924594000059504
0843 1702924594000099539
0844 1702924594000139710
0845 1702924594000179552
0846 1702924594000219573
0847 1702924594000259586
0848 1702924594000299702
0849 1702924594000339606
0850 1702924594000379616
0851 1702924594000419569
0852 1702924594000459690
0853 1702924594000499562
0854 1702924594000539700
0855 1702924594000579735
0856 1702924594000619739
0857 1702924594000659666
0858 1702924594000699636
0859 1702924594000739694
0860 1702924594000779764
0861 1702924594000819618
0862 1702924594000859561
0863 1702924594000899680
0864 1702924594000939632
0865 1702924594000979713
0866 1702924595000019616
0867 1702924595000059673
0868 1702924595000099702
0869 1702924595000139693
0870 1702924595000179788
0871 1702924595000219762
0872 1702924595000259683
0873 1702924595000299706
0874 1702924595000339834
0875 1702924595000379643
0876 1702924595000419801
0877 1702924595000459714
0878 1702924595000499736
0879 1702924595000539637
0880 1702924595000579823
0881 1702924595000619742
0882 1702924595000659659
0883 1702924595000699899
0884 1702924595000739708
0885 1702924595000779914
0886 1702924595000819785
0887 1702924595000859759
0888 1702924595000899737
0889 1702924595000939927
0890 1702924595000979845
0891 1702924596000019755
0892 1702924596000059828
0893 1702924596000099756
0894 1702924596000139886
0895 1702924596000179755
0896 1702924596000219931
0897 1702924596000259907
0898 1702924596000299825
0899 1702924596000339792
0900 1702924596000379858
0901 1702924596000419873
0902 1702924596000459820
0903 1702924596000499759
0904 1702924596000539819
0905 1702924596000579876
0906 1702924596000619840
0907 1702924596000659860
0908 1702924596000699934
0909 1702924596000740034
0910 1702924596000779953
0911 1702924596000819991
0912 1702924596000859866
0913 1702924596000899931
0914 1702924596000939869
0915 1702924596000979839
0916 1702924597000019895
0917 1702924597000059960
0918 1702924597000099928
0919 1702924597000139938
0920 1702924597000179896
0921 1702924597000220089
0922 1702924597000259955
0923 1702924597000299892
0924 1702924597000339958
0925 1702924597000380105
0926 1702924597000419898
0927 1702924597000459954
0928 1702924597000500116
0929 1702924597000540047
0930 1702924597000579931
0931 1702924597000619997
0932 1702924597000660042
0933 1702924597000700008
0934 1702924597000739956
0935 1702924597000780028
0936 1702924597000819952
0937 1702924597000859901
0938 1702924597000900144
0939 1702924597000940044
0940 1702924597000980063
0941 1702924598000020090
0942 1702924598000060142
0943 1702924598000100044
0944 1702924598000140107
0945 1702924598000180053
0946 1702924598000220070
0947 1702924598000260015
0948 1702924598000300126
0949 1702924598000340009
0950 1702924598000379963
0951 1702924598000420022
0952 1702924598000460124
0953 1702924598000500154
0954 1702924598000540004
0955 1702924598000580083
0956 1702924598000620202
0957 1702924598000660094
0958 1702924598000700135
0959 1702924598000740152
0960 1702924598000780219
0961 1702924598000820006
0962 1702924598000860170
0963 1702924598000900138
0964 1702924598000940154
0965 1702924598000980160
0966 1702924599000020122
0967 1702924599000060156
0968 1702924599000100163
0969 1702924599000140049
0970 1702924599000180130
0971 1702924599000220317
0972 1702924599000260170
0973 1702924599000300230
0974 1702924599000340175
0975 1702924599000380289
0976 1702924599000420218
0977 1702924599000460119
0978 1702924599000500265
0979 1702924599000540250
0980 1702924599000580290
0981 1702924599000620345
0982 1702924599000660238
0983 1702924599000700241
0984 1702924599000740250
0985 1702924599000780180
0986 1702924599000820240
0987 1702924599000860357
0988 1702924599000900201
0989 1702924599000940335
0990 1702924599000980351
0991 1702924600000020376
0992 1702924600000060383
0993 1702924600000100392
0994 1702924600000140268
0995 1702924600000180329
0996 1702924600000220383
0997 1702924600000260404
0998 1702924600000300260
0999 1702924600000340236
1000 1702924600000380256
1001 1702924600000420361
1002 1702924600000460291
1003 1702924600000500318
1004 1702924600000540336
1005 1702924600000580339
1006 1702924600000620479
1007 1702924600000660309
1008 1702924600000700413
1009 1702924600000740334
1010 1702924600000780330
1011 1702924600000820342
1012 1702924600000860375
1013 1702924600000900445
1014 1702924600000940340
1015 1702924600000980306
1016 1702924601000020426
1017 1702924601000060332
1018 1702924601000100341
1019 1702924601000140343
1020 1702924601000180403
1021 1702924601000220305
1022 1702924601000260483
1023 1702924601000300401
1024 1702924601000340402
1025 1702924601000380487
1026 1702924601000420385
1027 1702924601000460526
1028 1702924601000500428
1029 1702924601000540629
1030 1702924601000580506
1031 1702924601000620447
1032 1702924601000660601
1033 1702924601000700410
1034 1702924601000740444
1035 1702924601000780452
1036 1702924601000810042
1037 1702924601000850006
1038 1702924601000890076
1039 1702924601000929852
1040 1702924601000970016
1041 1702924602000009978
1042 1702924602000049936
1043 1702924602000089995
1044 1702924602000130039
1045 1702924602000170115
1046 1702924602000210132
1047 1702924602000249963
1048 1702924602000290022
1049 1702924602000330059
1050 1702924602000370116
1051 1702924602000409965
1052 1702924602000449953
1053 1702924602000490004
1054 1702924602000530019
1055 1702924602000569989
1056 1702924602000610090
1057 1702924602000650092
1058 1702924602000690008
1059 1702924602000730135
1060 1702924602000770083
1061 1702924602000810108
1062 1702924602000850017
1063 1702924602000890171
1064 1702924602000930189
1065 1702924602000970137
1066 1702924603000010290
1067 1702924603000050210
1068 1702924603000090213
1069 1702924603000130139
1070 1702924603000170174
1071 1702924603000210092
1072 1702924603000250117
1073 1702924603000290077
1074 1702924603000330205
1075 1702924603000370136
1076 1702924603000410101
1077 1702924603000450090
1078 1702924603000490178
1079 1702924603000530034
1080 1702924603000570277
1081 1702924603000610293
1082 1702924603000650275
1083 1702924603000690125
1084 1702924603000730286
1085 1702924603000770307
1086 1702924603000810178
1087 1702924603000850193
1088 1702924603000890287
1089 1702924603000930223
1090 1702924603000970302
1091 1702924604000010160
1092 1702924604000050266
1093 1702924604000090195
1094 1702924604000130129
1095 1702924604000170235
1096 1702924604000210244
1097 1702924604000250318
1098 1702924604000290250
1099 1702924604000330189
1100 1702924604000370209
1101 1702924604000410226
1102 1702924604000450310
1103 1702924604000490250
1104 1702924604000530313
1105 1702924604000570310
1106 1702924604000610211
1107 1702924604000650304
1108 1702924604000690251
1109 1702924604000730282
1110 1702924604000770253
1111 1702924604000810396
1112 1702924604000850190
1113 1702924604000890297
1114 1702924604000930326
1115 1702924604000970224
1116 1702924605000010393
1117 1702924605000050358
1118 1702924605000090350
1119 1702924605000130322
1120 1702924605000170282
1121 1702924605000210435
1122 1702924605000250455
1123 1702924605000290371
1124 1702924605000330465
1125 1702924605000370502
1126 1702924605000410514
1127 1702924605000450382
1128 1702924605000490507
1129 1702924605000530432
1130 1702924605000570350
1131 1702924605000610378
1132 1702924605000650474
1133 1702924605000690501
1134 1702924605000730323
1135 1702924605000770497
1136 1702924605000810436
1137 1702924605000850440
1138 1702924605000890396
1139 1702924605000930497
1140 1702924605000970423
1141 1702924606000010349
1142 1702924606000050610
1143 1702924606000090433
1144 1702924606000130628
1145 1702924606000170518
1146 1702924606000210511
1147 1702924606000250589
1148 1702924606000290584
1149 1702924606000330482
1150 1702924606000370469
1151 1702924606000410610
1152 1702924606000450424
1153 1702924606000490444
1154 1702924606000530637
1155 1702924606000570502
1156 1702924606000610520
1157 1702924606000650632
1158 1702924606000690604
1159 1702924606000730573
1160 1702924606000770567
1161 1702924606000810535
1162 1702924606000850588
1163 1702924606000890545
1164 1702924606000930584
1165 1702924606000970592
1166 1702924607000010637
1167 1702924607000050602
1168 1702924607000090548
1169 1702924607000130613
1170 1702924607000170608
1171 1702924607000210690
1172 1702924607000250596
1173 1702924607000290567
1174 1702924607000330632
1175 1702924607000370717
1176 1702924607000410603
1177 1702924607000450676
1178 1702924607000490679
1179 1702924607000530669
1180 1702924607000570598
1181 1702924607000610768
1182 1702924607000650621
1183 1702924607000690706
1184 1702924607000730588
1185 1702924607000770646
1186 1702924607000810782
1187 1702924607000850776
1188 1702924607000890787
1189 1702924607000930807
1190 1702924607000970702
1191 1702924608000010776
1192 1702924608000050887
1193 1702924608000090714
1194 1702924608000130755
1195 1702924608000170710
1196 1702924608000210787
1197 1702924608000250718
1198 1702924608000290751
1199 1702924608000330839
1200 1702924608000370769
1201 1702924608000410808
1202 1702924608000450756
1203 1702924608000490753
1204 1702924608000530893
1205 1702924608000570883
1206 1702924608000610855
1207 1702924608000650758
1208 1702924608000690763
1209 1702924608000730899
1210 1702924608000770743
1211 1702924608000810834
1212 1702924608000850830
1213 1702924608000890805
1214 1702924608000930956
1215 1702924608000970850
1216 1702924609000010814
1217 1702924609000050783
1218 1702924609000090885
1219 1702924609000130813
1220 1702924609000170928
1221 1702924609000210826
1222 1702924609000250858
1223 1702924609000290985
1224 1702924609000331004
1225 1702924609000370986
1226 1702924609000410926
1227 1702924609000450735
1228 1702924609000490917
1229 1702924609000530923
1230 1702924609000570857
1231 1702924609000610795
1232 1702924609000651004
1233 1702924609000690903
1234 1702924609000731073
1235 1702924609000770935
1236 1702924609000811000
1237 1702924609000850931
1238 1702924609000890882
1239 1702924609000930952
1240 1702924609000970871
1241 1702924610000011121
1242 1702924610000051010
1243 1702924610000090953
1244 1702924610000131012
1245 1702924610000170999
1246 1702924610000210863
1247 1702924610000250958
1248 1702924610000291068
1249 1702924610000331020
1250 1702924610000370878
1251 1702924610000410948
1252 1702924610000450961
1253 1702924610000490945
1254 1702924610000530979
1255 1702924610000571005
1256 1702924610000610897
1257 1702924610000651001
1258 1702924610000691088
1259 1702924610000731052
1260 1702924610000771142
1261 1702924610000811062
1262 1702924610000851110
1263 1702924610000891054
1264 1702924610000931142
1265 1702924610000971128
1266 1702924611000011102
1267 1702924611000051136
1268 1702924611000091157
1269 1702924611000131162
1270 1702924611000171083
1271 1702924611000211172
1272 1702924611000251140
1273 1702924611000291199
1274 1702924611000331011
1275 1702924611000371127
1276 1702924611000411116
1277 1702924611000451131
1278 1702924611000491169
1279 1702924611000531270
1280 1702924611000571078
1281 1702924611000611258
1282 1702924611000651160
1283 1702924611000691178
1284 1702924611000730993
1285 1702924611000771161
1286 1702924611000811163
1287 1702924611000851306
1288 1702924611000891162
1289 1702924611000931211
1290 1702924611000971164
1291 1702924612000011250
1292 1702924612000051285
1293 1702924612000091308
1294 1702924612000131206
1295 1702924612000171317
1296 1702924612000211169
1297 1702924612000251207
1298 1702924612000291236
1299 1702924612000331280
1300 1702924612000371244
1301 1702924612000411111
1302 1702924612000451282
1303 1702924612000491183
1304 1702924612000531287
1305 1702924612000571188
1306 1702924612000611260
1307 1702924612000651270
1308 1702924612000691242
1309 1702924612000731220
1310 1702924612000771294
1311 1702924612000811482
1312 1702924612000851254
1313 1702924612000891303
1314 1702924612000931189
1315 1702924612000971383
1316 1702924613000011378
1317 1702924613000051462
1318 1702924613000091298
1319 1702924613000131261
1320 1702924613000171280
1321 1702924613000211361
1322 1702924613000251410
1323 1702924613000291298
1324 1702924613000331409
1325 1702924613000371367
1326 1702924613000411363
1327 1702924613000451448
1328 1702924613000491423
1329 1702924613000531480
1330 1702924613000571413
1331 1702924613000611313
1332 1702924613000651339
1333 1702924613000691408
1334 1702924613000731420
1335 1702924613000771434
1336 1702924613000811378
1337 1702924613000851446
1338 1702924613000891419
1339 1702924613000931334
1340 1702924613000971452
1341 1702924614000011510
1342 1702924614000051501
1343 1702924614000091386
1344 1702924614000131547
1345 1702924614000171537
1346 1702924614000211355
1347 1702924614000251598
1348 1702924614000291461
1349 1702924614000331450
1350 1702924614000371554
1351 1702924614000411500
1352 1702924614000451633
1353 1702924614000491432
1354 1702924614000531650
1355 1702924614000571624
1356 1702924614000611657
1357 1702924614000651395
1358 1702924614000691533
1359 1702924614000731547
1360 1702924614000771472
1361 1702924614000811448
1362 1702924614000851608
1363 1702924614000891583
1364 1702924614000931528
1365 1702924614000971579
1366 1702924615000011451
1367 1702924615000051427
1368 1702924615000091570
1369 1702924615000131733
1370 1702924615000171492
1371 1702924615000211700
1372 1702924615000251620
1373 1702924615000291673
1374 1702924615000331607
1375 1702924615000371676
1376 1702924615000411564
1377 1702924615000451718
1378 1702924615000491491
1379 1702924615000531635
1380 1702924615000571729
1381 1702924615000611692
1382 1702924615000651572
1383 1702924615000691631
1384 1702924615000731601
1385 1702924615000771727
1386 1702924615000811531
1387 1702924615000851739
1388 1702924615000891533
1389 1702924615000931570
1390 1702924615000971593
1391 1702924616000011659
1392 1702924616000051639
1393 1702924616000091567
1394 1702924616000131649
1395 1702924616000171744
1396 1702924616000211699
1397 1702924616000251685
1398 1702924616000291725
1399 1702924616000331715
1400 1702924616000371693
1401 1702924616000411732
1402 1702924616000451705
1403 1702924616000491749
1404 1702924616000531756
1405 1702924616000571658
1406 1702924616000611671
1407 1702924616000651740
1408 1702924616000691717
1409 1702924616000731745
1410 1702924616000771822
1411 1702924616000811769
1412 1702924616000851714
1413 1702924616000891659
1414 1702924616000931800
1415 1702924616000971807
1416 1702924617000011750
1417 1702924617000051798
1418 1702924617000091708
1419 1702924617000131819
1420 1702924617000171716
1421 1702924617000211747
1422 1702924617000251857
1423 1702924617000291771
1424 1702924617000331711
1425 1702924617000371831
1426 1702924617000411756
1427 1702924617000451821
1428 1702924617000491804
1429 1702924617000531954
1430 1702924617000571945
1431 1702924617000611735
1432 1702924617000651860
1433 1702924617000691736
1434 1702924617000731830
1435 1702924617000771805
1436 1702924617000811851
1437 1702924617000851838
1438 1702924617000891841
1439 1702924617000931819
1440 1702924617000971915
1441 1702924618000011897
1442 1702924618000051857
1443 1702924618000091828
1444 1702924618000131927
1445 1702924618000171914
1446 1702924618000212031
1447 1702924618000251886
1448 1702924618000291854
1449 1702924618000331820
1450 1702924618000371954
1451 1702924618000411813
1452 1702924618000452013
1453 1702924618000491980
1454 1702924618000531861
1455 1702924618000572087
1456 1702924618000611923
1457 1702924618000651919
1458 1702924618000692087
1459 1702924618000732064
1460 1702924618000771930
1461 1702924618000812077
1462 1702924618000851972
1463 1702924618000892076
1464 1702924618000932034
1465 1702924618000972049
1466 1702924619000012111
1467 1702924619000052066
1468 1702924619000092097
1469 1702924619000132015
1470 1702924619000172002
1471 1702924619000212067
1472 1702924619000251974
1473 1702924619000292085
1474 1702924619000332134
1475 1702924619000372058
1476 1702924619000412021
1477 1702924619000451991
1478 1702924619000492110
1479 1702924619000531927
1480 1702924619000572069
1481 1702924619000612084
1482 1702924619000652144
1483 1702924619000692158
1484 1702924619000732146
1485 1702924619000772113
1486 1702924619000812185
1487 1702924619000852073
1488 1702924619000892129
1489 1702924619000932050
1490 1702924619000972066
1491 1702924620000012164
1492 1702924620000052105
1493 1702924620000092221
1494 1702924620000132046
1495 1702924620000172257
1496 1702924620000212252
1497 1702924620000252122
1498 1702924620000292193
1499 1702924620000332107
1500 1702924620000372060
