0 1702923713000320 41.214063 1.724785 54.509000
1 1702923714259999 41.214063 1.724785 54.509000
0 1702923715000640 41.214063 1.724785 54.509001
1 1702923715009999 41.214063 1.724785 54.509000
0 1702923716000840 41.214063 1.724786 54.508999
1 1702923716009999 41.214062 1.724784 54.498000
0 1702923717000920 41.214063 1.724786 54.508976
1 1702923717009999 41.214060 1.724779 54.492000
0 1702923718000920 41.214063 1.724786 54.508805
1 1702923718009999 41.214055 1.724772 54.502000
0 1702923719000960 41.214063 1.724785 54.508345
1 1702923719009999 41.214048 1.724764 54.523000
0 1702923720000920 41.214063 1.724784 54.507698
1 1702923720010000 41.214040 1.724758 54.541000
0 1702923721000880 41.214064 1.724783 54.506913
1 1702923721010000 41.214031 1.724754 54.530000
0 1702923722000920 41.214064 1.724782 54.506217
1 1702923722009999 41.214020 1.724752 54.491000
0 1702923723000920 41.214065 1.724781 54.505724
1 1702923723009999 41.214009 1.724752 54.471000
0 1702923724000800 41.214065 1.724780 54.505311
1 1702923724009999 41.213996 1.724755 54.484000
0 1702923725000000 41.214065 1.724780 54.505223
1 1702923725000000 41.213982 1.724760 54.487000
0 1702923725000880 41.214066 1.724780 54.504838
1 1702923725009999 41.213982 1.724760 54.487000
0 1702923726000960 41.214066 1.724779 54.504345
1 1702923726009999 41.213967 1.724766 54.455000
0 1702923727000880 41.214066 1.724779 54.503829
1 1702923727009999 41.213953 1.724774 54.427000
0 1702923728000880 41.214067 1.724779 54.503016
1 1702923728009999 41.213939 1.724786 54.421000
0 1702923729000960 41.214069 1.724780 54.501945
1 1702923729009999 41.213928 1.724802 54.422000
0 1702923730000960 41.214071 1.724782 54.500913
1 1702923730009999 41.213922 1.724822 54.390000
0 1702923731000930 41.214074 1.724786 54.499967
1 1702923731009999 41.213921 1.724845 54.374000
0 1702923732000890 41.214076 1.724790 54.499199
1 1702923732009999 41.213925 1.724872 54.395000
0 1702923733000890 41.214078 1.724795 54.498542
1 1702923733009999 41.213934 1.724902 54.401000
0 1702923734000930 41.214080 1.724799 54.498047
1 1702923734009999 41.213944 1.724933 54.367000
0 1702923735000930 41.214081 1.724804 54.497853
1 1702923735009999 41.213957 1.724968 54.333000
0 1702923736000850 41.214081 1.724812 54.497476
1 1702923736010000 41.213971 1.725006 54.298000
0 1702923737000890 41.214078 1.724829 54.496286
1 1702923737010000 41.213986 1.725046 54.279000
0 1702923738000970 41.214078 1.724829 54.496201
1 1702923738010000 41.214001 1.725086 54.262000
0 1702923739000970 41.214078 1.724830 54.496083
1 1702923739010000 41.214015 1.725126 54.244000
0 1702923740000970 41.214078 1.724830 54.495984
1 1702923740010000 41.214029 1.725165 54.236000
0 1702923741000930 41.214077 1.724830 54.495902
1 1702923741010000 41.214043 1.725204 54.217000
0 1702923742000850 41.214077 1.724831 54.495835
1 1702923742010000 41.214056 1.725242 54.204000
0 1702923743000890 41.214077 1.724831 54.495777
1 1702923743010000 41.214069 1.725276 54.203000
0 1702923744000970 41.214077 1.724831 54.495717
1 1702923744010000 41.214080 1.725304 54.183000
0 1702923745000930 41.214077 1.724833 54.495700
1 1702923745010000 41.214096 1.725326 54.176000
0 1702923746000930 41.214077 1.724835 54.495742
1 1702923746010000 41.214117 1.725336 54.182000
0 1702923747000970 41.214077 1.724838 54.495844
1 1702923747010000 41.214144 1.725333 54.204000
0 1702923748000970 41.214077 1.724839 54.495898
1 1702923748010000 41.214168 1.725319 54.263000
0 1702923749000770 41.214077 1.724840 54.495915
1 1702923749010000 41.214189 1.725305 54.316000
0 1702923750000970 41.214077 1.724841 54.496036
1 1702923750010000 41.214210 1.725287 54.351000
0 1702923751000930 41.214078 1.724844 54.496300
1 1702923751010000 41.214222 1.725260 54.376000
0 1702923752000930 41.214079 1.724848 54.496667
1 1702923752009999 41.214221 1.725222 54.379000
0 1702923753000930 41.214079 1.724851 54.496963
1 1702923753009999 41.214210 1.725179 54.389000
0 1702923754000930 41.214080 1.724853 54.497229
1 1702923754009999 41.214194 1.725133 54.412000
0 1702923755000810 41.214080 1.724855 54.497427
1 1702923755009999 41.214178 1.725087 54.450000
0 1702923756000970 41.214081 1.724858 54.497709
1 1702923756009999 41.214160 1.725039 54.460000
0 1702923757000970 41.214081 1.724860 54.497966
1 1702923757009999 41.214142 1.724990 54.491000
0 1702923758000970 41.214082 1.724863 54.498225
1 1702923758009999 41.214124 1.724938 54.489000
0 1702923759000930 41.214082 1.724865 54.498463
1 1702923759009999 41.214107 1.724885 54.502000
0 1702923760000970 41.214083 1.724868 54.498751
1 1702923760009999 41.214090 1.724833 54.545000
0 1702923761000970 41.214084 1.724872 54.499263
1 1702923761009999 41.214073 1.724788 54.563000
0 1702923762000930 41.214086 1.724879 54.500076
1 1702923762009999 41.214047 1.724758 54.564000
0 1702923763000930 41.214089 1.724887 54.501123
1 1702923763009999 41.214013 1.724751 54.550000
0 1702923764000970 41.214091 1.724895 54.502177
1 1702923764009999 41.213980 1.724763 54.531000
0 1702923765000930 41.214096 1.724906 54.503703
1 1702923765009999 41.213950 1.724786 54.507000
0 1702923766000970 41.214102 1.724921 54.505906
1 1702923766009999 41.213930 1.724823 54.446000
0 1702923767000970 41.214111 1.724938 54.508401
1 1702923767009999 41.213927 1.724872 54.373000
0 1702923768000890 41.214115 1.724947 54.509888
1 1702923768009999 41.213938 1.724923 54.355000
0 1702923769000890 41.214119 1.724955 54.511076
1 1702923769009999 41.213957 1.724976 54.346000
0 1702923770000930 41.214124 1.724965 54.512650
1 1702923770009999 41.213977 1.725028 54.326000
0 1702923771000970 41.214125 1.724969 54.513223
1 1702923771009999 41.213997 1.725080 54.294000
0 1702923772000890 41.214126 1.724970 54.513394
1 1702923772009999 41.214017 1.725130 54.271000
0 1702923773000530 41.214127 1.724971 54.513629
1 1702923773009999 41.214035 1.725180 54.275000
0 1702923774000130 41.214127 1.724972 54.513777
1 1702923774009999 41.214053 1.725231 54.255000
0 1702923775000930 41.214129 1.724976 54.514410
1 1702923775009999 41.214069 1.725279 54.215000
0 1702923776000930 41.214140 1.724982 54.515510
1 1702923776009999 41.214092 1.725317 54.185000
0 1702923777000810 41.214146 1.724990 54.516958
1 1702923777009999 41.214123 1.725334 54.219000
0 1702923778000610 41.214149 1.724997 54.518093
1 1702923778009999 41.214153 1.725326 54.257000
0 1702923779000930 41.214154 1.725003 54.519562
1 1702923779009999 41.214182 1.725308 54.288000
0 1702923780000970 41.214202 1.725070 54.531533
1 1702923780010000 41.214206 1.725285 54.334000
0 1702923781000930 41.214279 1.725206 54.554018
1 1702923781010000 41.214219 1.725253 54.361000
0 1702923782000930 41.214322 1.725285 54.567102
1 1702923782009999 41.214217 1.725217 54.352000
0 1702923783000930 41.214357 1.725350 54.577675
1 1702923783009999 41.214206 1.725176 54.391000
0 1702923784000850 41.214390 1.725412 54.587833
1 1702923784009999 41.214192 1.725132 54.464000
0 1702923785000970 41.214428 1.725486 54.600009
1 1702923785009999 41.214175 1.725083 54.471000
0 1702923786000930 41.214464 1.725560 54.611929
1 1702923786009999 41.214155 1.725027 54.468000
0 1702923787000930 41.214509 1.725646 54.626106
1 1702923787009999 41.214133 1.724965 54.476000
0 1702923788000930 41.214554 1.725729 54.639739
1 1702923788009999 41.214111 1.724901 54.491000
0 1702923789000890 41.214591 1.725796 54.650819
1 1702923789009999 41.214090 1.724841 54.531000
0 1702923790000930 41.214643 1.725881 54.665012
1 1702923790009999 41.214072 1.724792 54.560000
0 1702923791000970 41.214745 1.726019 54.688630
1 1702923791009999 41.214050 1.724758 54.568000
0 1702923792000890 41.214864 1.726166 54.713854
1 1702923792009999 41.214024 1.724748 54.561000
0 1702923793000970 41.215026 1.726353 54.746836
1 1702923793009999 41.213995 1.724755 54.561000
0 1702923794000690 41.215047 1.726377 54.751164
1 1702923794009999 41.213967 1.724769 54.531000
0 1702923795000930 41.215096 1.726427 54.760382
1 1702923795009999 41.213941 1.724791 54.515000
0 1702923796000930 41.215170 1.726492 54.772254
1 1702923796010000 41.213925 1.724825 54.497000
0 1702923797000930 41.215232 1.726545 54.781894
1 1702923797010000 41.213925 1.724867 54.410000
0 1702923798000930 41.215283 1.726588 54.789720
1 1702923798010000 41.213937 1.724912 54.361000
0 1702923799000890 41.215326 1.726624 54.796405
1 1702923799010000 41.213954 1.724959 54.336000
0 1702923800000930 41.215372 1.726663 54.803634
1 1702923800010000 41.213974 1.725009 54.335000
0 1702923801000890 41.215413 1.726697 54.809958
1 1702923801010000 41.213995 1.725062 54.305000
0 1702923802000970 41.215453 1.726732 54.816331
1 1702923802010000 41.214015 1.725114 54.288000
0 1702923803000890 41.215486 1.726760 54.821439
1 1702923803010000 41.214033 1.725162 54.281000
0 1702923804000850 41.215516 1.726786 54.826289
1 1702923804010000 41.214048 1.725208 54.247000
0 1702923805000930 41.215550 1.726814 54.831473
1 1702923805010000 41.214063 1.725253 54.249000
0 1702923806000930 41.215596 1.726848 54.837823
1 1702923806010000 41.214079 1.725295 54.225000
0 1702923807000890 41.215671 1.726896 54.846766
1 1702923807010000 41.214102 1.725327 54.228000
0 1702923808000970 41.215780 1.726958 54.858340
1 1702923808010000 41.214131 1.725334 54.241000
0 1702923809000860 41.215843 1.726991 54.864722
1 1702923809010000 41.214159 1.725323 54.259000
0 1702923810000980 41.215854 1.726997 54.865824
1 1702923810010000 41.214185 1.725307 54.301000
0 1702923811000980 41.215884 1.727008 54.868114
1 1702923811010000 41.214209 1.725288 54.330000
0 1702923812000940 41.215923 1.727021 54.870647
1 1702923812009999 41.214221 1.725261 54.342000
0 1702923813000980 41.215955 1.727032 54.872700
1 1702923813009999 41.214221 1.725231 54.351000
0 1702923814000860 41.215974 1.727039 54.873947
1 1702923814009999 41.214215 1.725201 54.352000
0 1702923815000940 41.215996 1.727045 54.875244
1 1702923815009999 41.214207 1.725173 54.318000
0 1702923816000900 41.216014 1.727051 54.876316
1 1702923816009999 41.214198 1.725146 54.323000
0 1702923817000980 41.216035 1.727057 54.877531
1 1702923817009999 41.214188 1.725117 54.357000
0 1702923818000900 41.216054 1.727063 54.878659
1 1702923818009999 41.214176 1.725086 54.388000
0 1702923819000900 41.216075 1.727069 54.879903
1 1702923819009999 41.214164 1.725051 54.458000
0 1702923820000940 41.216099 1.727077 54.881341
1 1702923820009999 41.214151 1.725016 54.475000
0 1702923821000820 41.216121 1.727083 54.882570
1 1702923821009999 41.214137 1.724979 54.494000
0 1702923822000940 41.216147 1.727091 54.884078
1 1702923822009999 41.214123 1.724941 54.504000
0 1702923823000820 41.216166 1.727096 54.885214
1 1702923823009999 41.214109 1.724905 54.519000
0 1702923824000740 41.216184 1.727102 54.886222
1 1702923824009999 41.214095 1.724869 54.517000
0 1702923825000980 41.216198 1.727106 54.887089
1 1702923825009999 41.214085 1.724842 54.531000
0 1702923826000940 41.216206 1.727108 54.887515
1 1702923826009999 41.214079 1.724824 54.536000
0 1702923827000460 41.216209 1.727109 54.887688
1 1702923827009999 41.214074 1.724812 54.553000
