0001 1688726078000156006
0002 1688726078000195975
0003 1688726078000236000
0004 1688726078000275986
0005 1688726078000316051
0006 1688726078000355973
0007 1688726078000395967
0008 1688726078000436074
0009 1688726078000475993
0010 1688726078000516031
0011 1688726078000556048
0012 1688726078000596057
0013 1688726078000636100
0014 1688726078000676124
0015 1688726078000716112
0016 1688726078000756048
0017 1688726078000796113
0018 1688726078000836032
0019 1688726078000876019
0020 1688726078000916032
0021 1688726078000956103
0022 1688726078000996100
0023 1688726079000036042
0024 1688726079000076051
0025 1688726079000116087
0026 1688726079000156358
0027 1688726079000196122
0028 1688726079000236140
0029 1688726079000276097
0030 1688726079000316144
0031 1688726079000356113
0032 1688726079000396198
0033 1688726079000436140
0034 1688726079000476189
0035 1688726079000516115
0036 1688726079000556215
0037 1688726079000596125
0038 1688726079000636162
0039 1688726079000676228
0040 1688726079000716149
0041 1688726079000756234
0042 1688726079000796177
0043 1688726079000836242
0044 1688726079000876237
0045 1688726079000916181
0046 1688726079000956281
0047 1688726079000996207
0048 1688726080000036299
0049 1688726080000076205
0050 1688726080000116314
0051 1688726080000156299
0052 1688726080000196260
0053 1688726080000236324
0054 1688726080000276238
0055 1688726080000316208
0056 1688726080000356280
0057 1688726080000396276
0058 1688726080000436244
0059 1688726080000476353
0060 1688726080000516330
0061 1688726080000556261
0062 1688726080000596314
0063 1688726080000636294
0064 1688726080000676374
0065 1688726080000716380
0066 1688726080000756338
0067 1688726080000796393
0068 1688726080000836308
0069 1688726080000876333
0070 1688726080000916340
0071 1688726080000956307
0072 1688726080000996330
0073 1688726081000036365
0074 1688726081000076427
0075 1688726081000116344
0076 1688726081000156397
0077 1688726081000196433
0078 1688726081000236434
0079 1688726081000276418
0080 1688726081000316426
0081 1688726081000356354
0082 1688726081000396394
0083 1688726081000436402
0084 1688726081000476459
0085 1688726081000516387
0086 1688726081000556421
0087 1688726081000596408
0088 1688726081000636506
0089 1688726081000676421
0090 1688726081000716480
0091 1688726081000756450
0092 1688726081000796500
0093 1688726081000836434
0094 1688726081000876534
0095 1688726081000916450
0096 1688726081000956460
0097 1688726081000996550
0098 1688726082000036544
0099 1688726082000076452
0100 1688726082000116459
0101 1688726082000156462
0102 1688726082000196514
0103 1688726082000236558
0104 1688726082000276515
0105 1688726082000316591
0106 1688726082000356532
0107 1688726082000396497
0108 1688726082000436509
0109 1688726082000476502
0110 1688726082000516619
0111 1688726082000556537
0112 1688726082000596527
0113 1688726082000636562
0114 1688726082000676597
0115 1688726082000716545
0116 1688726082000756611
0117 1688726082000796609
0118 1688726082000836588
0119 1688726082000876603
0120 1688726082000916656
0121 1688726082000956563
0122 1688726082000996611
0123 1688726083000036656
0124 1688726083000076577
0125 1688726083000116658
0126 1688726083000156624
0127 1688726083000196612
0128 1688726083000236708
0129 1688726083000276672
0130 1688726083000316687
0131 1688726083000356635
0132 1688726083000396629
0133 1688726083000436623
0134 1688726083000476728
0135 1688726083000516714
0136 1688726083000556700
0137 1688726083000596659
0138 1688726083000636692
0139 1688726083000676653
0140 1688726083000716692
0141 1688726083000756727
0142 1688726083000796719
0143 1688726083000836678
0144 1688726083000876679
0145 1688726083000916772
0146 1688726083000956737
0147 1688726083000996740
0148 1688726084000036755
0149 1688726084000076736
0150 1688726084000116751
0151 1688726084000156861
0152 1688726084000196728
0153 1688726084000236747
0154 1688726084000276722
0155 1688726084000316734
0156 1688726084000356743
0157 1688726084000396748
0158 1688726084000436799
0159 1688726084000476845
0160 1688726084000516804
0161 1688726084000556835
0162 1688726084000596790
0163 1688726084000636763
0164 1688726084000676821
0165 1688726084000716860
0166 1688726084000756790
0167 1688726084000796824
0168 1688726084000836809
0169 1688726084000876811
0170 1688726084000916843
0171 1688726084000956866
0172 1688726084000996855
0173 1688726085000036849
0174 1688726085000076892
0175 1688726085000116924
0176 1688726085000156889
0177 1688726085000196899
0178 1688726085000236909
0179 1688726085000276856
0180 1688726085000316945
0181 1688726085000356870
0182 1688726085000396896
0183 1688726085000436900
0184 1688726085000476867
0185 1688726085000516887
0186 1688726085000556900
0187 1688726085000596926
0188 1688726085000636969
0189 1688726085000677006
0190 1688726085000716904
0191 1688726085000756945
0192 1688726085000796995
0193 1688726085000836967
0194 1688726085000877028
0195 1688726085000917038
0196 1688726085000956930
0197 1688726085000996995
0198 1688726086000036972
0199 1688726086000077058
0200 1688726086000116959
0201 1688726086000156977
0202 1688726086000197011
0203 1688726086000237073
0204 1688726086000276984
0205 1688726086000316981
0206 1688726086000357072
0207 1688726086000397064
0208 1688726086000437065
0209 1688726086000477051
0210 1688726086000517074
0211 1688726086000557108
0212 1688726086000597025
0213 1688726086000637039
0214 1688726086000677031
0215 1688726086000717094
0216 1688726086000757072
0217 1688726086000797104
0218 1688726086000837120
0219 1688726086000877071
0220 1688726086000917069
0221 1688726086000957143
0222 1688726086000997106
0223 1688726087000037076
0224 1688726087000077097
0225 1688726087000117105
0226 1688726087000157188
0227 1688726087000197235
0228 1688726087000237188
0229 1688726087000277159
0230 1688726087000317198
0231 1688726087000357112
0232 1688726087000397149
0233 1688726087000437260
0234 1688726087000477201
0235 1688726087000517176
0236 1688726087000557146
0237 1688726087000597181
0238 1688726087000637246
0239 1688726087000677251
0240 1688726087000717175
0241 1688726087000757166
0242 1688726087000797218
0243 1688726087000837266
0244 1688726087000877236
0245 1688726087000917266
0246 1688726087000957312
0247 1688726087000997313
0248 1688726088000037255
0249 1688726088000077279
0250 1688726088000117214
0251 1688726088000157274
0252 1688726088000197292
0253 1688726088000237324
0254 1688726088000277340
0255 1688726088000317342
0256 1688726088000357266
0257 1688726088000397283
0258 1688726088000437344
0259 1688726088000477341
0260 1688726088000517366
0261 1688726088000557380
0262 1688726088000597420
0263 1688726088000637299
0264 1688726088000677383
0265 1688726088000717334
0266 1688726088000757339
0267 1688726088000797298
0268 1688726088000837398
0269 1688726088000877321
0270 1688726088000917335
0271 1688726088000957356
0272 1688726088000997429
0273 1688726089000037397
0274 1688726089000077353
0275 1688726089000117343
0276 1688726089000157352
0277 1688726089000197470
0278 1688726089000237374
0279 1688726089000277408
0280 1688726089000317387
0281 1688726089000357387
0282 1688726089000397481
0283 1688726089000437441
0284 1688726089000477385
0285 1688726089000517414
0286 1688726089000557427
0287 1688726089000597485
0288 1688726089000637416
0289 1688726089000677418
0290 1688726089000717475
0291 1688726089000757439
0292 1688726089000797443
0293 1688726089000837449
0294 1688726089000877472
0295 1688726089000917505
0296 1688726089000957518
0297 1688726089000997569
0298 1688726090000037530
0299 1688726090000077483
0300 1688726090000117552
0301 1688726090000157517
0302 1688726090000197481
0303 1688726090000237556
0304 1688726090000277542
0305 1688726090000317620
0306 1688726090000357606
0307 1688726090000397535
0308 1688726090000437584
0309 1688726090000477569
0310 1688726090000517619
0311 1688726090000557631
0312 1688726090000597651
0313 1688726090000637627
0314 1688726090000677569
0315 1688726090000717624
0316 1688726090000757654
0317 1688726090000797600
0318 1688726090000837674
0319 1688726090000877692
0320 1688726090000917608
0321 1688726090000957639
0322 1688726090000997677
0323 1688726091000037656
0324 1688726091000077641
0325 1688726091000117681
0326 1688726091000157646
0327 1688726091000197675
0328 1688726091000237613
0329 1688726091000277622
0330 1688726091000317721
0331 1688726091000357754
0332 1688726091000397661
0333 1688726091000437739
0334 1688726091000477761
0335 1688726091000517691
0336 1688726091000557754
0337 1688726091000597690
0338 1688726091000637793
0339 1688726091000677673
0340 1688726091000717808
0341 1688726091000757736
0342 1688726091000797804
0343 1688726091000837780
0344 1688726091000877779
0345 1688726091000917822
0346 1688726091000957803
0347 1688726091000997764
0348 1688726092000037767
0349 1688726092000077761
0350 1688726092000117838
0351 1688726092000157793
0352 1688726092000197845
0353 1688726092000237795
0354 1688726092000277779
0355 1688726092000317801
0356 1688726092000357759
0357 1688726092000397886
0358 1688726092000437894
0359 1688726092000477955
0360 1688726092000517882
0361 1688726092000557804
0362 1688726092000597909
0363 1688726092000637832
0364 1688726092000677848
0365 1688726092000717912
0366 1688726092000758004
0367 1688726092000797833
0368 1688726092000837906
0369 1688726092000877840
0370 1688726092000917854
0371 1688726092000957895
0372 1688726092000997858
0373 1688726093000037929
0374 1688726093000077925
0375 1688726093000117902
0376 1688726093000157893
0377 1688726093000197969
0378 1688726093000237946
0379 1688726093000277975
0380 1688726093000317994
0381 1688726093000357949
0382 1688726093000397938
0383 1688726093000437952
0384 1688726093000477985
0385 1688726093000518011
0386 1688726093000557914
0387 1688726093000597942
0388 1688726093000637915
0389 1688726093000677988
0390 1688726093000718022
0391 1688726093000758057
0392 1688726093000797998
0393 1688726093000838208
0394 1688726093000878002
0395 1688726093000918011
0396 1688726093000958066
0397 1688726093000998037
0398 1688726094000038032
0399 1688726094000078084
0400 1688726094000118042
0401 1688726094000158071
0402 1688726094000198021
0403 1688726094000238079
0404 1688726094000278051
0405 1688726094000318040
0406 1688726094000358029
0407 1688726094000398085
0408 1688726094000438065
0409 1688726094000478094
0410 1688726094000518070
0411 1688726094000558063
0412 1688726094000598139
0413 1688726094000638099
0414 1688726094000678120
0415 1688726094000718113
0416 1688726094000758089
0417 1688726094000798174
0418 1688726094000838111
0419 1688726094000878079
0420 1688726094000918177
0421 1688726094000958120
0422 1688726094000998104
0423 1688726095000038149
0424 1688726095000078211
0425 1688726095000118127
0426 1688726095000158199
0427 1688726095000198184
0428 1688726095000238240
0429 1688726095000278137
0430 1688726095000318432
0431 1688726095000358414
0432 1688726095000398165
0433 1688726095000438190
0434 1688726095000478166
0435 1688726095000518166
0436 1688726095000558181
0437 1688726095000598172
0438 1688726095000638253
0439 1688726095000678208
0440 1688726095000718292
0441 1688726095000758250
0442 1688726095000798292
0443 1688726095000838213
0444 1688726095000878254
0445 1688726095000918271
0446 1688726095000958306
0447 1688726095000998340
0448 1688726096000038317
0449 1688726096000078277
0450 1688726096000118344
0451 1688726096000158319
0452 1688726096000198281
0453 1688726096000238361
0454 1688726096000278351
0455 1688726096000318375
0456 1688726096000358318
0457 1688726096000398370
0458 1688726096000438337
0459 1688726096000478338
0460 1688726096000518395
0461 1688726096000558299
0462 1688726096000598353
0463 1688726096000638312
0464 1688726096000678384
0465 1688726096000718409
0466 1688726096000758403
0467 1688726096000798393
0468 1688726096000838391
0469 1688726096000878439
0470 1688726096000918343
0471 1688726096000958410
0472 1688726096000998351
0473 1688726097000038436
0474 1688726097000078436
0475 1688726097000118470
0476 1688726097000158476
0477 1688726097000198389
0478 1688726097000238480
0479 1688726097000278403
0480 1688726097000318505
0481 1688726097000358492
0482 1688726097000398499
0483 1688726097000438544
0484 1688726097000478490
0485 1688726097000518479
0486 1688726097000558450
0487 1688726097000598531
0488 1688726097000638444
0489 1688726097000678742
0490 1688726097000718559
0491 1688726097000758529
0492 1688726097000798546
0493 1688726097000838488
0494 1688726097000878491
0495 1688726097000918474
0496 1688726097000958573
0497 1688726097000998520
0498 1688726098000038515
0499 1688726098000078519
0500 1688726098000118795
0501 1688726098000158818
0502 1688726098000198826
0503 1688726098000238582
0504 1688726098000278521
0505 1688726098000318526
0506 1688726098000358530
0507 1688726098000398540
0508 1688726098000438569
0509 1688726098000478662
0510 1688726098000518615
0511 1688726098000558554
0512 1688726098000598578
0513 1688726098000638665
0514 1688726098000678619
0515 1688726098000718800
0516 1688726098000758651
0517 1688726098000798646
0518 1688726098000838639
0519 1688726098000878632
0520 1688726098000918623
0521 1688726098000958675
0522 1688726098000998616
0523 1688726099000038651
0524 1688726099000078753
0525 1688726099000118656
0526 1688726099000158752
0527 1688726099000198712
0528 1688726099000238712
0529 1688726099000278705
0530 1688726099000318759
0531 1688726099000358767
0532 1688726099000398703
0533 1688726099000438774
0534 1688726099000478760
0535 1688726099000518707
0536 1688726099000558709
0537 1688726099000598739
0538 1688726099000638755
0539 1688726099000678751
0540 1688726099000718746
0541 1688726099000758791
0542 1688726099000798743
0543 1688726099000838861
0544 1688726099000878789
0545 1688726099000918747
0546 1688726099000958755
0547 1688726099000998875
0548 1688726100000038779
0549 1688726100000078779
0550 1688726100000118877
0551 1688726100000158861
0552 1688726100000198846
0553 1688726100000238905
0554 1688726100000278846
0555 1688726100000318906
0556 1688726100000358888
0557 1688726100000398875
0558 1688726100000438858
0559 1688726100000478809
0560 1688726100000518916
0561 1688726100000558851
0562 1688726100000598903
0563 1688726100000638882
0564 1688726100000678858
0565 1688726100000718861
0566 1688726100000758957
0567 1688726100000798872
0568 1688726100000838947
0569 1688726100000878891
0570 1688726100000918929
0571 1688726100000958978
0572 1688726100000998994
0573 1688726101000038881
0574 1688726101000079045
0575 1688726101000119011
0576 1688726101000159003
0577 1688726101000198967
0578 1688726101000238981
0579 1688726101000279001
0580 1688726101000318933
0581 1688726101000358956
0582 1688726101000398967
0583 1688726101000439010
0584 1688726101000478982
0585 1688726101000519059
0586 1688726101000559003
0587 1688726101000598981
0588 1688726101000638969
0589 1688726101000679002
0590 1688726101000719095
0591 1688726101000758981
0592 1688726101000799035
0593 1688726101000839012
0594 1688726101000879010
0595 1688726101000919113
0596 1688726101000959020
0597 1688726101000999054
0598 1688726102000039023
0599 1688726102000079078
0600 1688726102000119117
0601 1688726102000159057
0602 1688726102000199100
0603 1688726102000239109
0604 1688726102000279142
0605 1688726102000319161
0606 1688726102000359170
0607 1688726102000399142
0608 1688726102000439098
0609 1688726102000479102
0610 1688726102000519195
0611 1688726102000559191
0612 1688726102000599166
0613 1688726102000639173
0614 1688726102000679155
0615 1688726102000719223
0616 1688726102000759129
0617 1688726102000799143
0618 1688726102000839137
0619 1688726102000879225
0620 1688726102000919196
0621 1688726102000959161
0622 1688726102000999179
0623 1688726103000039242
0624 1688726103000079186
0625 1688726103000119174
0626 1688726103000159249
0627 1688726103000199184
0628 1688726103000239239
0629 1688726103000279196
0630 1688726103000319240
0631 1688726103000359262
0632 1688726103000399269
0633 1688726103000439302
0634 1688726103000479287
0635 1688726103000519229
0636 1688726103000559315
0637 1688726103000599272
0638 1688726103000639305
0639 1688726103000679262
0640 1688726103000719320
0641 1688726103000759267
0642 1688726103000799237
0643 1688726103000839367
0644 1688726103000879253
0645 1688726103000919344
0646 1688726103000959321
0647 1688726103000999304
0648 1688726104000039295
0649 1688726104000079338
0650 1688726104000119348
0651 1688726104000159303
0652 1688726104000199326
0653 1688726104000239412
0654 1688726104000279342
0655 1688726104000319455
0656 1688726104000359315
0657 1688726104000399403
0658 1688726104000439359
0659 1688726104000479422
0660 1688726104000519451
0661 1688726104000559376
0662 1688726104000599430
0663 1688726104000639412
0664 1688726104000679528
0665 1688726104000719363
0666 1688726104000759454
0667 1688726104000799394
0668 1688726104000839376
0669 1688726104000879387
0670 1688726104000919440
0671 1688726104000959466
0672 1688726104000999418
0673 1688726105000039504
0674 1688726105000079453
0675 1688726105000119431
0676 1688726105000159436
0677 1688726105000199487
0678 1688726105000239571
0679 1688726105000279486
0680 1688726105000319503
0681 1688726105000359451
0682 1688726105000399456
0683 1688726105000439564
0684 1688726105000479558
0685 1688726105000519485
0686 1688726105000559509
0687 1688726105000599562
0688 1688726105000639498
0689 1688726105000679575
0690 1688726105000719527
0691 1688726105000759528
0692 1688726105000799625
0693 1688726105000839521
0694 1688726105000879537
0695 1688726105000919573
0696 1688726105000959550
0697 1688726105000999631
0698 1688726106000039567
0699 1688726106000079651
0700 1688726106000119567
0701 1688726106000159650
0702 1688726106000199570
0703 1688726106000239659
0704 1688726106000279638
0705 1688726106000319738
0706 1688726106000359662
0707 1688726106000399682
0708 1688726106000439620
0709 1688726106000479709
0710 1688726106000519652
0711 1688726106000559699
0712 1688726106000599714
0713 1688726106000639679
0714 1688726106000679615
0715 1688726106000719622
0716 1688726106000759744
0717 1688726106000799749
0718 1688726106000839662
0719 1688726106000879818
0720 1688726106000919728
0721 1688726106000959714
0722 1688726106000999713
0723 1688726107000039760
0724 1688726107000079722
0725 1688726107000119749
0726 1688726107000159791
0727 1688726107000199762
0728 1688726107000239771
0729 1688726107000279755
0730 1688726107000319727
0731 1688726107000359797
0732 1688726107000399820
0733 1688726107000439780
0734 1688726107000479778
0735 1688726107000519780
0736 1688726107000559816
0737 1688726107000599764
0738 1688726107000639826
0739 1688726107000679791
0740 1688726107000719842
0741 1688726107000759765
0742 1688726107000799795
0743 1688726107000839774
0744 1688726107000879805
0745 1688726107000919882
0746 1688726107000959792
0747 1688726107000999815
0748 1688726108000039827
0749 1688726108000079886
0750 1688726108000119862
0751 1688726108000159828
0752 1688726108000199914
0753 1688726108000239849
0754 1688726108000279997
0755 1688726108000319938
0756 1688726108000359832
0757 1688726108000399949
0758 1688726108000439905
0759 1688726108000479876
0760 1688726108000519964
0761 1688726108000559999
0762 1688726108000599979
0763 1688726108000639891
0764 1688726108000679889
0765 1688726108000719981
0766 1688726108000759886
0767 1688726108000799927
0768 1688726108000840053
0769 1688726108000879907
0770 1688726108000919944
0771 1688726108000959985
0772 1688726109000000028
0773 1688726109000039955
0774 1688726109000079932
0775 1688726109000119949
0776 1688726109000159961
0777 1688726109000200029
0778 1688726109000239950
0779 1688726109000279972
0780 1688726109000320037
0781 1688726109000360037
0782 1688726109000400040
0783 1688726109000439991
0784 1688726109000479995
0785 1688726109000520095
0786 1688726109000560078
0787 1688726109000600038
0788 1688726109000639990
0789 1688726109000680108
0790 1688726109000720126
0791 1688726109000760015
0792 1688726109000800073
0793 1688726109000840032
0794 1688726109000880132
0795 1688726109000920088
0796 1688726109000960028
0797 1688726110000000079
0798 1688726110000040062
0799 1688726110000080170
0800 1688726110000120128
0801 1688726110000160120
0802 1688726110000200212
0803 1688726110000240190
0804 1688726110000280091
0805 1688726110000320193
0806 1688726110000360200
0807 1688726110000400176
0808 1688726110000440138
0809 1688726110000480268
0810 1688726110000520189
0811 1688726110000560185
0812 1688726110000600139
0813 1688726110000640230
0814 1688726110000680160
0815 1688726110000720162
0816 1688726110000760281
0817 1688726110000800209
0818 1688726110000840215
0819 1688726110000880161
0820 1688726110000920256
0821 1688726110000960283
0822 1688726111000000262
0823 1688726111000040306
0824 1688726111000080242
0825 1688726111000120189
0826 1688726111000160218
0827 1688726111000200290
0828 1688726111000240290
0829 1688726111000280321
0830 1688726111000320284
0831 1688726111000360322
0832 1688726111000400242
0833 1688726111000440341
0834 1688726111000480274
0835 1688726111000520340
0836 1688726111000560277
0837 1688726111000600267
0838 1688726111000640343
0839 1688726111000680376
0840 1688726111000720352
0841 1688726111000760335
0842 1688726111000800387
0843 1688726111000840357
0844 1688726111000880353
0845 1688726111000920353
0846 1688726111000960343
0847 1688726112000000399
0848 1688726112000040342
0849 1688726112000080415
0850 1688726112000120364
0851 1688726112000160415
0852 1688726112000200349
0853 1688726112000240385
0854 1688726112000280342
0855 1688726112000320419
0856 1688726112000360467
0857 1688726112000400547
0858 1688726112000440541
0859 1688726112000480473
0860 1688726112000520395
0861 1688726112000560426
0862 1688726112000600401
0863 1688726112000640489
0864 1688726112000680558
0865 1688726112000720545
0866 1688726112000760487
0867 1688726112000800488
0868 1688726112000840399
0869 1688726112000880512
0870 1688726112000920446
0871 1688726112000960508
0872 1688726113000000461
0873 1688726113000040451
0874 1688726113000080448
0875 1688726113000120438
0876 1688726113000160459
0877 1688726113000200487
0878 1688726113000240504
0879 1688726113000280505
0880 1688726113000320567
0881 1688726113000360469
0882 1688726113000400513
0883 1688726113000440574
0884 1688726113000480484
0885 1688726113000520555
0886 1688726113000560593
0887 1688726113000600542
0888 1688726113000640563
0889 1688726113000680548
0890 1688726113000720590
0891 1688726113000760585
0892 1688726113000800578
0893 1688726113000840529
0894 1688726113000880539
0895 1688726113000920586
0896 1688726113000960855
0897 1688726114000000871
0898 1688726114000040586
0899 1688726114000080565
0900 1688726114000120568
0901 1688726114000160641
0902 1688726114000200640
0903 1688726114000240621
0904 1688726114000280680
0905 1688726114000320627
0906 1688726114000360637
0907 1688726114000400629
0908 1688726114000440678
0909 1688726114000480644
0910 1688726114000520624
0911 1688726114000560636
0912 1688726114000600937
0913 1688726114000640682
0914 1688726114000680758
0915 1688726114000720693
0916 1688726114000760688
0917 1688726114000800743
0918 1688726114000840686
0919 1688726114000880660
0920 1688726114000920751
0921 1688726114000960980
0922 1688726115000000731
0923 1688726115000040694
0924 1688726115000080767
0925 1688726115000120726
0926 1688726115000160708
0927 1688726115000200791
0928 1688726115000240769
0929 1688726115000280741
0930 1688726115000320774
0931 1688726115000360728
0932 1688726115000400755
0933 1688726115000440771
0934 1688726115000480834
0935 1688726115000520806
0936 1688726115000560855
0937 1688726115000600839
0938 1688726115000640831
0939 1688726115000680828
0940 1688726115000720872
0941 1688726115000760900
0942 1688726115000800834
0943 1688726115000841074
0944 1688726115000880793
0945 1688726115000920908
0946 1688726115000960838
0947 1688726116000000888
0948 1688726116000040880
0949 1688726116000080875
0950 1688726116000120871
0951 1688726116000160869
0952 1688726116000200868
0953 1688726116000240895
0954 1688726116000280849
0955 1688726116000320866
0956 1688726116000360942
0957 1688726116000400967
0958 1688726116000440872
0959 1688726116000480917
0960 1688726116000520882
0961 1688726116000560893
0962 1688726116000600885
0963 1688726116000640903
0964 1688726116000680939
0965 1688726116000720898
0966 1688726116000760926
0967 1688726116000801039
0968 1688726116000840952
0969 1688726116000881021
0970 1688726116000920983
0971 1688726116000960950
0972 1688726117000001057
0973 1688726117000040940
0974 1688726117000081000
0975 1688726117000120976
0976 1688726117000160971
0977 1688726117000200965
0978 1688726117000240981
0979 1688726117000281084
0980 1688726117000320992
0981 1688726117000360990
0982 1688726117000401036
0983 1688726117000440997
0984 1688726117000481097
0985 1688726117000521018
0986 1688726117000561114
0987 1688726117000601080
0988 1688726117000641051
0989 1688726117000681115
0990 1688726117000721063
0991 1688726117000761053
0992 1688726117000801050
0993 1688726117000841083
0994 1688726117000881103
0995 1688726117000921081
0996 1688726117000961105
0997 1688726118000001105
0998 1688726118000041145
0999 1688726118000081163
1000 1688726118000121113
1001 1688726118000161165
1002 1688726118000201222
1003 1688726118000241139
1004 1688726118000281234
1005 1688726118000321150
1006 1688726118000361175
1007 1688726118000401152
1008 1688726118000441236
1009 1688726118000481194
1010 1688726118000521235
1011 1688726118000561191
1012 1688726118000601246
1013 1688726118000641201
1014 1688726118000681198
1015 1688726118000721197
1016 1688726118000761182
1017 1688726118000801247
1018 1688726118000841321
1019 1688726118000881308
1020 1688726118000921255
1021 1688726118000961276
1022 1688726119000001293
1023 1688726119000041250
1024 1688726119000081257
1025 1688726119000121276
1026 1688726119000161254
1027 1688726119000201249
1028 1688726119000241275
1029 1688726119000281344
1030 1688726119000321329
1031 1688726119000361363
1032 1688726119000401345
1033 1688726119000441289
1034 1688726119000481367
1035 1688726119000521346
1036 1688726119000561314
1037 1688726119000601399
1038 1688726119000641391
1039 1688726119000681347
1040 1688726119000721331
1041 1688726119000761312
1042 1688726119000801323
1043 1688726119000841359
1044 1688726119000881431
1045 1688726119000921355
1046 1688726119000961373
1047 1688726120000001476
1048 1688726120000041357
1049 1688726120000081431
1050 1688726120000121467
1051 1688726120000161421
1052 1688726120000201453
1053 1688726120000241385
1054 1688726120000281405
1055 1688726120000321406
1056 1688726120000361385
1057 1688726120000401463
1058 1688726120000441487
1059 1688726120000481479
1060 1688726120000521499
1061 1688726120000561521
1062 1688726120000601531
1063 1688726120000641543
1064 1688726120000681546
1065 1688726120000721453
1066 1688726120000761566
1067 1688726120000801514
1068 1688726120000841449
1069 1688726120000881484
1070 1688726120000921480
1071 1688726120000961580
1072 1688726121000001532
1073 1688726121000041502
1074 1688726121000081535
1075 1688726121000121547
1076 1688726121000161507
1077 1688726121000201601
1078 1688726121000241527
1079 1688726121000281514
1080 1688726121000321524
1081 1688726121000361515
1082 1688726121000401602
1083 1688726121000441554
1084 1688726121000481636
1085 1688726121000521557
1086 1688726121000561646
1087 1688726121000601598
1088 1688726121000641641
1089 1688726121000681663
1090 1688726121000721632
1091 1688726121000761570
1092 1688726121000801585
1093 1688726121000841588
1094 1688726121000881688
1095 1688726121000921614
1096 1688726121000961624
1097 1688726122000001647
1098 1688726122000041683
1099 1688726122000081606
1100 1688726122000121681
1101 1688726122000161635
1102 1688726122000201718
1103 1688726122000241656
1104 1688726122000281711
1105 1688726122000321650
1106 1688726122000361699
1107 1688726122000401767
1108 1688726122000441705
1109 1688726122000481763
1110 1688726122000521679
1111 1688726122000561758
1112 1688726122000601706
1113 1688726122000641680
1114 1688726122000681744
1115 1688726122000721748
1116 1688726122000761714
1117 1688726122000801821
1118 1688726122000841716
1119 1688726122000881741
1120 1688726122000921779
1121 1688726122000961881
1122 1688726123000001779
1123 1688726123000041754
1124 1688726123000081777
1125 1688726123000121841
1126 1688726123000161818
1127 1688726123000201760
1128 1688726123000241862
1129 1688726123000281772
1130 1688726123000321839
1131 1688726123000361822
1132 1688726123000401827
1133 1688726123000441857
1134 1688726123000481991
1135 1688726123000521861
1136 1688726123000561825
1137 1688726123000601836
1138 1688726123000641841
1139 1688726123000681904
1140 1688726123000721836
1141 1688726123000761843
1142 1688726123000801927
1143 1688726123000841914
1144 1688726123000881840
1145 1688726123000921934
1146 1688726123000961920
1147 1688726124000001943
1148 1688726124000041856
1149 1688726124000081899
1150 1688726124000121946
1151 1688726124000161992
1152 1688726124000201937
1153 1688726124000241891
1154 1688726124000281920
1155 1688726124000321999
1156 1688726124000361929
1157 1688726124000401933
1158 1688726124000441989
1159 1688726124000482008
1160 1688726124000521930
1161 1688726124000561982
1162 1688726124000602012
1163 1688726124000641927
1164 1688726124000681987
1165 1688726124000721955
1166 1688726124000761968
1167 1688726124000802068
1168 1688726124000842028
1169 1688726124000881989
1170 1688726124000922067
1171 1688726124000962033
1172 1688726125000002037
1173 1688726125000042048
1174 1688726125000082061
1175 1688726125000122073
1176 1688726125000162116
1177 1688726125000202077
1178 1688726125000242005
1179 1688726125000282101
1180 1688726125000322055
1181 1688726125000362019
1182 1688726125000402125
1183 1688726125000442157
1184 1688726125000482130
1185 1688726125000522139
1186 1688726125000562105
1187 1688726125000602157
1188 1688726125000642110
1189 1688726125000682139
1190 1688726125000722157
1191 1688726125000762148
1192 1688726125000802126
1193 1688726125000842124
1194 1688726125000882121
1195 1688726125000922189
1196 1688726125000962172
1197 1688726126000002132
1198 1688726126000042132
1199 1688726126000082174
1200 1688726126000122178
1201 1688726126000162175
1202 1688726126000202164
1203 1688726126000242155
1204 1688726126000282228
1205 1688726126000322205
1206 1688726126000362247
1207 1688726126000402176
1208 1688726126000442215
1209 1688726126000482248
1210 1688726126000522201
1211 1688726126000562180
1212 1688726126000602254
1213 1688726126000642282
1214 1688726126000682266
1215 1688726126000722272
1216 1688726126000762295
1217 1688726126000802256
1218 1688726126000842226
1219 1688726126000882280
1220 1688726126000922242
1221 1688726126000962344
1222 1688726127000002317
1223 1688726127000042358
1224 1688726127000082362
1225 1688726127000122387
1226 1688726127000162356
1227 1688726127000202358
1228 1688726127000242293
1229 1688726127000282296
1230 1688726127000322297
1231 1688726127000362395
1232 1688726127000402377
1233 1688726127000442366
1234 1688726127000482302
1235 1688726127000522391
1236 1688726127000562339
1237 1688726127000602392
1238 1688726127000642432
1239 1688726127000682354
1240 1688726127000722419
1241 1688726127000762367
1242 1688726127000802461
1243 1688726127000842387
1244 1688726127000882360
1245 1688726127000922400
1246 1688726127000962443
1247 1688726128000002403
1248 1688726128000042465
1249 1688726128000082464
1250 1688726128000122416
1251 1688726128000162426
1252 1688726128000202446
1253 1688726128000242443
1254 1688726128000282501
1255 1688726128000322414
1256 1688726128000362432
1257 1688726128000402514
1258 1688726128000442429
1259 1688726128000482522
1260 1688726128000522540
1261 1688726128000562521
1262 1688726128000602546
1263 1688726128000642512
1264 1688726128000682517
1265 1688726128000722488
1266 1688726128000762469
1267 1688726128000802577
1268 1688726128000842547
1269 1688726128000882516
1270 1688726128000922554
1271 1688726128000962545
1272 1688726129000002594
1273 1688726129000042611
1274 1688726129000082501
1275 1688726129000122611
1276 1688726129000162632
1277 1688726129000202596
1278 1688726129000242537
1279 1688726129000282637
1280 1688726129000322617
1281 1688726129000362641
1282 1688726129000402622
1283 1688726129000442545
1284 1688726129000482563
1285 1688726129000522622
1286 1688726129000562651
1287 1688726129000602588
1288 1688726129000642597
1289 1688726129000682656
1290 1688726129000722635
1291 1688726129000762601
1292 1688726129000802674
1293 1688726129000842596
1294 1688726129000882774
1295 1688726129000922658
1296 1688726129000962619
1297 1688726130000002692
1298 1688726130000042726
1299 1688726130000082947
1300 1688726130000122642
1301 1688726130000162715
1302 1688726130000202754
1303 1688726130000242660
1304 1688726130000282654
1305 1688726130000322692
1306 1688726130000362752
1307 1688726130000402748
1308 1688726130000442845
1309 1688726130000482780
1310 1688726130000522778
1311 1688726130000562778
1312 1688726130000602721
1313 1688726130000642707
1314 1688726130000682837
1315 1688726130000722774
1316 1688726130000762842
1317 1688726130000802770
1318 1688726130000842773
1319 1688726130000882863
1320 1688726130000922768
1321 1688726130000962810
1322 1688726131000002776
1323 1688726131000042926
1324 1688726131000082854
1325 1688726131000122908
1326 1688726131000162873
1327 1688726131000202840
1328 1688726131000242874
1329 1688726131000282871
1330 1688726131000322858
1331 1688726131000362902
1332 1688726131000402925
1333 1688726131000442894
1334 1688726131000482879
1335 1688726131000522946
1336 1688726131000562935
1337 1688726131000602963
1338 1688726131000642921
1339 1688726131000682858
1340 1688726131000722982
1341 1688726131000762957
1342 1688726131000802940
1343 1688726131000843002
1344 1688726131000882873
1345 1688726131000922893
1346 1688726131000962980
1347 1688726132000003006
1348 1688726132000043009
1349 1688726132000082927
1350 1688726132000122992
1351 1688726132000163046
1352 1688726132000202957
1353 1688726132000242955
1354 1688726132000282922
1355 1688726132000323050
1356 1688726132000363009
1357 1688726132000402944
1358 1688726132000442978
1359 1688726132000483013
1360 1688726132000523046
1361 1688726132000562947
1362 1688726132000602972
1363 1688726132000643002
1364 1688726132000683065
1365 1688726132000722990
1366 1688726132000763021
1367 1688726132000802983
1368 1688726132000843017
1369 1688726132000883031
1370 1688726132000923079
1371 1688726132000963044
1372 1688726133000003019
1373 1688726133000043049
1374 1688726133000083112
1375 1688726133000123133
1376 1688726133000163085
1377 1688726133000203077
1378 1688726133000243158
1379 1688726133000283113
1380 1688726133000323065
1381 1688726133000363100
1382 1688726133000403134
1383 1688726133000443099
1384 1688726133000483186
1385 1688726133000523169
1386 1688726133000563188
1387 1688726133000603150
1388 1688726133000643096
1389 1688726133000683096
1390 1688726133000723150
1391 1688726133000763196
1392 1688726133000803268
1393 1688726133000843140
1394 1688726133000883222
1395 1688726133000923196
1396 1688726133000963135
1397 1688726134000003222
1398 1688726134000043256
1399 1688726134000083154
1400 1688726134000123163
1401 1688726134000163242
1402 1688726134000203175
1403 1688726134000243259
1404 1688726134000283259
1405 1688726134000323324
1406 1688726134000363303
1407 1688726134000403309
1408 1688726134000443225
1409 1688726134000483239
1410 1688726134000523294
1411 1688726134000563288
1412 1688726134000603299
1413 1688726134000643340
1414 1688726134000683359
1415 1688726134000723267
1416 1688726134000763341
1417 1688726134000803313
1418 1688726134000843330
1419 1688726134000883338
1420 1688726134000923282
1421 1688726134000963370
1422 1688726135000003311
1423 1688726135000043356
1424 1688726135000083339
1425 1688726135000123327
1426 1688726135000163347
1427 1688726135000203364
1428 1688726135000243380
1429 1688726135000283316
1430 1688726135000323411
1431 1688726135000363363
1432 1688726135000403436
1433 1688726135000443321
1434 1688726135000483357
1435 1688726135000523339
1436 1688726135000563404
1437 1688726135000603377
1438 1688726135000643453
1439 1688726135000683373
1440 1688726135000723453
1441 1688726135000763456
1442 1688726135000803447
1443 1688726135000843489
1444 1688726135000883382
1445 1688726135000923474
1446 1688726135000963468
1447 1688726136000003426
1448 1688726136000043496
1449 1688726136000083497
1450 1688726136000123532
1451 1688726136000163450
1452 1688726136000203479
1453 1688726136000243476
1454 1688726136000283525
1455 1688726136000323586
1456 1688726136000363495
1457 1688726136000403458
1458 1688726136000443455
1459 1688726136000483535
1460 1688726136000523531
1461 1688726136000563543
1462 1688726136000603535
1463 1688726136000643507
1464 1688726136000683624
1465 1688726136000723608
1466 1688726136000763570
1467 1688726136000803506
1468 1688726136000843596
1469 1688726136000883545
1470 1688726136000923522
1471 1688726136000963616
1472 1688726137000003592
1473 1688726137000043575
1474 1688726137000083600
1475 1688726137000123656
1476 1688726137000163597
1477 1688726137000203666
1478 1688726137000243655
1479 1688726137000283603
1480 1688726137000323603
1481 1688726137000363682
1482 1688726137000403642
1483 1688726137000443602
1484 1688726137000483618
1485 1688726137000523653
1486 1688726137000563723
1487 1688726137000603798
1488 1688726137000643736
1489 1688726137000683668
1490 1688726137000723775
1491 1688726137000763695
1492 1688726137000803803
1493 1688726137000843737
1494 1688726137000883695
1495 1688726137000923722
1496 1688726137000963744
1497 1688726138000003789
1498 1688726138000043759
1499 1688726138000083736
