0001 1688725879000050421
0002 1688725879000090401
0003 1688725879000130362
0004 1688725879000170371
0005 1688725879000210376
0006 1688725879000250436
0007 1688725879000290372
0008 1688725879000330495
0009 1688725879000370450
0010 1688725879000410393
0011 1688725879000450468
0012 1688725879000490401
0013 1688725879000530478
0014 1688725879000570408
0015 1688725879000610509
0016 1688725879000650495
0017 1688725879000690517
0018 1688725879000730443
0019 1688725879000770453
0020 1688725879000810564
0021 1688725879000850504
0022 1688725879000890488
0023 1688725879000930503
0024 1688725879000970525
0025 1688725880000010521
0026 1688725880000050476
0027 1688725880000090454
0028 1688725880000130498
0029 1688725880000170506
0030 1688725880000210496
0031 1688725880000250517
0032 1688725880000290599
0033 1688725880000330511
0034 1688725880000370510
0035 1688725880000410593
0036 1688725880000450587
0037 1688725880000490611
0038 1688725880000530609
0039 1688725880000570541
0040 1688725880000610580
0041 1688725880000650663
0042 1688725880000690576
0043 1688725880000730540
0044 1688725880000770530
0045 1688725880000810654
0046 1688725880000850621
0047 1688725880000890668
0048 1688725880000930554
0049 1688725880000970620
0050 1688725881000010638
0051 1688725881000050717
0052 1688725881000090584
0053 1688725881000130655
0054 1688725881000170597
0055 1688725881000210687
0056 1688725881000250709
0057 1688725881000290685
0058 1688725881000330709
0059 1688725881000370637
0060 1688725881000410686
0061 1688725881000450704
0062 1688725881000490744
0063 1688725881000530692
0064 1688725881000570635
0065 1688725881000610654
0066 1688725881000650669
0067 1688725881000690769
0068 1688725881000730729
0069 1688725881000770752
0070 1688725881000810683
0071 1688725881000850692
0072 1688725881000890674
0073 1688725881000930681
0074 1688725881000970802
0075 1688725882000010807
0076 1688725882000050737
0077 1688725882000090833
0078 1688725882000130819
0079 1688725882000170765
0080 1688725882000210829
0081 1688725882000250747
0082 1688725882000290745
0083 1688725882000330768
0084 1688725882000370742
0085 1688725882000410864
0086 1688725882000450864
0087 1688725882000490841
0088 1688725882000530836
0089 1688725882000570870
0090 1688725882000610898
0091 1688725882000650863
0092 1688725882000690891
0093 1688725882000730889
0094 1688725882000770906
0095 1688725882000810858
0096 1688725882000850898
0097 1688725882000890872
0098 1688725882000930882
0099 1688725882000970890
0100 1688725883000010881
0101 1688725883000050928
0102 1688725883000090948
0103 1688725883000130856
0104 1688725883000170892
0105 1688725883000210906
0106 1688725883000250874
0107 1688725883000290894
0108 1688725883000330972
0109 1688725883000370984
0110 1688725883000410939
0111 1688725883000450892
0112 1688725883000490930
0113 1688725883000530925
0114 1688725883000570931
0115 1688725883000610986
0116 1688725883000650996
0117 1688725883000690928
0118 1688725883000730944
0119 1688725883000770995
0120 1688725883000811030
0121 1688725883000850961
0122 1688725883000890994
0123 1688725883000931029
0124 1688725883000970970
0125 1688725884000010961
0126 1688725884000051004
0127 1688725884000090984
0128 1688725884000131065
0129 1688725884000171056
0130 1688725884000211087
0131 1688725884000251054
0132 1688725884000291036
0133 1688725884000331053
0134 1688725884000371009
0135 1688725884000411039
0136 1688725884000451037
0137 1688725884000491058
0138 1688725884000531118
0139 1688725884000571089
0140 1688725884000611128
0141 1688725884000651095
0142 1688725884000691082
0143 1688725884000731141
0144 1688725884000771101
0145 1688725884000811361
0146 1688725884000851088
0147 1688725884000891078
0148 1688725884000931106
0149 1688725884000971139
0150 1688725885000011073
0151 1688725885000051160
0152 1688725885000091186
0153 1688725885000131102
0154 1688725885000171148
0155 1688725885000211105
0156 1688725885000251200
0157 1688725885000291189
0158 1688725885000331174
0159 1688725885000371268
0160 1688725885000411209
0161 1688725885000451130
0162 1688725885000491131
0163 1688725885000531148
0164 1688725885000571186
0165 1688725885000611273
0166 1688725885000651230
0167 1688725885000691257
0168 1688725885000731210
0169 1688725885000771246
0170 1688725885000811199
0171 1688725885000851220
0172 1688725885000891234
0173 1688725885000931269
0174 1688725885000971236
0175 1688725886000011286
0176 1688725886000051232
0177 1688725886000091223
0178 1688725886000131315
0179 1688725886000171294
0180 1688725886000211235
0181 1688725886000251267
0182 1688725886000291353
0183 1688725886000331280
0184 1688725886000371340
0185 1688725886000411331
0186 1688725886000451286
0187 1688725886000491265
0188 1688725886000531318
0189 1688725886000571336
0190 1688725886000611295
0191 1688725886000651350
0192 1688725886000691359
0193 1688725886000731295
0194 1688725886000771317
0195 1688725886000811338
0196 1688725886000851399
0197 1688725886000891394
0198 1688725886000931421
0199 1688725886000971386
0200 1688725887000011430
0201 1688725887000051414
0202 1688725887000091413
0203 1688725887000131462
0204 1688725887000171404
0205 1688725887000211634
0206 1688725887000251369
0207 1688725887000291411
0208 1688725887000331375
0209 1688725887000371401
0210 1688725887000411396
0211 1688725887000451446
0212 1688725887000491475
0213 1688725887000531480
0214 1688725887000571427
0215 1688725887000611435
0216 1688725887000651451
0217 1688725887000691443
0218 1688725887000731509
0219 1688725887000771497
0220 1688725887000811448
0221 1688725887000851750
0222 1688725887000891508
0223 1688725887000931474
0224 1688725887000971470
0225 1688725888000011580
0226 1688725888000051591
0227 1688725888000091502
0228 1688725888000131488
0229 1688725888000171577
0230 1688725888000211619
0231 1688725888000251528
0232 1688725888000291556
0233 1688725888000331585
0234 1688725888000371549
0235 1688725888000411539
0236 1688725888000451537
0237 1688725888000491658
0238 1688725888000531578
0239 1688725888000571575
0240 1688725888000611557
0241 1688725888000651589
0242 1688725888000691645
0243 1688725888000731638
0244 1688725888000771682
0245 1688725888000811657
0246 1688725888000851623
0247 1688725888000891679
0248 1688725888000931631
0249 1688725888000971686
0250 1688725889000011724
0251 1688725889000051672
0252 1688725889000091660
0253 1688725889000131699
0254 1688725889000171642
0255 1688725889000211735
0256 1688725889000251644
0257 1688725889000291660
0258 1688725889000331734
0259 1688725889000371748
0260 1688725889000411771
0261 1688725889000451726
0262 1688725889000491678
0263 1688725889000531803
0264 1688725889000571765
0265 1688725889000611730
0266 1688725889000651803
0267 1688725889000691695
0268 1688725889000731735
0269 1688725889000771728
0270 1688725889000811726
0271 1688725889000851796
0272 1688725889000891772
0273 1688725889000931750
0274 1688725889000971755
0275 1688725890000011873
0276 1688725890000051790
0277 1688725890000091802
0278 1688725890000131769
0279 1688725890000171862
0280 1688725890000211765
0281 1688725890000251873
0282 1688725890000291857
0283 1688725890000331850
0284 1688725890000371783
0285 1688725890000411904
0286 1688725890000451899
0287 1688725890000491858
0288 1688725890000531864
0289 1688725890000571905
0290 1688725890000611876
0291 1688725890000651917
0292 1688725890000691826
0293 1688725890000731933
0294 1688725890000771847
0295 1688725890000811869
0296 1688725890000851882
0297 1688725890000891873
0298 1688725890000931934
0299 1688725890000971942
0300 1688725891000011917
0301 1688725891000051873
0302 1688725891000091935
0303 1688725891000131932
0304 1688725891000171929
0305 1688725891000211936
0306 1688725891000251891
0307 1688725891000291943
0308 1688725891000331932
0309 1688725891000372030
0310 1688725891000412015
0311 1688725891000451924
0312 1688725891000491982
0313 1688725891000532034
0314 1688725891000572038
0315 1688725891000612011
0316 1688725891000652050
0317 1688725891000692054
0318 1688725891000731974
0319 1688725891000772076
0320 1688725891000812041
0321 1688725891000852066
0322 1688725891000892011
0323 1688725891000932014
0324 1688725891000972045
0325 1688725892000012095
0326 1688725892000052112
0327 1688725892000092078
0328 1688725892000132069
0329 1688725892000172019
0330 1688725892000212068
0331 1688725892000252091
0332 1688725892000292121
0333 1688725892000332045
0334 1688725892000372058
0335 1688725892000412050
0336 1688725892000452081
0337 1688725892000492147
0338 1688725892000532149
0339 1688725892000572138
0340 1688725892000612109
0341 1688725892000652164
0342 1688725892000692104
0343 1688725892000732085
0344 1688725892000772085
0345 1688725892000812166
0346 1688725892000852120
0347 1688725892000892187
0348 1688725892000932214
0349 1688725892000972121
0350 1688725893000012239
0351 1688725893000052250
0352 1688725893000092223
0353 1688725893000132173
0354 1688725893000172268
0355 1688725893000212203
0356 1688725893000252158
0357 1688725893000292223
0358 1688725893000332268
0359 1688725893000372242
0360 1688725893000412215
0361 1688725893000452346
0362 1688725893000492171
0363 1688725893000532283
0364 1688725893000572199
0365 1688725893000612224
0366 1688725893000652239
0367 1688725893000692262
0368 1688725893000732412
0369 1688725893000772270
0370 1688725893000812234
0371 1688725893000852316
0372 1688725893000892274
0373 1688725893000932346
0374 1688725893000972247
0375 1688725894000012249
0376 1688725894000052244
0377 1688725894000092282
0378 1688725894000132254
0379 1688725894000172363
0380 1688725894000212345
0381 1688725894000252317
0382 1688725894000292443
0383 1688725894000332382
0384 1688725894000372374
0385 1688725894000412407
0386 1688725894000452358
0387 1688725894000492303
0388 1688725894000532470
0389 1688725894000572394
0390 1688725894000612420
0391 1688725894000652320
0392 1688725894000692328
0393 1688725894000732405
0394 1688725894000772388
0395 1688725894000812437
0396 1688725894000852465
0397 1688725894000892423
0398 1688725894000932433
0399 1688725894000972392
0400 1688725895000012417
0401 1688725895000052490
0402 1688725895000092521
0403 1688725895000132377
0404 1688725895000172492
0405 1688725895000212402
0406 1688725895000252444
0407 1688725895000292505
0408 1688725895000332503
0409 1688725895000372581
0410 1688725895000412540
0411 1688725895000452421
0412 1688725895000492458
0413 1688725895000532499
0414 1688725895000572558
0415 1688725895000612502
0416 1688725895000652590
0417 1688725895000692562
0418 1688725895000732549
0419 1688725895000772545
0420 1688725895000812548
0421 1688725895000852546
0422 1688725895000892538
0423 1688725895000932584
0424 1688725895000972507
0425 1688725896000012557
0426 1688725896000052556
0427 1688725896000092577
0428 1688725896000132545
0429 1688725896000172513
0430 1688725896000212561
0431 1688725896000252617
0432 1688725896000292619
0433 1688725896000332650
0434 1688725896000372646
0435 1688725896000412629
0436 1688725896000452584
0437 1688725896000492674
0438 1688725896000532634
0439 1688725896000572667
0440 1688725896000612621
0441 1688725896000652656
0442 1688725896000692592
0443 1688725896000732684
0444 1688725896000772759
0445 1688725896000812665
0446 1688725896000852613
0447 1688725896000892744
0448 1688725896000932695
0449 1688725896000972660
0450 1688725897000012707
0451 1688725897000052653
0452 1688725897000092641
0453 1688725897000132645
0454 1688725897000172767
0455 1688725897000212763
0456 1688725897000252736
0457 1688725897000292793
0458 1688725897000332695
0459 1688725897000372688
0460 1688725897000412724
0461 1688725897000452730
0462 1688725897000492744
0463 1688725897000532727
0464 1688725897000572919
0465 1688725897000612904
0466 1688725897000652730
0467 1688725897000692736
0468 1688725897000732818
0469 1688725897000772762
0470 1688725897000812829
0471 1688725897000852810
0472 1688725897000892930
0473 1688725897000932859
0474 1688725897000972840
0475 1688725898000012787
0476 1688725898000052766
0477 1688725898000092782
0478 1688725898000132772
0479 1688725898000172856
0480 1688725898000212823
0481 1688725898000252805
0482 1688725898000292855
0483 1688725898000332828
0484 1688725898000372835
0485 1688725898000412878
0486 1688725898000452930
0487 1688725898000492876
0488 1688725898000532902
0489 1688725898000572910
0490 1688725898000612902
0491 1688725898000652930
0492 1688725898000692873
0493 1688725898000732862
0494 1688725898000772862
0495 1688725898000812954
0496 1688725898000852931
0497 1688725898000892976
0498 1688725898000932990
0499 1688725898000973062
0500 1688725899000012955
0501 1688725899000052894
0502 1688725899000092897
0503 1688725899000133004
0504 1688725899000173032
0505 1688725899000212953
0506 1688725899000253088
0507 1688725899000293042
0508 1688725899000333029
0509 1688725899000373013
0510 1688725899000413026
0511 1688725899000453045
0512 1688725899000493037
0513 1688725899000533002
0514 1688725899000573060
0515 1688725899000612973
0516 1688725899000652991
0517 1688725899000693004
0518 1688725899000733033
0519 1688725899000772997
0520 1688725899000813168
0521 1688725899000853104
0522 1688725899000893075
0523 1688725899000933041
0524 1688725899000973076
0525 1688725900000013046
0526 1688725900000053031
0527 1688725900000093109
0528 1688725900000133134
0529 1688725900000173099
0530 1688725900000213114
0531 1688725900000253065
0532 1688725900000293055
0533 1688725900000333134
0534 1688725900000373131
0535 1688725900000413164
0536 1688725900000453079
0537 1688725900000493165
0538 1688725900000533177
0539 1688725900000573206
0540 1688725900000613161
0541 1688725900000653199
0542 1688725900000693180
0543 1688725900000733204
0544 1688725900000773166
0545 1688725900000813148
0546 1688725900000853137
0547 1688725900000893176
0548 1688725900000933323
0549 1688725900000973230
0550 1688725901000013233
0551 1688725901000053259
0552 1688725901000093265
0553 1688725901000133165
0554 1688725901000173154
0555 1688725901000213156
0556 1688725901000253261
0557 1688725901000293241
0558 1688725901000333179
0559 1688725901000373192
0560 1688725901000413315
0561 1688725901000453219
0562 1688725901000493254
0563 1688725901000533287
0564 1688725901000573228
0565 1688725901000613336
0566 1688725901000653333
0567 1688725901000693228
0568 1688725901000733339
0569 1688725901000773416
0570 1688725901000813297
0571 1688725901000853294
0572 1688725901000893329
0573 1688725901000933311
0574 1688725901000973318
0575 1688725902000013311
0576 1688725902000053452
0577 1688725902000093368
0578 1688725902000133291
0579 1688725902000173349
0580 1688725902000213295
0581 1688725902000253370
0582 1688725902000293608
0583 1688725902000333331
0584 1688725902000373352
0585 1688725902000413379
0586 1688725902000453402
0587 1688725902000493392
0588 1688725902000533434
0589 1688725902000573433
0590 1688725902000613431
0591 1688725902000653402
0592 1688725902000693393
0593 1688725902000733439
0594 1688725902000773439
0595 1688725902000813366
0596 1688725902000853442
0597 1688725902000893465
0598 1688725902000933420
0599 1688725902000973495
0600 1688725903000013464
0601 1688725903000053425
0602 1688725903000093434
0603 1688725903000133404
0604 1688725903000173437
0605 1688725903000213514
0606 1688725903000253433
0607 1688725903000293458
0608 1688725903000333468
0609 1688725903000373486
0610 1688725903000413514
0611 1688725903000453452
0612 1688725903000493565
0613 1688725903000533473
0614 1688725903000573496
0615 1688725903000613506
0616 1688725903000653542
0617 1688725903000693526
0618 1688725903000733590
0619 1688725903000773553
0620 1688725903000813571
0621 1688725903000853529
0622 1688725903000893536
0623 1688725903000933555
0624 1688725903000973558
0625 1688725904000013613
0626 1688725904000053537
0627 1688725904000093641
0628 1688725904000133533
0629 1688725904000173566
0630 1688725904000213608
0631 1688725904000253612
0632 1688725904000293634
0633 1688725904000333575
0634 1688725904000373676
0635 1688725904000413683
0636 1688725904000453663
0637 1688725904000493631
0638 1688725904000533607
0639 1688725904000573693
0640 1688725904000613643
0641 1688725904000653657
0642 1688725904000693616
0643 1688725904000733675
0644 1688725904000773671
0645 1688725904000813658
0646 1688725904000853728
0647 1688725904000893688
0648 1688725904000933644
0649 1688725904000973678
0650 1688725905000013748
0651 1688725905000053712
0652 1688725905000093713
0653 1688725905000133761
0654 1688725905000173716
0655 1688725905000213678
0656 1688725905000253785
0657 1688725905000293798
0658 1688725905000333756
0659 1688725905000373758
0660 1688725905000413772
0661 1688725905000453806
0662 1688725905000493809
0663 1688725905000533744
0664 1688725905000573782
0665 1688725905000613770
0666 1688725905000654042
0667 1688725905000693845
0668 1688725905000733832
0669 1688725905000773842
0670 1688725905000813837
0671 1688725905000853796
0672 1688725905000893852
0673 1688725905000933902
0674 1688725905000973781
0675 1688725906000013903
0676 1688725906000053868
0677 1688725906000093797
0678 1688725906000133908
0679 1688725906000173815
0680 1688725906000213894
0681 1688725906000253852
0682 1688725906000293819
0683 1688725906000333870
0684 1688725906000373883
0685 1688725906000413840
0686 1688725906000453903
0687 1688725906000493885
0688 1688725906000533894
0689 1688725906000573918
0690 1688725906000613894
0691 1688725906000653937
0692 1688725906000693973
0693 1688725906000733983
0694 1688725906000773882
0695 1688725906000813927
0696 1688725906000854021
0697 1688725906000893998
0698 1688725906000933930
0699 1688725906000973929
0700 1688725907000013911
0701 1688725907000054023
0702 1688725907000093969
0703 1688725907000133946
0704 1688725907000173989
0705 1688725907000213943
0706 1688725907000253958
0707 1688725907000294033
0708 1688725907000333977
0709 1688725907000374012
0710 1688725907000414064
0711 1688725907000454024
0712 1688725907000494053
0713 1688725907000534081
0714 1688725907000574300
0715 1688725907000614092
0716 1688725907000654019
0717 1688725907000694039
0718 1688725907000734081
0719 1688725907000774045
0720 1688725907000814093
0721 1688725907000854044
0722 1688725907000894097
0723 1688725907000934137
0724 1688725907000974109
0725 1688725908000014082
0726 1688725908000054079
0727 1688725908000094155
0728 1688725908000134090
0729 1688725908000174156
0730 1688725908000214111
0731 1688725908000254098
0732 1688725908000294162
0733 1688725908000334158
0734 1688725908000374098
0735 1688725908000414135
0736 1688725908000454119
0737 1688725908000494130
0738 1688725908000534143
0739 1688725908000574158
0740 1688725908000614194
0741 1688725908000654207
0742 1688725908000694201
0743 1688725908000734217
0744 1688725908000774190
0745 1688725908000814163
0746 1688725908000854172
0747 1688725908000894195
0748 1688725908000934303
0749 1688725908000974257
0750 1688725909000014274
0751 1688725909000054215
0752 1688725909000094259
0753 1688725909000134187
0754 1688725909000174268
0755 1688725909000214258
0756 1688725909000254334
0757 1688725909000294324
0758 1688725909000334278
0759 1688725909000374307
0760 1688725909000414249
0761 1688725909000454283
0762 1688725909000494262
0763 1688725909000534259
0764 1688725909000574336
0765 1688725909000614269
0766 1688725909000654305
0767 1688725909000694290
0768 1688725909000734384
0769 1688725909000774371
0770 1688725909000814315
0771 1688725909000854385
0772 1688725909000894402
0773 1688725909000934328
0774 1688725909000974317
0775 1688725910000014386
0776 1688725910000054344
0777 1688725910000094407
0778 1688725910000134373
0779 1688725910000174370
0780 1688725910000214436
0781 1688725910000254354
0782 1688725910000294419
0783 1688725910000334419
0784 1688725910000374462
0785 1688725910000414420
0786 1688725910000454386
0787 1688725910000494491
0788 1688725910000534488
0789 1688725910000574386
0790 1688725910000614454
0791 1688725910000654501
0792 1688725910000694443
0793 1688725910000734506
0794 1688725910000774475
0795 1688725910000814494
0796 1688725910000854419
0797 1688725910000894467
0798 1688725910000934482
0799 1688725910000974450
0800 1688725911000014529
0801 1688725911000054462
0802 1688725911000094517
0803 1688725911000134565
0804 1688725911000174510
0805 1688725911000214565
0806 1688725911000254518
0807 1688725911000294490
0808 1688725911000334577
0809 1688725911000374486
0810 1688725911000414592
0811 1688725911000454511
0812 1688725911000494522
0813 1688725911000534623
0814 1688725911000574584
0815 1688725911000614514
0816 1688725911000654596
0817 1688725911000694606
0818 1688725911000734609
0819 1688725911000774572
0820 1688725911000814616
0821 1688725911000854663
0822 1688725911000894580
0823 1688725911000934597
0824 1688725911000974688
0825 1688725912000014650
0826 1688725912000054635
0827 1688725912000094576
0828 1688725912000134580
0829 1688725912000174683
0830 1688725912000214703
0831 1688725912000254605
0832 1688725912000294699
0833 1688725912000334693
0834 1688725912000374603
0835 1688725912000414606
0836 1688725912000454653
0837 1688725912000494766
0838 1688725912000534712
0839 1688725912000574763
0840 1688725912000614677
0841 1688725912000654688
0842 1688725912000694722
0843 1688725912000734727
0844 1688725912000774784
0845 1688725912000814677
0846 1688725912000854774
0847 1688725912000894695
0848 1688725912000934753
0849 1688725912000974746
0850 1688725913000014694
0851 1688725913000054757
0852 1688725913000094831
0853 1688725913000134781
0854 1688725913000174727
0855 1688725913000214732
0856 1688725913000254803
0857 1688725913000294740
0858 1688725913000334749
0859 1688725913000374726
0860 1688725913000414820
0861 1688725913000454800
0862 1688725913000494787
0863 1688725913000534779
0864 1688725913000574858
0865 1688725913000614800
0866 1688725913000654858
0867 1688725913000694950
0868 1688725913000734871
0869 1688725913000774861
0870 1688725913000814881
0871 1688725913000854882
0872 1688725913000894881
0873 1688725913000934924
0874 1688725913000974879
0875 1688725914000014877
0876 1688725914000054903
0877 1688725914000094895
0878 1688725914000134921
0879 1688725914000175139
0880 1688725914000214864
0881 1688725914000254920
0882 1688725914000294971
0883 1688725914000334958
0884 1688725914000374901
0885 1688725914000414905
0886 1688725914000454924
0887 1688725914000494926
0888 1688725914000535027
0889 1688725914000574911
0890 1688725914000614963
0891 1688725914000654974
0892 1688725914000694951
0893 1688725914000734937
0894 1688725914000775034
0895 1688725914000815031
0896 1688725914000855041
0897 1688725914000894946
0898 1688725914000935047
0899 1688725914000975238
0900 1688725915000014964
0901 1688725915000054981
0902 1688725915000095015
0903 1688725915000135009
0904 1688725915000174985
0905 1688725915000215031
0906 1688725915000254979
0907 1688725915000295022
0908 1688725915000335058
0909 1688725915000375019
0910 1688725915000415060
0911 1688725915000455037
0912 1688725915000495039
0913 1688725915000535044
0914 1688725915000575105
0915 1688725915000615079
0916 1688725915000655117
0917 1688725915000695110
0918 1688725915000735135
0919 1688725915000775078
0920 1688725915000815053
0921 1688725915000855143
0922 1688725915000895062
0923 1688725915000935157
0924 1688725915000975107
0925 1688725916000015116
0926 1688725916000055145
0927 1688725916000095117
0928 1688725916000135140
0929 1688725916000175187
0930 1688725916000215143
0931 1688725916000255220
0932 1688725916000295147
0933 1688725916000335155
0934 1688725916000375195
0935 1688725916000415153
0936 1688725916000455326
0937 1688725916000495183
0938 1688725916000535205
0939 1688725916000575155
0940 1688725916000615267
0941 1688725916000655248
0942 1688725916000695235
0943 1688725916000735285
0944 1688725916000775250
0945 1688725916000815216
0946 1688725916000855243
0947 1688725916000895259
0948 1688725916000935201
0949 1688725916000975250
0950 1688725917000015251
0951 1688725917000055241
0952 1688725917000095250
0953 1688725917000135311
0954 1688725917000175319
0955 1688725917000215253
0956 1688725917000255445
0957 1688725917000295300
0958 1688725917000335275
0959 1688725917000375352
0960 1688725917000415356
0961 1688725917000455370
0962 1688725917000495365
0963 1688725917000535389
0964 1688725917000575447
0965 1688725917000615350
0966 1688725917000655375
0967 1688725917000695278
0968 1688725917000735317
0969 1688725917000775347
0970 1688725917000815348
0971 1688725917000855511
0972 1688725917000895395
0973 1688725917000935438
0974 1688725917000975396
0975 1688725918000015355
0976 1688725918000055447
0977 1688725918000095439
0978 1688725918000135417
0979 1688725918000175424
0980 1688725918000215406
0981 1688725918000255391
0982 1688725918000295420
0983 1688725918000335433
0984 1688725918000375429
0985 1688725918000415548
0986 1688725918000455394
0987 1688725918000495480
0988 1688725918000535417
0989 1688725918000575470
0990 1688725918000615484
0991 1688725918000655500
0992 1688725918000695529
0993 1688725918000735525
0994 1688725918000775511
0995 1688725918000815457
0996 1688725918000855523
0997 1688725918000895495
0998 1688725918000935626
0999 1688725918000975565
1000 1688725919000015505
1001 1688725919000055478
1002 1688725919000095562
1003 1688725919000135520
1004 1688725919000175551
1005 1688725919000215521
1006 1688725919000255599
1007 1688725919000295563
1008 1688725919000335604
1009 1688725919000375591
1010 1688725919000415572
1011 1688725919000455621
1012 1688725919000495538
1013 1688725919000535634
1014 1688725919000575639
1015 1688725919000615561
1016 1688725919000655632
1017 1688725919000695632
1018 1688725919000735610
1019 1688725919000775657
1020 1688725919000815673
1021 1688725919000855636
1022 1688725919000895670
1023 1688725919000935586
1024 1688725919000975646
1025 1688725920000015652
1026 1688725920000055664
1027 1688725920000095659
1028 1688725920000135662
1029 1688725920000175666
1030 1688725920000215722
1031 1688725920000255606
1032 1688725920000295721
1033 1688725920000335671
1034 1688725920000375721
1035 1688725920000415715
1036 1688725920000455653
1037 1688725920000495642
1038 1688725920000535716
1039 1688725920000575750
1040 1688725920000615779
1041 1688725920000655695
1042 1688725920000695694
1043 1688725920000735787
1044 1688725920000775737
1045 1688725920000815782
1046 1688725920000855727
1047 1688725920000895904
1048 1688725920000935739
1049 1688725920000975704
1050 1688725921000015805
1051 1688725921000055751
1052 1688725921000095826
1053 1688725921000135789
1054 1688725921000175764
1055 1688725921000215732
1056 1688725921000255826
1057 1688725921000295740
1058 1688725921000335868
1059 1688725921000375851
1060 1688725921000415790
1061 1688725921000455881
1062 1688725921000495895
1063 1688725921000535798
1064 1688725921000575778
1065 1688725921000615781
1066 1688725921000655844
1067 1688725921000695852
1068 1688725921000735836
1069 1688725921000775872
1070 1688725921000815852
1071 1688725921000855899
1072 1688725921000895822
1073 1688725921000935932
1074 1688725921000975900
1075 1688725922000015949
1076 1688725922000055892
1077 1688725922000095889
1078 1688725922000135897
1079 1688725922000175960
1080 1688725922000215912
1081 1688725922000255952
1082 1688725922000295955
1083 1688725922000335893
1084 1688725922000375914
1085 1688725922000415939
1086 1688725922000455959
1087 1688725922000495906
1088 1688725922000535945
1089 1688725922000576002
1090 1688725922000616011
1091 1688725922000655914
1092 1688725922000695935
1093 1688725922000735997
1094 1688725922000775967
1095 1688725922000815947
1096 1688725922000855976
1097 1688725922000896053
1098 1688725922000936002
1099 1688725922000976050
1100 1688725923000015965
1101 1688725923000055982
1102 1688725923000096026
1103 1688725923000136057
1104 1688725923000176074
1105 1688725923000216094
1106 1688725923000256079
1107 1688725923000296049
1108 1688725923000336036
1109 1688725923000376042
1110 1688725923000416056
1111 1688725923000456113
1112 1688725923000496062
1113 1688725923000536068
1114 1688725923000576092
1115 1688725923000616076
1116 1688725923000656085
1117 1688725923000696131
1118 1688725923000736072
1119 1688725923000776148
1120 1688725923000816060
1121 1688725923000856155
1122 1688725923000896138
1123 1688725923000936113
1124 1688725923000976139
1125 1688725924000016195
1126 1688725924000056406
1127 1688725924000096130
1128 1688725924000136156
1129 1688725924000176220
1130 1688725924000216114
1131 1688725924000256151
1132 1688725924000296404
1133 1688725924000336231
1134 1688725924000376228
1135 1688725924000416207
1136 1688725924000456196
1137 1688725924000496243
1138 1688725924000536158
1139 1688725924000576179
1140 1688725924000616284
1141 1688725924000656229
1142 1688725924000696176
1143 1688725924000736261
1144 1688725924000776320
1145 1688725924000816247
1146 1688725924000856223
1147 1688725924000896301
1148 1688725924000936252
1149 1688725924000976242
1150 1688725925000016306
1151 1688725925000056340
1152 1688725925000096292
1153 1688725925000136268
1154 1688725925000176329
1155 1688725925000216341
1156 1688725925000256351
1157 1688725925000296259
1158 1688725925000336374
1159 1688725925000376370
1160 1688725925000416373
1161 1688725925000456370
1162 1688725925000496297
1163 1688725925000536303
1164 1688725925000576341
1165 1688725925000616296
1166 1688725925000656296
1167 1688725925000696341
1168 1688725925000736413
1169 1688725925000776335
1170 1688725925000816324
1171 1688725925000856403
1172 1688725925000896445
1173 1688725925000936443
1174 1688725925000976359
1175 1688725926000016390
1176 1688725926000056378
1177 1688725926000096470
1178 1688725926000136376
1179 1688725926000176428
1180 1688725926000216477
1181 1688725926000256492
1182 1688725926000296420
1183 1688725926000336496
1184 1688725926000376504
1185 1688725926000416449
1186 1688725926000456417
1187 1688725926000496486
1188 1688725926000536491
1189 1688725926000576449
1190 1688725926000616536
1191 1688725926000656515
1192 1688725926000696510
1193 1688725926000736556
1194 1688725926000776510
1195 1688725926000816548
1196 1688725926000856531
1197 1688725926000896589
1198 1688725926000936553
1199 1688725926000976601
1200 1688725927000016542
1201 1688725927000056504
1202 1688725927000096601
1203 1688725927000136582
1204 1688725927000176612
1205 1688725927000216639
1206 1688725927000256568
1207 1688725927000296621
1208 1688725927000336591
1209 1688725927000376604
1210 1688725927000416587
1211 1688725927000456581
1212 1688725927000496548
1213 1688725927000536597
1214 1688725927000576618
1215 1688725927000616588
1216 1688725927000656642
1217 1688725927000696595
1218 1688725927000736645
1219 1688725927000776639
1220 1688725927000816708
1221 1688725927000856644
1222 1688725927000896669
1223 1688725927000936706
1224 1688725927000976697
1225 1688725928000016688
1226 1688725928000056623
1227 1688725928000096724
1228 1688725928000136710
1229 1688725928000176654
1230 1688725928000216762
1231 1688725928000256656
1232 1688725928000296658
1233 1688725928000336730
1234 1688725928000376729
1235 1688725928000416729
1236 1688725928000456741
1237 1688725928000496787
1238 1688725928000536767
1239 1688725928000576764
1240 1688725928000616757
1241 1688725928000656719
1242 1688725928000696715
1243 1688725928000736759
1244 1688725928000776728
1245 1688725928000816814
1246 1688725928000856758
1247 1688725928000896857
1248 1688725928000936789
1249 1688725928000976804
1250 1688725929000016836
1251 1688725929000056760
1252 1688725929000096868
1253 1688725929000136863
1254 1688725929000176886
1255 1688725929000216815
1256 1688725929000256801
1257 1688725929000296888
1258 1688725929000336814
1259 1688725929000376811
1260 1688725929000416840
1261 1688725929000456855
1262 1688725929000496883
1263 1688725929000536860
1264 1688725929000576867
1265 1688725929000616887
1266 1688725929000656888
1267 1688725929000696922
1268 1688725929000736862
1269 1688725929000776850
1270 1688725929000816889
1271 1688725929000856967
1272 1688725929000896904
1273 1688725929000936913
1274 1688725929000976962
1275 1688725930000016926
1276 1688725930000056972
1277 1688725930000096953
1278 1688725930000136962
1279 1688725930000176946
1280 1688725930000216950
1281 1688725930000256987
1282 1688725930000296970
1283 1688725930000336955
1284 1688725930000376985
1285 1688725930000416987
1286 1688725930000457000
1287 1688725930000496963
1288 1688725930000536974
1289 1688725930000577002
1290 1688725930000617021
1291 1688725930000657018
1292 1688725930000696972
1293 1688725930000737013
1294 1688725930000776988
1295 1688725930000816997
1296 1688725930000857041
1297 1688725930000897058
1298 1688725930000937025
1299 1688725930000977051
1300 1688725931000017112
1301 1688725931000057068
1302 1688725931000097038
1303 1688725931000137071
1304 1688725931000177050
1305 1688725931000217069
1306 1688725931000257105
1307 1688725931000297129
1308 1688725931000337159
1309 1688725931000377071
1310 1688725931000417091
1311 1688725931000457050
1312 1688725931000497093
1313 1688725931000537154
1314 1688725931000577153
1315 1688725931000617124
1316 1688725931000657142
1317 1688725931000697099
1318 1688725931000737137
1319 1688725931000777194
1320 1688725931000817095
1321 1688725931000857113
1322 1688725931000897106
1323 1688725931000937143
1324 1688725931000977426
1325 1688725932000017159
1326 1688725932000057170
1327 1688725932000097153
1328 1688725932000137175
1329 1688725932000177234
1330 1688725932000217163
1331 1688725932000257282
1332 1688725932000297200
1333 1688725932000337207
1334 1688725932000377251
1335 1688725932000417232
1336 1688725932000457225
1337 1688725932000497312
1338 1688725932000537251
1339 1688725932000577231
1340 1688725932000617217
1341 1688725932000657247
1342 1688725932000697254
1343 1688725932000737298
1344 1688725932000777233
1345 1688725932000817327
1346 1688725932000857282
1347 1688725932000897357
1348 1688725932000937250
1349 1688725932000977374
1350 1688725933000017315
1351 1688725933000057462
1352 1688725933000097351
1353 1688725933000137283
1354 1688725933000177321
1355 1688725933000217303
1356 1688725933000257303
1357 1688725933000297322
1358 1688725933000337390
1359 1688725933000377456
1360 1688725933000417394
1361 1688725933000457344
1362 1688725933000497330
1363 1688725933000537387
1364 1688725933000577339
1365 1688725933000617341
1366 1688725933000657350
1367 1688725933000697419
1368 1688725933000737370
1369 1688725933000777406
1370 1688725933000817352
1371 1688725933000857472
1372 1688725933000897513
1373 1688725933000937446
1374 1688725933000977460
1375 1688725934000017434
1376 1688725934000057424
1377 1688725934000097481
1378 1688725934000137503
1379 1688725934000177434
1380 1688725934000217557
1381 1688725934000257443
1382 1688725934000297427
1383 1688725934000337534
1384 1688725934000377458
1385 1688725934000417472
1386 1688725934000457467
1387 1688725934000497566
1388 1688725934000537541
1389 1688725934000577521
1390 1688725934000617476
1391 1688725934000657582
1392 1688725934000697500
1393 1688725934000737631
1394 1688725934000777529
1395 1688725934000817605
1396 1688725934000857594
1397 1688725934000897515
1398 1688725934000937518
1399 1688725934000977570
1400 1688725935000017539
1401 1688725935000057612
1402 1688725935000097539
1403 1688725935000137535
1404 1688725935000177540
1405 1688725935000217656
1406 1688725935000257546
1407 1688725935000297553
1408 1688725935000337634
1409 1688725935000377579
1410 1688725935000417678
1411 1688725935000457632
1412 1688725935000497679
1413 1688725935000537585
1414 1688725935000577602
1415 1688725935000617625
1416 1688725935000657690
1417 1688725935000697621
1418 1688725935000737709
1419 1688725935000777644
1420 1688725935000817729
1421 1688725935000857740
1422 1688725935000897676
1423 1688725935000937631
1424 1688725935000977762
1425 1688725936000017663
1426 1688725936000057699
1427 1688725936000097763
1428 1688725936000137667
1429 1688725936000177689
1430 1688725936000217736
1431 1688725936000257721
1432 1688725936000297689
1433 1688725936000337687
1434 1688725936000377829
1435 1688725936000417763
1436 1688725936000457733
1437 1688725936000497751
1438 1688725936000537778
1439 1688725936000577768
1440 1688725936000617832
1441 1688725936000657760
1442 1688725936000697817
1443 1688725936000737752
1444 1688725936000777852
1445 1688725936000817778
1446 1688725936000857753
1447 1688725936000897863
1448 1688725936000937862
1449 1688725936000977898
1450 1688725937000017831
1451 1688725937000057778
1452 1688725937000097874
1453 1688725937000137903
1454 1688725937000177830
1455 1688725937000217887
1456 1688725937000257889
1457 1688725937000297840
1458 1688725937000337814
1459 1688725937000377889
1460 1688725937000417919
1461 1688725937000457908
1462 1688725937000497919
1463 1688725937000537984
1464 1688725937000577862
1465 1688725937000617975
1466 1688725937000657919
1467 1688725937000697854
1468 1688725937000737951
1469 1688725937000778175
1470 1688725937000817954
1471 1688725937000857977
1472 1688725937000898011
1473 1688725937000937940
1474 1688725937000977972
1475 1688725938000017893
1476 1688725938000057964
1477 1688725938000097913
1478 1688725938000137915
1479 1688725938000178027
1480 1688725938000218022
1481 1688725938000257955
1482 1688725938000298023
1483 1688725938000337942
1484 1688725938000378004
1485 1688725938000418085
1486 1688725938000457979
1487 1688725938000498066
1488 1688725938000538072
1489 1688725938000578044
1490 1688725938000618073
1491 1688725938000658029
1492 1688725938000698077
1493 1688725938000738063
1494 1688725938000778099
1495 1688725938000818077
1496 1688725938000858078
1497 1688725938000898025
1498 1688725938000938099
1499 1688725938000978117
1500 1688725939000018055
