0001 1703154406000306968
0002 1703154406000347044
0003 1703154406000386937
0004 1703154406000427017
0005 1703154406000467008
0006 1703154406000507025
0007 1703154406000546956
0008 1703154406000586996
0009 1703154406000627053
0010 1703154406000667002
0011 1703154406000706987
0012 1703154406000746967
0013 1703154406000787023
0014 1703154406000826974
0015 1703154406000867002
0016 1703154406000907081
0017 1703154406000946893
0018 1703154406000987093
0019 1703154407000027088
0020 1703154407000067066
0021 1703154407000107079
0022 1703154407000146936
0023 1703154407000187033
0024 1703154407000227103
0025 1703154407000267109
0026 1703154407000307056
0027 1703154407000347076
0028 1703154407000387195
0029 1703154407000427084
0030 1703154407000467069
0031 1703154407000507141
0032 1703154407000547181
0033 1703154407000587199
0034 1703154407000627095
0035 1703154407000667149
0036 1703154407000707000
0037 1703154407000747151
0038 1703154407000787097
0039 1703154407000827142
0040 1703154407000867230
0041 1703154407000907190
0042 1703154407000947189
0043 1703154407000987142
0044 1703154408000027123
0045 1703154408000067146
0046 1703154408000107058
0047 1703154408000147158
0048 1703154408000187179
0049 1703154408000227265
0050 1703154408000267166
0051 1703154408000307268
0052 1703154408000347247
0053 1703154408000387182
0054 1703154408000427291
0055 1703154408000467108
0056 1703154408000507123
0057 1703154408000547268
0058 1703154408000587234
0059 1703154408000627232
0060 1703154408000667131
0061 1703154408000707257
0062 1703154408000747291
0063 1703154408000787356
0064 1703154408000827264
0065 1703154408000867337
0066 1703154408000907323
0067 1703154408000947169
0068 1703154408000987266
0069 1703154409000027343
0070 1703154409000067348
0071 1703154409000107175
0072 1703154409000147382
0073 1703154409000187289
0074 1703154409000227302
0075 1703154409000267400
0076 1703154409000307297
0077 1703154409000347301
0078 1703154409000387344
0079 1703154409000427316
0080 1703154409000467333
0081 1703154409000507331
0082 1703154409000547355
0083 1703154409000587386
0084 1703154409000627332
0085 1703154409000667416
0086 1703154409000707340
0087 1703154409000747386
0088 1703154409000787393
0089 1703154409000827371
0090 1703154409000867406
0091 1703154409000907465
0092 1703154409000947464
0093 1703154409000987433
0094 1703154410000027415
0095 1703154410000067505
0096 1703154410000107436
0097 1703154410000147318
0098 1703154410000187420
0099 1703154410000227406
0100 1703154410000267420
0101 1703154410000307445
0102 1703154410000347550
0103 1703154410000387475
0104 1703154410000427354
0105 1703154410000467443
0106 1703154410000507444
0107 1703154410000547340
0108 1703154410000587447
0109 1703154410000627348
0110 1703154410000667464
0111 1703154410000707603
0112 1703154410000747523
0113 1703154410000787609
0114 1703154410000827521
0115 1703154410000867398
0116 1703154410000907529
0117 1703154410000947573
0118 1703154410000987572
0119 1703154411000027553
0120 1703154411000067618
0121 1703154411000107591
0122 1703154411000147545
0123 1703154411000187563
0124 1703154411000227419
0125 1703154411000267656
0126 1703154411000307566
0127 1703154411000347550
0128 1703154411000387618
0129 1703154411000427626
0130 1703154411000467632
0131 1703154411000507488
0132 1703154411000547454
0133 1703154411000587494
0134 1703154411000627613
0135 1703154411000667595
0136 1703154411000707519
0137 1703154411000747661
0138 1703154411000787677
0139 1703154411000827609
0140 1703154411000867734
0141 1703154411000907682
0142 1703154411000947618
0143 1703154411000987687
0144 1703154412000027634
0145 1703154412000067712
0146 1703154412000107757
0147 1703154412000147671
0148 1703154412000187728
0149 1703154412000227542
0150 1703154412000267677
0151 1703154412000307717
0152 1703154412000347744
0153 1703154412000387749
0154 1703154412000427713
0155 1703154412000467718
0156 1703154412000507635
0157 1703154412000547715
0158 1703154412000587620
0159 1703154412000627708
0160 1703154412000667801
0161 1703154412000707809
0162 1703154412000747791
0163 1703154412000787853
0164 1703154412000827868
0165 1703154412000867763
0166 1703154412000907801
0167 1703154412000947812
0168 1703154412000987776
0169 1703154413000027813
0170 1703154413000067909
0171 1703154413000107716
0172 1703154413000147870
0173 1703154413000187678
0174 1703154413000227730
0175 1703154413000267892
0176 1703154413000307900
0177 1703154413000347896
0178 1703154413000387837
0179 1703154413000427934
0180 1703154413000467884
0181 1703154413000507923
0182 1703154413000547910
0183 1703154413000587937
0184 1703154413000627898
0185 1703154413000667940
0186 1703154413000707768
0187 1703154413000747931
0188 1703154413000787980
0189 1703154413000827968
0190 1703154413000867904
0191 1703154413000907903
0192 1703154413000947947
0193 1703154413000987950
0194 1703154414000027755
0195 1703154414000067958
0196 1703154414000107939
0197 1703154414000147846
0198 1703154414000187836
0199 1703154414000227959
0200 1703154414000268083
0201 1703154414000307826
0202 1703154414000348012
0203 1703154414000387820
0204 1703154414000428030
0205 1703154414000467876
0206 1703154414000507982
0207 1703154414000547886
0208 1703154414000588044
0209 1703154414000627906
0210 1703154414000667891
0211 1703154414000708087
0212 1703154414000747879
0213 1703154414000788117
0214 1703154414000827915
0215 1703154414000868074
0216 1703154414000908083
0217 1703154414000948044
0218 1703154414000988056
0219 1703154415000028045
0220 1703154415000067938
0221 1703154415000108115
0222 1703154415000148097
0223 1703154415000188181
0224 1703154415000227931
0225 1703154415000268113
0226 1703154415000308146
0227 1703154415000348136
0228 1703154415000388017
0229 1703154415000427979
0230 1703154415000468111
0231 1703154415000508163
0232 1703154415000547959
0233 1703154415000588129
0234 1703154415000628216
0235 1703154415000668146
0236 1703154415000707965
0237 1703154415000748150
0238 1703154415000788070
0239 1703154415000828151
0240 1703154415000868189
0241 1703154415000908191
0242 1703154415000948164
0243 1703154415000988185
0244 1703154416000028073
0245 1703154416000068224
0246 1703154416000108259
0247 1703154416000148187
0248 1703154416000188186
0249 1703154416000228228
0250 1703154416000268257
0251 1703154416000308230
0252 1703154416000348342
0253 1703154416000388261
0254 1703154416000428136
0255 1703154416000468139
0256 1703154416000508258
0257 1703154416000548277
0258 1703154416000588132
0259 1703154416000628150
0260 1703154416000668390
0261 1703154416000708142
0262 1703154416000748296
0263 1703154416000788277
0264 1703154416000828324
0265 1703154416000868379
0266 1703154416000908293
0267 1703154416000948360
0268 1703154416000988337
0269 1703154417000028330
0270 1703154417000068199
0271 1703154417000108341
0272 1703154417000148366
0273 1703154417000188349
0274 1703154417000228325
0275 1703154417000268359
0276 1703154417000308352
0277 1703154417000348449
0278 1703154417000388356
0279 1703154417000428381
0280 1703154417000468270
0281 1703154417000508399
0282 1703154417000548410
0283 1703154417000588386
0284 1703154417000628364
0285 1703154417000668388
0286 1703154417000708290
0287 1703154417000748474
0288 1703154417000788450
0289 1703154417000828414
0290 1703154417000868379
0291 1703154417000908442
0292 1703154417000948492
0293 1703154417000988481
0294 1703154418000028473
0295 1703154418000068482
0296 1703154418000108398
0297 1703154418000148524
0298 1703154418000188420
0299 1703154418000228494
0300 1703154418000268485
0301 1703154418000308493
0302 1703154418000348534
0303 1703154418000388455
0304 1703154418000428528
0305 1703154418000468502
0306 1703154418000508475
0307 1703154418000548552
0308 1703154418000588502
0309 1703154418000628593
0310 1703154418000668572
0311 1703154418000708514
0312 1703154418000748547
0313 1703154418000788397
0314 1703154418000828500
0315 1703154418000868572
0316 1703154418000908548
0317 1703154418000948598
0318 1703154418000988633
0319 1703154419000028430
0320 1703154419000068523
0321 1703154419000108584
0322 1703154419000148447
0323 1703154419000188560
0324 1703154419000228610
0325 1703154419000268629
0326 1703154419000308582
0327 1703154419000348676
0328 1703154419000388630
0329 1703154419000428646
0330 1703154419000468598
0331 1703154419000508499
0332 1703154419000548591
0333 1703154419000588701
0334 1703154419000628717
0335 1703154419000668639
0336 1703154419000708660
0337 1703154419000748654
0338 1703154419000788668
0339 1703154419000828528
0340 1703154419000868653
0341 1703154419000908731
0342 1703154419000948688
0343 1703154419000988669
0344 1703154420000028664
0345 1703154420000068664
0346 1703154420000108723
0347 1703154420000148795
0348 1703154420000188580
0349 1703154420000228720
0350 1703154420000268756
0351 1703154420000308731
0352 1703154420000348751
0353 1703154420000388878
0354 1703154420000428783
0355 1703154420000468584
0356 1703154420000508742
0357 1703154420000548855
0358 1703154420000588778
0359 1703154420000628732
0360 1703154420000668774
0361 1703154420000708632
0362 1703154420000748856
0363 1703154420000788789
0364 1703154420000828797
0365 1703154420000868665
0366 1703154420000908841
0367 1703154420000948829
0368 1703154420000988864
0369 1703154421000028802
0370 1703154421000068684
0371 1703154421000108876
0372 1703154421000148892
0373 1703154421000188943
0374 1703154421000228685
0375 1703154421000268815
0376 1703154421000308720
0377 1703154421000348927
0378 1703154421000388846
0379 1703154421000428866
0380 1703154421000468862
0381 1703154421000508944
0382 1703154421000548873
0383 1703154421000588914
0384 1703154421000628751
0385 1703154421000668863
0386 1703154421000708901
0387 1703154421000748860
0388 1703154421000788952
0389 1703154421000828925
0390 1703154421000868904
0391 1703154421000908991
0392 1703154421000948889
0393 1703154421000988926
0394 1703154422000028966
0395 1703154422000068926
0396 1703154422000108923
0397 1703154422000148912
0398 1703154422000188924
0399 1703154422000228973
0400 1703154422000268953
0401 1703154422000308842
0402 1703154422000348848
0403 1703154422000388970
0404 1703154422000429036
0405 1703154422000469000
0406 1703154422000509017
0407 1703154422000548870
0408 1703154422000589080
0409 1703154422000629025
0410 1703154422000669092
0411 1703154422000708864
0412 1703154422000749044
0413 1703154422000789072
0414 1703154422000829111
0415 1703154422000868869
0416 1703154422000909041
0417 1703154422000949118
0418 1703154422000989052
0419 1703154423000029066
0420 1703154423000068936
0421 1703154423000109133
0422 1703154423000149119
0423 1703154423000189064
0424 1703154423000229150
0425 1703154423000269190
0426 1703154423000309139
0427 1703154423000349081
0428 1703154423000389164
0429 1703154423000429161
0430 1703154423000469136
0431 1703154423000508990
0432 1703154423000549147
0433 1703154423000589106
0434 1703154423000629127
0435 1703154423000669143
0436 1703154423000709140
0437 1703154423000749201
0438 1703154423000789187
0439 1703154423000829149
0440 1703154423000869138
0441 1703154423000909168
0442 1703154423000949253
0443 1703154423000989203
0444 1703154424000029289
0445 1703154424000069168
0446 1703154424000109310
0447 1703154424000149197
0448 1703154424000189080
0449 1703154424000229080
0450 1703154424000269106
0451 1703154424000309244
0452 1703154424000349093
0453 1703154424000389273
0454 1703154424000429329
0455 1703154424000469215
0456 1703154424000509232
0457 1703154424000549285
0458 1703154424000589322
0459 1703154424000629294
0460 1703154424000669294
0461 1703154424000709174
0462 1703154424000749366
0463 1703154424000789263
0464 1703154424000829192
0465 1703154424000869157
0466 1703154424000909180
0467 1703154424000949351
0468 1703154424000989412
0469 1703154425000029135
0470 1703154425000069295
0471 1703154425000109202
0472 1703154425000149364
0473 1703154425000189330
0474 1703154425000229200
0475 1703154425000269324
0476 1703154425000309389
0477 1703154425000349443
0478 1703154425000389391
0479 1703154425000429390
0480 1703154425000469361
0481 1703154425000509393
0482 1703154425000549269
0483 1703154425000589367
0484 1703154425000629403
0485 1703154425000669472
0486 1703154425000709493
0487 1703154425000749474
0488 1703154425000789428
0489 1703154425000829380
0490 1703154425000869397
0491 1703154425000909475
0492 1703154425000949273
0493 1703154425000989285
0494 1703154426000029442
0495 1703154426000069317
0496 1703154426000109534
0497 1703154426000149321
0498 1703154426000189310
0499 1703154426000229468
0500 1703154426000269536
0501 1703154426000309333
0502 1703154426000349483
0503 1703154426000389526
0504 1703154426000429484
0505 1703154426000469373
0506 1703154426000509553
0507 1703154426000549554
0508 1703154426000589567
0509 1703154426000629519
0510 1703154426000669561
0511 1703154426000709590
0512 1703154426000749600
0513 1703154426000789411
0514 1703154426000829405
0515 1703154426000869589
0516 1703154426000909468
0517 1703154426000949618
0518 1703154426000989580
0519 1703154427000029598
0520 1703154427000069442
0521 1703154427000109433
0522 1703154427000149406
0523 1703154427000189605
0524 1703154427000229575
0525 1703154427000269477
0526 1703154427000309660
0527 1703154427000349642
0528 1703154427000389641
0529 1703154427000429593
0530 1703154427000469655
0531 1703154427000509652
0532 1703154427000549497
0533 1703154427000589512
0534 1703154427000629655
0535 1703154427000669718
0536 1703154427000709642
0537 1703154427000749657
0538 1703154427000789713
0539 1703154427000829671
0540 1703154427000869637
0541 1703154427000909693
0542 1703154427000949678
0543 1703154427000989722
0544 1703154428000029547
0545 1703154428000069788
0546 1703154428000109563
0547 1703154428000149691
0548 1703154428000189561
0549 1703154428000229810
0550 1703154428000269776
0551 1703154428000309713
0552 1703154428000349592
0553 1703154428000389766
0554 1703154428000429706
0555 1703154428000469749
0556 1703154428000509716
0557 1703154428000549587
0558 1703154428000589854
0559 1703154428000629810
0560 1703154428000669626
0561 1703154428000709622
0562 1703154428000749755
0563 1703154428000789848
0564 1703154428000829811
0565 1703154428000869795
0566 1703154428000909811
0567 1703154428000949677
0568 1703154428000989795
0569 1703154429000029861
0570 1703154429000069872
0571 1703154429000109851
0572 1703154429000149829
0573 1703154429000189728
0574 1703154429000229864
0575 1703154429000269897
0576 1703154429000309813
0577 1703154429000349855
0578 1703154429000389730
0579 1703154429000429738
0580 1703154429000469761
0581 1703154429000509855
0582 1703154429000549907
0583 1703154429000589846
0584 1703154429000629912
0585 1703154429000669785
0586 1703154429000709950
0587 1703154429000749906
0588 1703154429000789764
0589 1703154429000829939
0590 1703154429000869780
0591 1703154429000909909
0592 1703154429000949932
0593 1703154429000989774
0594 1703154430000029946
0595 1703154430000069947
0596 1703154430000109840
0597 1703154430000149973
0598 1703154430000189828
0599 1703154430000230033
0600 1703154430000269984
0601 1703154430000309996
0602 1703154430000349874
0603 1703154430000389974
0604 1703154430000429889
0605 1703154430000469869
0606 1703154430000509980
0607 1703154430000549903
0608 1703154430000590068
0609 1703154430000630001
0610 1703154430000669876
0611 1703154430000710102
0612 1703154430000749886
0613 1703154430000790015
0614 1703154430000830042
0615 1703154430000870049
0616 1703154430000910086
0617 1703154430000949926
0618 1703154430000990081
0619 1703154431000030122
0620 1703154431000070056
0621 1703154431000110084
0622 1703154431000150066
0623 1703154431000189935
0624 1703154431000230131
0625 1703154431000269950
0626 1703154431000310089
0627 1703154431000350109
0628 1703154431000389955
0629 1703154431000430100
0630 1703154431000470169
0631 1703154431000510143
0632 1703154431000549953
0633 1703154431000590110
0634 1703154431000630010
0635 1703154431000669992
0636 1703154431000709988
0637 1703154431000750134
0638 1703154431000790155
0639 1703154431000830020
0640 1703154431000870005
0641 1703154431000910020
0642 1703154431000950057
0643 1703154431000990198
0644 1703154432000030171
0645 1703154432000070214
0646 1703154432000110246
0647 1703154432000150282
0648 1703154432000190130
0649 1703154432000230220
0650 1703154432000270117
0651 1703154432000310225
0652 1703154432000350100
0653 1703154432000390262
0654 1703154432000430291
0655 1703154432000470266
0656 1703154432000510143
0657 1703154432000550095
0658 1703154432000590330
0659 1703154432000630338
0660 1703154432000670315
0661 1703154432000710301
0662 1703154432000750120
0663 1703154432000790173
0664 1703154432000830142
0665 1703154432000870339
0666 1703154432000910352
0667 1703154432000950291
0668 1703154432000990227
0669 1703154433000030373
0670 1703154433000070213
0671 1703154433000110365
0672 1703154433000150352
0673 1703154433000190362
0674 1703154433000230381
0675 1703154433000270355
0676 1703154433000310369
0677 1703154433000350392
0678 1703154433000390255
0679 1703154433000430444
0680 1703154433000470296
0681 1703154433000510241
0682 1703154433000550225
0683 1703154433000590410
0684 1703154433000630456
0685 1703154433000670431
0686 1703154433000710299
0687 1703154433000750420
0688 1703154433000790322
0689 1703154433000830325
0690 1703154433000870519
0691 1703154433000910323
0692 1703154433000950335
0693 1703154433000990320
0694 1703154434000030340
0695 1703154434000070552
0696 1703154434000110539
0697 1703154434000150482
0698 1703154434000190320
0699 1703154434000230342
0700 1703154434000270569
0701 1703154434000310574
0702 1703154434000350405
0703 1703154434000390558
0704 1703154434000430538
0705 1703154434000470567
0706 1703154434000510598
0707 1703154434000550331
0708 1703154434000590598
0709 1703154434000630434
0710 1703154434000670532
0711 1703154434000710416
0712 1703154434000750659
0713 1703154434000790444
0714 1703154434000830452
0715 1703154434000870563
0716 1703154434000910450
0717 1703154434000950613
0718 1703154434000990614
0719 1703154435000030669
0720 1703154435000070611
0721 1703154435000110471
0722 1703154435000150504
0723 1703154435000190612
0724 1703154435000230433
0725 1703154435000270476
0726 1703154435000310490
0727 1703154435000350672
0728 1703154435000390715
0729 1703154435000430736
0730 1703154435000470467
0731 1703154435000510714
0732 1703154435000550555
0733 1703154435000590732
0734 1703154435000630698
0735 1703154435000670734
0736 1703154435000710488
0737 1703154435000750538
0738 1703154435000790485
0739 1703154435000830589
0740 1703154435000870751
0741 1703154435000910562
0742 1703154435000950732
0743 1703154435000990764
0744 1703154436000030548
0745 1703154436000070709
0746 1703154436000110766
0747 1703154436000150611
0748 1703154436000190622
0749 1703154436000230591
0750 1703154436000270553
0751 1703154436000310612
0752 1703154436000350643
0753 1703154436000390783
0754 1703154436000430663
0755 1703154436000470693
0756 1703154436000510649
0757 1703154436000550870
0758 1703154436000590687
0759 1703154436000630685
0760 1703154436000670888
0761 1703154436000710830
0762 1703154436000750683
0763 1703154436000790719
0764 1703154436000830683
0765 1703154436000870698
0766 1703154436000910858
0767 1703154436000950850
0768 1703154436000990694
0769 1703154437000030891
0770 1703154437000070844
0771 1703154437000110833
0772 1703154437000150874
0773 1703154437000190934
0774 1703154437000230871
0775 1703154437000270950
0776 1703154437000310887
0777 1703154437000350934
0778 1703154437000390894
0779 1703154437000430679
0780 1703154437000470781
0781 1703154437000510902
0782 1703154437000550756
0783 1703154437000590714
0784 1703154437000630731
0785 1703154437000670964
0786 1703154437000710970
0787 1703154437000750753
0788 1703154437000790923
0789 1703154437000830834
0790 1703154437000870925
0791 1703154437000910903
0792 1703154437000950813
0793 1703154437000990997
0794 1703154438000030801
0795 1703154438000070961
0796 1703154438000110800
0797 1703154438000150792
0798 1703154438000190844
0799 1703154438000230822
0800 1703154438000270829
0801 1703154438000310824
0802 1703154438000350832
0803 1703154438000391001
0804 1703154438000431087
0805 1703154438000470999
0806 1703154438000510867
0807 1703154438000550827
0808 1703154438000590997
0809 1703154438000631042
0810 1703154438000671068
0811 1703154438000711028
0812 1703154438000751138
0813 1703154438000790895
0814 1703154438000831055
0815 1703154438000871036
0816 1703154438000911051
0817 1703154438000951095
0818 1703154438000990962
0819 1703154439000031087
0820 1703154439000071084
0821 1703154439000111099
0822 1703154439000151157
0823 1703154439000190945
0824 1703154439000231144
0825 1703154439000270949
0826 1703154439000311133
0827 1703154439000350965
0828 1703154439000390998
0829 1703154439000431230
0830 1703154439000470961
0831 1703154439000511029
0832 1703154439000551172
0833 1703154439000591143
0834 1703154439000631222
0835 1703154439000671139
0836 1703154439000711198
0837 1703154439000751011
0838 1703154439000791233
0839 1703154439000831195
0840 1703154439000871185
0841 1703154439000911025
0842 1703154439000951183
0843 1703154439000991074
0844 1703154440000031230
0845 1703154440000071267
0846 1703154440000111074
0847 1703154440000151040
0848 1703154440000191116
0849 1703154440000231323
0850 1703154440000271036
0851 1703154440000311107
0852 1703154440000351298
0853 1703154440000391177
0854 1703154440000431162
0855 1703154440000471114
0856 1703154440000511266
0857 1703154440000551305
0858 1703154440000591132
0859 1703154440000631119
0860 1703154440000671283
0861 1703154440000711372
0862 1703154440000751195
0863 1703154440000791159
0864 1703154440000831339
0865 1703154440000871197
0866 1703154440000911305
0867 1703154440000951356
0868 1703154440000991182
0869 1703154441000031322
0870 1703154441000071350
0871 1703154441000111225
0872 1703154441000151415
0873 1703154441000191405
0874 1703154441000231441
0875 1703154441000271410
0876 1703154441000311195
0877 1703154441000351349
0878 1703154441000391228
0879 1703154441000431243
0880 1703154441000471217
0881 1703154441000511246
0882 1703154441000551289
0883 1703154441000591427
0884 1703154441000631430
0885 1703154441000671248
0886 1703154441000711275
0887 1703154441000751456
0888 1703154441000791450
0889 1703154441000831443
0890 1703154441000871324
0891 1703154441000911417
0892 1703154441000951506
0893 1703154441000991312
0894 1703154442000031448
0895 1703154442000071321
0896 1703154442000111283
0897 1703154442000151356
0898 1703154442000191326
0899 1703154442000231327
0900 1703154442000271320
0901 1703154442000311379
0902 1703154442000351554
0903 1703154442000391549
0904 1703154442000431358
0905 1703154442000471559
0906 1703154442000511604
0907 1703154442000551562
0908 1703154442000591526
0909 1703154442000631385
0910 1703154442000671541
0911 1703154442000711566
0912 1703154442000751407
0913 1703154442000791531
0914 1703154442000831401
0915 1703154442000871612
0916 1703154442000911462
0917 1703154442000951560
0918 1703154442000991573
0919 1703154443000031379
0920 1703154443000071582
0921 1703154443000111496
0922 1703154443000151579
0923 1703154443000191644
0924 1703154443000231486
0925 1703154443000271607
0926 1703154443000311433
0927 1703154443000351618
0928 1703154443000391643
0929 1703154443000431463
0930 1703154443000471540
0931 1703154443000511687
0932 1703154443000551668
0933 1703154443000591499
0934 1703154443000631509
0935 1703154443000671503
0936 1703154443000711757
0937 1703154443000751721
0938 1703154443000791750
0939 1703154443000831692
0940 1703154443000871495
0941 1703154443000911721
0942 1703154443000951782
0943 1703154443000991719
0944 1703154444000031583
0945 1703154444000071554
0946 1703154444000111592
0947 1703154444000151550
0948 1703154444000191715
0949 1703154444000231777
0950 1703154444000271797
0951 1703154444000311738
0952 1703154444000351740
0953 1703154444000391733
0954 1703154444000431739
0955 1703154444000471650
0956 1703154444000511587
0957 1703154444000551810
0958 1703154444000591771
0959 1703154444000631848
0960 1703154444000671778
0961 1703154444000711840
0962 1703154444000751801
0963 1703154444000791872
0964 1703154444000831649
0965 1703154444000871688
0966 1703154444000911869
0967 1703154444000951909
0968 1703154444000991860
0969 1703154445000031909
0970 1703154445000071900
0971 1703154445000111898
0972 1703154445000151846
0973 1703154445000191696
0974 1703154445000231695
0975 1703154445000271896
0976 1703154445000311741
0977 1703154445000351929
0978 1703154445000391882
0979 1703154445000431884
0980 1703154445000471897
0981 1703154445000511925
0982 1703154445000551888
0983 1703154445000591935
0984 1703154445000631922
0985 1703154445000671763
0986 1703154445000711952
0987 1703154445000751915
0988 1703154445000791928
0989 1703154445000831787
0990 1703154445000871809
0991 1703154445000912029
0992 1703154445000951987
0993 1703154445000992066
0994 1703154446000031789
0995 1703154446000071949
0996 1703154446000111924
0997 1703154446000151814
0998 1703154446000192070
0999 1703154446000231953
1000 1703154446000271990
1001 1703154446000311827
1002 1703154446000351865
1003 1703154446000391848
1004 1703154446000432067
1005 1703154446000471940
1006 1703154446000511889
1007 1703154446000552071
1008 1703154446000592043
1009 1703154446000631911
1010 1703154446000672065
1011 1703154446000711896
1012 1703154446000751908
1013 1703154446000791897
1014 1703154446000831925
1015 1703154446000872092
1016 1703154446000911956
1017 1703154446000952156
1018 1703154446000992088
1019 1703154447000032162
1020 1703154447000071948
1021 1703154447000111933
1022 1703154447000151977
1023 1703154447000191940
1024 1703154447000232132
1025 1703154447000271955
1026 1703154447000311943
1027 1703154447000351960
1028 1703154447000391976
1029 1703154447000432142
1030 1703154447000471998
1031 1703154447000511992
1032 1703154447000552192
1033 1703154447000592016
1034 1703154447000632168
1035 1703154447000672156
1036 1703154447000712255
1037 1703154447000752188
1038 1703154447000792008
1039 1703154447000832073
1040 1703154447000872042
1041 1703154447000912055
1042 1703154447000952190
1043 1703154447000992232
1044 1703154448000032075
1045 1703154448000072216
1046 1703154448000112237
1047 1703154448000152321
1048 1703154448000192248
1049 1703154448000232073
1050 1703154448000272088
1051 1703154448000312246
1052 1703154448000352285
1053 1703154448000392337
1054 1703154448000432254
1055 1703154448000472142
1056 1703154448000512337
1057 1703154448000552099
1058 1703154448000592109
1059 1703154448000632303
1060 1703154448000672115
1061 1703154448000712319
1062 1703154448000752296
1063 1703154448000792133
1064 1703154448000832419
1065 1703154448000872150
1066 1703154448000912155
1067 1703154448000952309
1068 1703154448000992175
1069 1703154449000032434
1070 1703154449000072211
1071 1703154449000112213
1072 1703154449000152352
1073 1703154449000192405
1074 1703154449000232385
1075 1703154449000272231
1076 1703154449000312222
1077 1703154449000352395
1078 1703154449000392218
1079 1703154449000432262
1080 1703154449000472413
1081 1703154449000512398
1082 1703154449000552391
1083 1703154449000592388
1084 1703154449000632287
1085 1703154449000672242
1086 1703154449000712482
1087 1703154449000752467
1088 1703154449000792277
1089 1703154449000832233
1090 1703154449000872278
1091 1703154449000912536
1092 1703154449000952430
1093 1703154449000992282
1094 1703154450000032504
1095 1703154450000072483
1096 1703154450000112318
1097 1703154450000152464
1098 1703154450000192315
1099 1703154450000232511
1100 1703154450000272357
1101 1703154450000312496
1102 1703154450000352359
1103 1703154450000392407
1104 1703154450000432344
1105 1703154450000472491
1106 1703154450000512625
1107 1703154450000552397
1108 1703154450000592571
1109 1703154450000632598
1110 1703154450000672369
1111 1703154450000712561
1112 1703154450000752628
1113 1703154450000792362
1114 1703154450000832574
1115 1703154450000872683
1116 1703154450000912612
1117 1703154450000952580
1118 1703154450000992580
1119 1703154451000032580
1120 1703154451000072598
1121 1703154451000112589
1122 1703154451000152424
1123 1703154451000192599
1124 1703154451000232615
1125 1703154451000272596
1126 1703154451000312678
1127 1703154451000352496
1128 1703154451000392623
1129 1703154451000432507
1130 1703154451000472724
1131 1703154451000512667
1132 1703154451000552549
1133 1703154451000592754
1134 1703154451000632650
1135 1703154451000672673
1136 1703154451000712551
1137 1703154451000752769
1138 1703154451000792609
1139 1703154451000832520
1140 1703154451000872716
1141 1703154451000912546
1142 1703154451000952549
1143 1703154451000992576
1144 1703154452000032560
1145 1703154452000072554
1146 1703154452000112756
1147 1703154452000152626
1148 1703154452000192580
1149 1703154452000232588
1150 1703154452000272667
1151 1703154452000312864
1152 1703154452000352799
1153 1703154452000392647
1154 1703154452000432795
1155 1703154452000472851
1156 1703154452000512816
1157 1703154452000552671
1158 1703154452000592669
1159 1703154452000632607
1160 1703154452000672689
1161 1703154452000712654
1162 1703154452000752690
1163 1703154452000792747
1164 1703154452000832689
1165 1703154452000872844
1166 1703154452000912702
1167 1703154452000952880
1168 1703154452000992684
1169 1703154453000032685
1170 1703154453000072762
1171 1703154453000112788
1172 1703154453000152768
1173 1703154453000192893
1174 1703154453000232725
1175 1703154453000272676
1176 1703154453000312761
1177 1703154453000352729
1178 1703154453000392737
1179 1703154453000432772
1180 1703154453000472784
1181 1703154453000512794
1182 1703154453000552803
1183 1703154453000592774
1184 1703154453000632787
1185 1703154453000672922
1186 1703154453000712762
1187 1703154453000752803
1188 1703154453000792762
1189 1703154453000832876
1190 1703154453000872805
1191 1703154453000912979
1192 1703154453000952833
1193 1703154453000993040
1194 1703154454000032799
1195 1703154454000073010
1196 1703154454000112902
1197 1703154454000152924
1198 1703154454000192873
1199 1703154454000232855
1200 1703154454000272916
1201 1703154454000312883
1202 1703154454000352915
1203 1703154454000393039
1204 1703154454000433065
1205 1703154454000472891
1206 1703154454000512907
1207 1703154454000552938
1208 1703154454000592864
1209 1703154454000632959
1210 1703154454000672948
1211 1703154454000713076
1212 1703154454000752905
1213 1703154454000793049
1214 1703154454000832931
1215 1703154454000872887
1216 1703154454000912972
1217 1703154454000952931
1218 1703154454000992934
1219 1703154455000032967
1220 1703154455000072926
1221 1703154455000112945
1222 1703154455000152922
1223 1703154455000193019
1224 1703154455000233206
1225 1703154455000273013
1226 1703154455000313177
1227 1703154455000352956
1228 1703154455000393027
1229 1703154455000433006
1230 1703154455000473017
1231 1703154455000513226
1232 1703154455000553043
1233 1703154455000593046
1234 1703154455000633093
1235 1703154455000673045
1236 1703154455000713043
1237 1703154455000753060
1238 1703154455000793083
1239 1703154455000833060
1240 1703154455000873289
1241 1703154455000913061
1242 1703154455000953211
1243 1703154455000993027
1244 1703154456000033265
1245 1703154456000073119
1246 1703154456000113274
1247 1703154456000153308
1248 1703154456000193336
1249 1703154456000233121
1250 1703154456000273115
1251 1703154456000313150
1252 1703154456000353303
1253 1703154456000393300
1254 1703154456000433292
1255 1703154456000473344
1256 1703154456000513239
1257 1703154456000553190
1258 1703154456000593356
1259 1703154456000633147
1260 1703154456000673110
1261 1703154456000713342
1262 1703154456000753354
1263 1703154456000793175
1264 1703154456000833348
1265 1703154456000873154
1266 1703154456000913163
1267 1703154456000953180
1268 1703154456000993362
1269 1703154457000033362
1270 1703154457000073417
1271 1703154457000113428
1272 1703154457000153194
1273 1703154457000193357
1274 1703154457000233181
1275 1703154457000273264
1276 1703154457000313248
1277 1703154457000353204
1278 1703154457000393452
1279 1703154457000433250
1280 1703154457000473388
1281 1703154457000513279
1282 1703154457000553232
1283 1703154457000593456
1284 1703154457000633483
1285 1703154457000673301
1286 1703154457000713252
1287 1703154457000753449
1288 1703154457000793240
1289 1703154457000833453
1290 1703154457000873315
1291 1703154457000913274
1292 1703154457000953276
1293 1703154457000993489
1294 1703154458000033487
1295 1703154458000073315
1296 1703154458000113490
1297 1703154458000153284
1298 1703154458000193531
1299 1703154458000233322
1300 1703154458000273408
1301 1703154458000313374
1302 1703154458000353495
1303 1703154458000393532
1304 1703154458000433544
1305 1703154458000473370
1306 1703154458000513392
1307 1703154458000553335
1308 1703154458000593550
1309 1703154458000633554
1310 1703154458000673426
1311 1703154458000713572
1312 1703154458000753602
1313 1703154458000793553
1314 1703154458000833371
1315 1703154458000873440
1316 1703154458000913631
1317 1703154458000953640
1318 1703154458000993417
1319 1703154459000033423
1320 1703154459000073632
1321 1703154459000113455
1322 1703154459000153470
1323 1703154459000193440
1324 1703154459000233622
1325 1703154459000273644
1326 1703154459000313466
1327 1703154459000353747
1328 1703154459000393660
1329 1703154459000433527
1330 1703154459000473703
1331 1703154459000513726
1332 1703154459000553476
1333 1703154459000593487
1334 1703154459000633513
1335 1703154459000673511
1336 1703154459000713748
1337 1703154459000753566
1338 1703154459000793687
1339 1703154459000833692
1340 1703154459000873611
1341 1703154459000913551
1342 1703154459000953742
1343 1703154459000993612
1344 1703154460000033580
1345 1703154460000073732
1346 1703154460000113824
1347 1703154460000153567
1348 1703154460000193605
1349 1703154460000233540
1350 1703154460000273602
1351 1703154460000313787
1352 1703154460000353810
1353 1703154460000393615
1354 1703154460000433805
1355 1703154460000473659
1356 1703154460000513787
1357 1703154460000553821
1358 1703154460000593652
1359 1703154460000633678
1360 1703154460000673629
1361 1703154460000713655
1362 1703154460000753642
1363 1703154460000793642
1364 1703154460000833713
1365 1703154460000873645
1366 1703154460000913851
1367 1703154460000953661
1368 1703154460000993669
1369 1703154461000033941
1370 1703154461000073709
1371 1703154461000113759
1372 1703154461000153875
1373 1703154461000193910
1374 1703154461000233968
1375 1703154461000273717
1376 1703154461000313897
1377 1703154461000353779
1378 1703154461000393776
1379 1703154461000433793
1380 1703154461000473808
1381 1703154461000513792
1382 1703154461000553950
1383 1703154461000593938
1384 1703154461000633973
1385 1703154461000673759
1386 1703154461000713758
1387 1703154461000753775
1388 1703154461000793770
1389 1703154461000833793
1390 1703154461000874007
1391 1703154461000913852
1392 1703154461000953810
1393 1703154461000993839
1394 1703154462000033809
1395 1703154462000073840
1396 1703154462000113830
1397 1703154462000153808
1398 1703154462000194011
1399 1703154462000233874
1400 1703154462000273868
1401 1703154462000314076
1402 1703154462000353826
1403 1703154462000393837
1404 1703154462000433854
1405 1703154462000474093
1406 1703154462000513845
1407 1703154462000553858
1408 1703154462000593842
1409 1703154462000634058
1410 1703154462000673955
1411 1703154462000713932
1412 1703154462000753950
1413 1703154462000794068
1414 1703154462000834143
1415 1703154462000874132
1416 1703154462000913964
1417 1703154462000953952
1418 1703154462000993904
1419 1703154463000034138
1420 1703154463000074205
1421 1703154463000114158
1422 1703154463000153969
1423 1703154463000194149
1424 1703154463000234178
1425 1703154463000274120
1426 1703154463000313991
1427 1703154463000354008
1428 1703154463000393956
1429 1703154463000434015
1430 1703154463000474026
1431 1703154463000514064
1432 1703154463000554193
1433 1703154463000593990
1434 1703154463000634086
1435 1703154463000673979
1436 1703154463000714051
1437 1703154463000754037
1438 1703154463000794236
1439 1703154463000834072
1440 1703154463000873992
1441 1703154463000914079
1442 1703154463000954256
1443 1703154463000994054
1444 1703154464000034029
1445 1703154464000074254
1446 1703154464000114119
1447 1703154464000154080
1448 1703154464000194256
1449 1703154464000234063
1450 1703154464000274349
1451 1703154464000314111
1452 1703154464000354124
1453 1703154464000394107
1454 1703154464000434093
1455 1703154464000474087
1456 1703154464000514282
1457 1703154464000554146
1458 1703154464000594368
1459 1703154464000634129
1460 1703154464000674131
1461 1703154464000714103
1462 1703154464000754181
1463 1703154464000794410
1464 1703154464000834244
1465 1703154464000874419
1466 1703154464000914192
1467 1703154464000954188
1468 1703154464000994189
1469 1703154465000034250
1470 1703154465000074219
1471 1703154465000114284
1472 1703154465000154211
1473 1703154465000194204
1474 1703154465000234207
1475 1703154465000274202
1476 1703154465000314413
1477 1703154465000354248
1478 1703154465000394259
1479 1703154465000434339
1480 1703154465000474244
1481 1703154465000514324
1482 1703154465000554240
1483 1703154465000594243
1484 1703154465000634320
1485 1703154465000674468
1486 1703154465000714493
1487 1703154465000754436
1488 1703154465000794317
1489 1703154465000834480
1490 1703154465000874376
1491 1703154465000914321
1492 1703154465000954291
1493 1703154465000994391
1494 1703154466000034319
1495 1703154466000074370
1496 1703154466000114340
1497 1703154466000154313
1498 1703154466000194277
1499 1703154466000234529
1500 1703154466000274351
1501 1703154466000314522
1502 1703154466000354354
1503 1703154466000394387
1504 1703154466000434355
1505 1703154466000474385
1506 1703154466000514356
1507 1703154466000554345
1508 1703154466000594601
1509 1703154466000634418
1510 1703154466000674623
1511 1703154466000714574
1512 1703154466000754419
1513 1703154466000794576
1514 1703154466000834440
1515 1703154466000874618
1516 1703154466000914631
1517 1703154466000954409
1518 1703154466000994626
1519 1703154467000034435
1520 1703154467000074422
1521 1703154467000114444
1522 1703154467000154620
1523 1703154467000194510
1524 1703154467000234676
1525 1703154467000274531
1526 1703154467000314442
1527 1703154467000354464
1528 1703154467000394487
1529 1703154467000434490
1530 1703154467000474655
1531 1703154467000514521
1532 1703154467000554688
1533 1703154467000594497
1534 1703154467000634589
1535 1703154467000674508
1536 1703154467000714735
1537 1703154467000754578
1538 1703154467000794501
1539 1703154467000834508
1540 1703154467000874565
1541 1703154467000914514
1542 1703154467000954546
1543 1703154467000994529
1544 1703154468000034646
1545 1703154468000074752
1546 1703154468000114578
1547 1703154468000154574
1548 1703154468000194550
1549 1703154468000234551
1550 1703154468000274615
1551 1703154468000314599
1552 1703154468000354803
1553 1703154468000394590
1554 1703154468000434605
1555 1703154468000474623
1556 1703154468000514805
1557 1703154468000554819
1558 1703154468000594814
1559 1703154468000634628
1560 1703154468000674612
1561 1703154468000714651
1562 1703154468000754665
1563 1703154468000794661
1564 1703154468000834903
1565 1703154468000874638
1566 1703154468000914839
1567 1703154468000954729
1568 1703154468000994707
1569 1703154469000034689
1570 1703154469000074676
1571 1703154469000114679
1572 1703154469000154887
1573 1703154469000194675
1574 1703154469000234725
1575 1703154469000274881
1576 1703154469000314715
1577 1703154469000354784
1578 1703154469000394889
1579 1703154469000434739
1580 1703154469000474736
1581 1703154469000514932
1582 1703154469000554757
1583 1703154469000594760
1584 1703154469000634741
1585 1703154469000674761
1586 1703154469000714965
1587 1703154469000754815
1588 1703154469000794752
1589 1703154469000834797
1590 1703154469000874948
1591 1703154469000914808
1592 1703154469000954830
1593 1703154469000994812
1594 1703154470000034852
1595 1703154470000074787
1596 1703154470000114988
1597 1703154470000154817
1598 1703154470000194867
1599 1703154470000235020
1600 1703154470000274809
1601 1703154470000314819
1602 1703154470000354893
1603 1703154470000394908
1604 1703154470000434860
1605 1703154470000475088
1606 1703154470000515045
1607 1703154470000554854
1608 1703154470000594904
1609 1703154470000634896
1610 1703154470000674862
1611 1703154470000714871
1612 1703154470000754881
1613 1703154470000794875
1614 1703154470000835149
1615 1703154470000874930
1616 1703154470000914937
1617 1703154470000954966
1618 1703154470000994954
1619 1703154471000034956
1620 1703154471000075017
1621 1703154471000114969
1622 1703154471000155181
1623 1703154471000194961
1624 1703154471000234965
1625 1703154471000274984
1626 1703154471000314953
1627 1703154471000355062
1628 1703154471000395014
1629 1703154471000435039
1630 1703154471000475053
1631 1703154471000515105
1632 1703154471000555023
1633 1703154471000595021
1634 1703154471000635102
1635 1703154471000674982
1636 1703154471000715046
1637 1703154471000755037
1638 1703154471000795114
1639 1703154471000835055
1640 1703154471000875042
1641 1703154471000915044
1642 1703154471000955056
1643 1703154471000995253
1644 1703154472000035261
1645 1703154472000075272
1646 1703154472000115320
1647 1703154472000155126
1648 1703154472000195295
1649 1703154472000235287
1650 1703154472000275100
1651 1703154472000315138
1652 1703154472000355112
1653 1703154472000395095
1654 1703154472000435128
1655 1703154472000475184
1656 1703154472000515155
1657 1703154472000555185
1658 1703154472000595161
1659 1703154472000635346
1660 1703154472000675185
1661 1703154472000715360
1662 1703154472000755227
1663 1703154472000795198
1664 1703154472000835175
1665 1703154472000875201
1666 1703154472000915148
1667 1703154472000955199
1668 1703154472000995222
1669 1703154473000035208
1670 1703154473000075185
1671 1703154473000115401
1672 1703154473000155216
1673 1703154473000195280
1674 1703154473000235210
1675 1703154473000275185
1676 1703154473000315217
1677 1703154473000355261
1678 1703154473000395295
1679 1703154473000435270
1680 1703154473000475477
1681 1703154473000515355
1682 1703154473000555294
1683 1703154473000595494
1684 1703154473000635266
1685 1703154473000675255
1686 1703154473000715525
1687 1703154473000755297
1688 1703154473000795300
1689 1703154473000835405
1690 1703154473000875334
1691 1703154473000915528
1692 1703154473000955344
1693 1703154473000995522
1694 1703154474000035406
1695 1703154474000075347
1696 1703154474000115365
1697 1703154474000155399
1698 1703154474000195351
1699 1703154474000235367
1700 1703154474000275337
1701 1703154474000315383
1702 1703154474000355452
1703 1703154474000395570
1704 1703154474000435389
1705 1703154474000475387
1706 1703154474000515604
1707 1703154474000555409
1708 1703154474000595438
1709 1703154474000635465
1710 1703154474000675441
1711 1703154474000715413
1712 1703154474000755391
1713 1703154474000795428
1714 1703154474000835407
1715 1703154474000875450
1716 1703154474000915630
1717 1703154474000955424
1718 1703154474000995428
1719 1703154475000035650
1720 1703154475000075455
1721 1703154475000115567
1722 1703154475000155474
1723 1703154475000195476
1724 1703154475000235460
1725 1703154475000275523
1726 1703154475000315525
1727 1703154475000355583
1728 1703154475000395585
1729 1703154475000435525
1730 1703154475000475546
1731 1703154475000515516
1732 1703154475000555531
1733 1703154475000595547
1734 1703154475000635770
1735 1703154475000675526
1736 1703154475000715560
1737 1703154475000755655
1738 1703154475000795534
1739 1703154475000835739
1740 1703154475000875793
1741 1703154475000915565
1742 1703154475000955570
1743 1703154475000995579
1744 1703154476000035598
1745 1703154476000075763
1746 1703154476000115593
1747 1703154476000155546
1748 1703154476000195590
1749 1703154476000235571
1750 1703154476000275556
1751 1703154476000315616
1752 1703154476000355651
1753 1703154476000395593
1754 1703154476000435612
1755 1703154476000475658
1756 1703154476000515668
1757 1703154476000555660
1758 1703154476000595799
1759 1703154476000635636
1760 1703154476000675660
1761 1703154476000715858
1762 1703154476000755639
1763 1703154476000795679
1764 1703154476000835649
1765 1703154476000875681
1766 1703154476000915659
1767 1703154476000955667
1768 1703154476000995732
1769 1703154477000035742
1770 1703154477000075681
1771 1703154477000115929
1772 1703154477000155914
1773 1703154477000195728
1774 1703154477000235749
1775 1703154477000275705
1776 1703154477000315685
1777 1703154477000355799
1778 1703154477000395725
1779 1703154477000435759
1780 1703154477000475945
1781 1703154477000515772
1782 1703154477000555778
1783 1703154477000595964
1784 1703154477000635825
1785 1703154477000675819
1786 1703154477000715738
1787 1703154477000755996
1788 1703154477000795962
1789 1703154477000836021
1790 1703154477000875774
1791 1703154477000915798
1792 1703154477000955851
1793 1703154477000995801
1794 1703154478000036009
1795 1703154478000075811
1796 1703154478000115871
1797 1703154478000155818
1798 1703154478000195815
1799 1703154478000235905
1800 1703154478000275881
1801 1703154478000316040
1802 1703154478000355821
1803 1703154478000395868
1804 1703154478000435900
1805 1703154478000475855
1806 1703154478000515864
1807 1703154478000556102
1808 1703154478000595867
1809 1703154478000635891
1810 1703154478000675937
1811 1703154478000715903
1812 1703154478000755941
1813 1703154478000796136
1814 1703154478000835910
1815 1703154478000876125
1816 1703154478000916112
1817 1703154478000955959
1818 1703154478000995953
1819 1703154479000035946
1820 1703154479000075916
1821 1703154479000116143
1822 1703154479000155964
1823 1703154479000195970
1824 1703154479000235947
1825 1703154479000275991
1826 1703154479000316162
1827 1703154479000355961
1828 1703154479000396045
1829 1703154479000436006
1830 1703154479000476044
1831 1703154479000515979
1832 1703154479000556049
1833 1703154479000595982
1834 1703154479000636051
1835 1703154479000676061
1836 1703154479000716246
1837 1703154479000756213
1838 1703154479000796036
1839 1703154479000836080
1840 1703154479000876045
1841 1703154479000916032
1842 1703154479000956059
1843 1703154479000996037
1844 1703154480000036055
1845 1703154480000076059
1846 1703154480000116275
1847 1703154480000156280
1848 1703154480000196124
1849 1703154480000236157
1850 1703154480000276288
1851 1703154480000316089
1852 1703154480000356107
1853 1703154480000396083
1854 1703154480000436351
1855 1703154480000476133
1856 1703154480000516163
1857 1703154480000556118
1858 1703154480000596183
1859 1703154480000636119
1860 1703154480000676336
1861 1703154480000716384
1862 1703154480000756121
1863 1703154480000796385
1864 1703154480000836155
1865 1703154480000876234
1866 1703154480000916167
1867 1703154480000956228
1868 1703154480000996233
1869 1703154481000036162
1870 1703154481000076169
1871 1703154481000116268
1872 1703154481000156215
1873 1703154481000196181
1874 1703154481000236254
1875 1703154481000276210
1876 1703154481000316307
1877 1703154481000356251
1878 1703154481000396237
1879 1703154481000436242
1880 1703154481000476285
1881 1703154481000516292
1882 1703154481000556234
1883 1703154481000596272
1884 1703154481000636446
1885 1703154481000676286
1886 1703154481000716513
1887 1703154481000756258
1888 1703154481000796294
1889 1703154481000836291
1890 1703154481000876304
1891 1703154481000916265
1892 1703154481000956354
1893 1703154481000996307
1894 1703154482000036317
1895 1703154482000076326
1896 1703154482000116338
1897 1703154482000156298
1898 1703154482000196294
1899 1703154482000236332
1900 1703154482000276542
1901 1703154482000316549
1902 1703154482000356440
1903 1703154482000396340
1904 1703154482000436412
1905 1703154482000476424
1906 1703154482000516345
1907 1703154482000556607
1908 1703154482000596465
1909 1703154482000636450
1910 1703154482000676372
1911 1703154482000716455
1912 1703154482000756479
1913 1703154482000796384
1914 1703154482000836407
1915 1703154482000876394
1916 1703154482000916405
1917 1703154482000956435
1918 1703154482000996500
1919 1703154483000036433
1920 1703154483000076457
1921 1703154483000116562
1922 1703154483000156455
1923 1703154483000196661
1924 1703154483000236657
1925 1703154483000276433
1926 1703154483000316479
1927 1703154483000356653
1928 1703154483000396552
1929 1703154483000436511
1930 1703154483000476471
1931 1703154483000516572
1932 1703154483000556503
1933 1703154483000596756
1934 1703154483000636546
1935 1703154483000676571
1936 1703154483000716570
1937 1703154483000756547
1938 1703154483000796731
1939 1703154483000836527
1940 1703154483000876546
1941 1703154483000916557
1942 1703154483000956536
1943 1703154483000996543
1944 1703154484000036642
1945 1703154484000076567
1946 1703154484000116597
1947 1703154484000156552
1948 1703154484000196787
1949 1703154484000236608
1950 1703154484000276640
1951 1703154484000316793
1952 1703154484000356578
1953 1703154484000396584
1954 1703154484000436634
1955 1703154484000476591
1956 1703154484000516666
1957 1703154484000556830
1958 1703154484000596611
1959 1703154484000636661
1960 1703154484000676627
1961 1703154484000716693
1962 1703154484000756614
1963 1703154484000796612
1964 1703154484000836662
1965 1703154484000876849
1966 1703154484000916667
1967 1703154484000956883
1968 1703154484000996708
1969 1703154485000036708
1970 1703154485000076760
1971 1703154485000116699
1972 1703154485000156887
1973 1703154485000196726
1974 1703154485000236694
1975 1703154485000276730
1976 1703154485000316911
1977 1703154485000356762
1978 1703154485000396752
1979 1703154485000436770
1980 1703154485000476758
1981 1703154485000516710
1982 1703154485000556737
1983 1703154485000596744
1984 1703154485000636769
1985 1703154485000676795
1986 1703154485000716742
1987 1703154485000756831
1988 1703154485000796979
1989 1703154485000836829
1990 1703154485000876978
1991 1703154485000916867
1992 1703154485000956804
1993 1703154485000996812
1994 1703154486000036786
1995 1703154486000077029
1996 1703154486000116874
1997 1703154486000156816
1998 1703154486000196845
1999 1703154486000237042
2000 1703154486000276900
2001 1703154486000316849
2002 1703154486000356887
2003 1703154486000396908
2004 1703154486000436884
2005 1703154486000476948
2006 1703154486000516890
2007 1703154486000556886
2008 1703154486000596848
2009 1703154486000636894
2010 1703154486000676906
2011 1703154486000716852
2012 1703154486000756872
2013 1703154486000797100
2014 1703154486000836913
2015 1703154486000876902
2016 1703154486000916968
2017 1703154486000957106
2018 1703154486000996968
2019 1703154487000036958
2020 1703154487000077130
2021 1703154487000117014
2022 1703154487000156955
2023 1703154487000196947
2024 1703154487000236937
2025 1703154487000276931
2026 1703154487000316967
2027 1703154487000356987
2028 1703154487000396944
2029 1703154487000436969
2030 1703154487000477039
2031 1703154487000517000
2032 1703154487000557079
2033 1703154487000597216
2034 1703154487000637008
2035 1703154487000677005
2036 1703154487000717044
2037 1703154487000757038
2038 1703154487000797010
2039 1703154487000837022
2040 1703154487000877051
2041 1703154487000917018
2042 1703154487000957049
2043 1703154487000997101
2044 1703154488000037040
2045 1703154488000077064
2046 1703154488000117038
2047 1703154488000157045
2048 1703154488000197061
2049 1703154488000237093
2050 1703154488000277113
2051 1703154488000317097
2052 1703154488000357088
2053 1703154488000397065
2054 1703154488000437136
2055 1703154488000477132
2056 1703154488000517309
2057 1703154488000557188
2058 1703154488000597099
2059 1703154488000637144
2060 1703154488000677111
2061 1703154488000717366
2062 1703154488000757160
2063 1703154488000797154
2064 1703154488000837280
2065 1703154488000877174
2066 1703154488000917382
2067 1703154488000957139
2068 1703154488000997214
2069 1703154489000037188
2070 1703154489000077227
2071 1703154489000117220
2072 1703154489000157384
2073 1703154489000197204
2074 1703154489000237234
2075 1703154489000277234
2076 1703154489000317255
2077 1703154489000357431
2078 1703154489000397259
2079 1703154489000437212
2080 1703154489000477258
2081 1703154489000517240
2082 1703154489000557208
2083 1703154489000597326
2084 1703154489000637298
2085 1703154489000677293
2086 1703154489000717452
2087 1703154489000757271
2088 1703154489000797516
2089 1703154489000837317
2090 1703154489000877288
2091 1703154489000917329
2092 1703154489000957292
2093 1703154489000997321
2094 1703154490000037300
2095 1703154490000077334
2096 1703154490000117319
2097 1703154490000157294
2098 1703154490000197360
2099 1703154490000237396
2100 1703154490000277310
2101 1703154490000317396
2102 1703154490000357358
2103 1703154490000397381
2104 1703154490000437421
2105 1703154490000477563
2106 1703154490000517339
2107 1703154490000557401
2108 1703154490000597435
2109 1703154490000637432
2110 1703154490000677450
2111 1703154490000717441
2112 1703154490000757459
2113 1703154490000797490
2114 1703154490000837652
2115 1703154490000877423
2116 1703154490000917427
2117 1703154490000957421
2118 1703154490000997460
2119 1703154491000037519
2120 1703154491000077437
2121 1703154491000117496
2122 1703154491000157504
2123 1703154491000197497
2124 1703154491000237522
2125 1703154491000277491
2126 1703154491000317495
2127 1703154491000357480
2128 1703154491000397470
2129 1703154491000437577
2130 1703154491000477520
2131 1703154491000517555
2132 1703154491000557537
2133 1703154491000597504
2134 1703154491000637581
2135 1703154491000677533
2136 1703154491000717584
2137 1703154491000757518
2138 1703154491000797588
2139 1703154491000837628
2140 1703154491000877738
2141 1703154491000917585
2142 1703154491000957585
2143 1703154491000997583
2144 1703154492000037556
2145 1703154492000077616
2146 1703154492000117595
2147 1703154492000157595
2148 1703154492000197638
2149 1703154492000237642
2150 1703154492000277692
2151 1703154492000317634
2152 1703154492000357586
2153 1703154492000397639
2154 1703154492000437637
2155 1703154492000477661
2156 1703154492000517629
2157 1703154492000557720
2158 1703154492000597703
2159 1703154492000637781
2160 1703154492000677656
2161 1703154492000717693
2162 1703154492000757654
2163 1703154492000797908
2164 1703154492000837693
2165 1703154492000877699
2166 1703154492000917814
2167 1703154492000957800
2168 1703154492000997754
2169 1703154493000037739
2170 1703154493000077710
2171 1703154493000117693
2172 1703154493000157695
2173 1703154493000197792
2174 1703154493000237735
2175 1703154493000277759
2176 1703154493000317801
2177 1703154493000357778
2178 1703154493000397803
2179 1703154493000437783
2180 1703154493000477799
2181 1703154493000517743
2182 1703154493000557779
2183 1703154493000597838
2184 1703154493000637874
2185 1703154493000677787
2186 1703154493000717833
2187 1703154493000757777
2188 1703154493000797859
2189 1703154493000837826
2190 1703154493000877766
2191 1703154493000917803
2192 1703154493000957785
2193 1703154493000997799
2194 1703154494000037804
2195 1703154494000077821
2196 1703154494000117881
2197 1703154494000157901
2198 1703154494000197895
2199 1703154494000237938
2200 1703154494000277844
2201 1703154494000317854
2202 1703154494000357929
2203 1703154494000397853
2204 1703154494000437888
2205 1703154494000477909
2206 1703154494000517880
2207 1703154494000557923
2208 1703154494000597996
2209 1703154494000637942
2210 1703154494000677901
2211 1703154494000717936
2212 1703154494000757977
2213 1703154494000797929
2214 1703154494000837942
2215 1703154494000878006
2216 1703154494000918001
2217 1703154494000958020
2218 1703154494000997956
2219 1703154495000037978
2220 1703154495000078005
2221 1703154495000117949
2222 1703154495000157979
2223 1703154495000197932
2224 1703154495000237932
2225 1703154495000277943
2226 1703154495000317942
2227 1703154495000357978
2228 1703154495000398176
2229 1703154495000437998
2230 1703154495000478031
2231 1703154495000518009
2232 1703154495000557986
2233 1703154495000597986
2234 1703154495000638010
2235 1703154495000678270
2236 1703154495000718095
2237 1703154495000758000
2238 1703154495000798265
2239 1703154495000838018
2240 1703154495000878002
2241 1703154495000918048
2242 1703154495000958112
2243 1703154495000998081
2244 1703154496000038092
2245 1703154496000078112
2246 1703154496000118062
2247 1703154496000158066
2248 1703154496000198097
2249 1703154496000238143
2250 1703154496000278301
2251 1703154496000318115
2252 1703154496000358125
2253 1703154496000398138
2254 1703154496000438164
2255 1703154496000478165
2256 1703154496000518097
2257 1703154496000558133
2258 1703154496000598139
2259 1703154496000638215
2260 1703154496000678171
2261 1703154496000718135
2262 1703154496000758158
2263 1703154496000798200
2264 1703154496000838231
2265 1703154496000878206
2266 1703154496000918216
2267 1703154496000958190
2268 1703154496000998247
2269 1703154497000038232
2270 1703154497000078150
2271 1703154497000118170
2272 1703154497000158166
2273 1703154497000198170
2274 1703154497000238189
2275 1703154497000278185
2276 1703154497000318265
2277 1703154497000358286
2278 1703154497000398443
2279 1703154497000438236
2280 1703154497000478245
2281 1703154497000518265
2282 1703154497000558275
2283 1703154497000598291
2284 1703154497000638321
2285 1703154497000678285
2286 1703154497000718253
2287 1703154497000758235
2288 1703154497000798259
2289 1703154497000838288
2290 1703154497000878316
2291 1703154497000918519
2292 1703154497000958346
2293 1703154497000998308
2294 1703154498000038317
2295 1703154498000078265
2296 1703154498000118418
2297 1703154498000158372
2298 1703154498000198295
2299 1703154498000238337
2300 1703154498000278311
2301 1703154498000318328
2302 1703154498000358400
2303 1703154498000398414
2304 1703154498000438432
2305 1703154498000478399
2306 1703154498000518343
2307 1703154498000558353
2308 1703154498000598392
2309 1703154498000638447
2310 1703154498000678380
2311 1703154498000718376
2312 1703154498000758406
2313 1703154498000798426
2314 1703154498000838375
2315 1703154498000878419
2316 1703154498000918499
2317 1703154498000958398
2318 1703154498000998637
2319 1703154499000038450
2320 1703154499000078428
2321 1703154499000118483
2322 1703154499000158445
2323 1703154499000198511
2324 1703154499000238471
2325 1703154499000278425
2326 1703154499000318432
2327 1703154499000358507
2328 1703154499000398518
2329 1703154499000438498
2330 1703154499000478510
2331 1703154499000518485
2332 1703154499000558475
2333 1703154499000598501
2334 1703154499000638744
2335 1703154499000678502
2336 1703154499000718536
2337 1703154499000758551
2338 1703154499000798520
2339 1703154499000838509
2340 1703154499000878579
2341 1703154499000918575
2342 1703154499000958518
2343 1703154499000998769
2344 1703154500000038581
2345 1703154500000078563
2346 1703154500000118543
2347 1703154500000158651
2348 1703154500000198566
2349 1703154500000238548
2350 1703154500000278608
2351 1703154500000318596
2352 1703154500000358629
2353 1703154500000398699
2354 1703154500000438590
2355 1703154500000478609
2356 1703154500000518597
2357 1703154500000558610
2358 1703154500000598656
2359 1703154500000638691
2360 1703154500000678653
2361 1703154500000718660
2362 1703154500000758701
2363 1703154500000798638
2364 1703154500000838708
2365 1703154500000878747
2366 1703154500000918629
2367 1703154500000958648
2368 1703154500000998689
2369 1703154501000038732
2370 1703154501000078681
2371 1703154501000118740
2372 1703154501000158758
2373 1703154501000198681
2374 1703154501000238658
2375 1703154501000278708
2376 1703154501000318675
2377 1703154501000358747
2378 1703154501000398807
2379 1703154501000438709
2380 1703154501000478861
2381 1703154501000518759
2382 1703154501000558760
2383 1703154501000598820
2384 1703154501000638834
2385 1703154501000678750
2386 1703154501000718787
2387 1703154501000758773
2388 1703154501000798826
2389 1703154501000838822
2390 1703154501000878779
2391 1703154501000918751
2392 1703154501000958755
2393 1703154501000998822
2394 1703154502000038882
2395 1703154502000078792
2396 1703154502000118790
2397 1703154502000158868
2398 1703154502000198828
2399 1703154502000238847
2400 1703154502000278864
2401 1703154502000318818
2402 1703154502000358805
2403 1703154502000398901
2404 1703154502000438877
2405 1703154502000478860
2406 1703154502000518826
2407 1703154502000558843
2408 1703154502000598936
2409 1703154502000638845
2410 1703154502000678841
2411 1703154502000718888
2412 1703154502000758931
2413 1703154502000798886
2414 1703154502000838961
2415 1703154502000878924
2416 1703154502000918880
2417 1703154502000959144
2418 1703154502000998945
2419 1703154503000038908
2420 1703154503000078983
2421 1703154503000118975
2422 1703154503000158955
2423 1703154503000198966
2424 1703154503000239029
2425 1703154503000278936
2426 1703154503000318945
2427 1703154503000358933
2428 1703154503000399040
2429 1703154503000439014
2430 1703154503000479011
2431 1703154503000518978
2432 1703154503000559048
2433 1703154503000598985
2434 1703154503000638970
2435 1703154503000678993
2436 1703154503000718997
2437 1703154503000759039
2438 1703154503000799087
2439 1703154503000838995
2440 1703154503000879075
2441 1703154503000919057
2442 1703154503000959053
2443 1703154503000999093
2444 1703154504000039105
2445 1703154504000079040
2446 1703154504000119013
2447 1703154504000159103
2448 1703154504000199057
2449 1703154504000239086
2450 1703154504000279154
2451 1703154504000319165
2452 1703154504000359066
2453 1703154504000399066
2454 1703154504000439184
2455 1703154504000479227
2456 1703154504000519102
2457 1703154504000559130
2458 1703154504000599153
2459 1703154504000639167
2460 1703154504000679125
2461 1703154504000719184
2462 1703154504000759155
2463 1703154504000799196
2464 1703154504000839215
2465 1703154504000879171
2466 1703154504000919208
2467 1703154504000959171
2468 1703154504000999198
2469 1703154505000039179
2470 1703154505000079149
2471 1703154505000119242
2472 1703154505000159147
2473 1703154505000199217
2474 1703154505000239212
2475 1703154505000279257
2476 1703154505000319202
2477 1703154505000359247
2478 1703154505000399232
2479 1703154505000439302
2480 1703154505000479296
2481 1703154505000519283
2482 1703154505000559293
2483 1703154505000599316
2484 1703154505000639317
2485 1703154505000679226
2486 1703154505000719295
2487 1703154505000759233
2488 1703154505000799266
2489 1703154505000839279
2490 1703154505000879367
2491 1703154505000919281
2492 1703154505000959266
2493 1703154505000999295
2494 1703154506000039516
2495 1703154506000079351
2496 1703154506000119322
2497 1703154506000159294
2498 1703154506000199313
2499 1703154506000239390
2500 1703154506000279331
2501 1703154506000319285
2502 1703154506000359419
2503 1703154506000399344
2504 1703154506000439344
2505 1703154506000479363
2506 1703154506000519377
2507 1703154506000559381
2508 1703154506000599375
2509 1703154506000639361
2510 1703154506000679407
2511 1703154506000719452
2512 1703154506000759433
2513 1703154506000799427
2514 1703154506000839437
2515 1703154506000879380
2516 1703154506000919400
2517 1703154506000959461
2518 1703154506000999414
2519 1703154507000039481
2520 1703154507000079448
2521 1703154507000119475
2522 1703154507000159473
2523 1703154507000199427
2524 1703154507000239462
2525 1703154507000279410
2526 1703154507000319431
2527 1703154507000359502
2528 1703154507000399489
2529 1703154507000439445
2530 1703154507000479436
2531 1703154507000519452
2532 1703154507000559517
2533 1703154507000599522
2534 1703154507000639494
2535 1703154507000679480
2536 1703154507000719580
2537 1703154507000759490
2538 1703154507000799564
2539 1703154507000839566
2540 1703154507000879580
2541 1703154507000919586
2542 1703154507000959597
2543 1703154507000999520
2544 1703154508000039546
2545 1703154508000079511
2546 1703154508000119527
2547 1703154508000159629
2548 1703154508000199538
2549 1703154508000239600
2550 1703154508000279660
2551 1703154508000319584
2552 1703154508000359653
2553 1703154508000399555
2554 1703154508000439649
2555 1703154508000479609
2556 1703154508000519652
2557 1703154508000559586
2558 1703154508000599589
2559 1703154508000639608
2560 1703154508000679600
2561 1703154508000719659
2562 1703154508000759634
2563 1703154508000799603
2564 1703154508000839704
2565 1703154508000879639
2566 1703154508000919642
2567 1703154508000959693
2568 1703154508000999720
2569 1703154509000039675
2570 1703154509000079723
2571 1703154509000119740
2572 1703154509000159689
2573 1703154509000199734
2574 1703154509000239728
2575 1703154509000279771
2576 1703154509000319706
2577 1703154509000359719
2578 1703154509000399703
2579 1703154509000439788
2580 1703154509000479727
2581 1703154509000519704
2582 1703154509000559700
2583 1703154509000599796
2584 1703154509000639719
2585 1703154509000679725
2586 1703154509000719756
2587 1703154509000759728
2588 1703154509000799840
2589 1703154509000839731
2590 1703154509000879802
2591 1703154509000919770
2592 1703154509000959836
2593 1703154509000999895
2594 1703154510000039857
2595 1703154510000079792
2596 1703154510000119901
2597 1703154510000159798
2598 1703154510000199871
2599 1703154510000239885
2600 1703154510000279850
2601 1703154510000319853
2602 1703154510000359933
2603 1703154510000399847
2604 1703154510000439854
2605 1703154510000479871
2606 1703154510000519841
2607 1703154510000559911
2608 1703154510000599912
2609 1703154510000639902
2610 1703154510000679984
2611 1703154510000719867
2612 1703154510000759903
2613 1703154510000799979
2614 1703154510000840004
2615 1703154510000879944
2616 1703154510000919889
2617 1703154510000959981
2618 1703154511000000005
2619 1703154511000039921
2620 1703154511000080008
2621 1703154511000119993
2622 1703154511000160021
2623 1703154511000199951
2624 1703154511000239951
2625 1703154511000279952
2626 1703154511000319962
2627 1703154511000360021
2628 1703154511000400064
2629 1703154511000439998
2630 1703154511000480036
2631 1703154511000520058
2632 1703154511000559975
2633 1703154511000599985
2634 1703154511000639996
2635 1703154511000679972
2636 1703154511000720107
2637 1703154511000760046
2638 1703154511000800009
2639 1703154511000840021
2640 1703154511000880026
2641 1703154511000920149
2642 1703154511000960144
2643 1703154512000000024
2644 1703154512000040051
2645 1703154512000080095
2646 1703154512000120133
2647 1703154512000160061
2648 1703154512000200134
2649 1703154512000240105
2650 1703154512000280068
2651 1703154512000320097
2652 1703154512000360148
2653 1703154512000400158
2654 1703154512000440126
2655 1703154512000480110
2656 1703154512000520204
2657 1703154512000560117
2658 1703154512000600123
2659 1703154512000640155
2660 1703154512000680205
2661 1703154512000720111
2662 1703154512000760181
2663 1703154512000800189
2664 1703154512000840186
2665 1703154512000880232
2666 1703154512000920224
2667 1703154512000960247
2668 1703154513000000257
2669 1703154513000040177
2670 1703154513000080202
2671 1703154513000120209
2672 1703154513000160253
2673 1703154513000200258
2674 1703154513000240289
2675 1703154513000280238
2676 1703154513000320256
2677 1703154513000360273
2678 1703154513000400287
2679 1703154513000440250
2680 1703154513000480207
2681 1703154513000520344
2682 1703154513000560296
2683 1703154513000600317
2684 1703154513000640267
2685 1703154513000680337
2686 1703154513000720270
2687 1703154513000760335
2688 1703154513000800288
2689 1703154513000840256
2690 1703154513000880342
2691 1703154513000920325
2692 1703154513000960360
2693 1703154514000000326
2694 1703154514000040377
2695 1703154514000080384
2696 1703154514000120361
2697 1703154514000160389
2698 1703154514000200389
2699 1703154514000240335
2700 1703154514000280416
2701 1703154514000320319
2702 1703154514000360338
2703 1703154514000400424
2704 1703154514000440363
2705 1703154514000480380
2706 1703154514000520421
2707 1703154514000560498
2708 1703154514000600458
2709 1703154514000640362
2710 1703154514000680373
2711 1703154514000720409
2712 1703154514000760362
2713 1703154514000800357
2714 1703154514000840360
2715 1703154514000880469
2716 1703154514000920389
2717 1703154514000960432
2718 1703154515000000423
2719 1703154515000040439
2720 1703154515000080475
2721 1703154515000120536
2722 1703154515000160496
2723 1703154515000200452
2724 1703154515000240474
2725 1703154515000280479
2726 1703154515000320533
2727 1703154515000360579
2728 1703154515000400544
2729 1703154515000440556
2730 1703154515000480508
2731 1703154515000520553
2732 1703154515000560480
2733 1703154515000600515
2734 1703154515000640577
2735 1703154515000680492
2736 1703154515000720483
2737 1703154515000760538
2738 1703154515000800508
2739 1703154515000840503
2740 1703154515000880575
2741 1703154515000920508
2742 1703154515000960515
2743 1703154516000000590
2744 1703154516000040515
2745 1703154516000080565
2746 1703154516000120533
2747 1703154516000160587
2748 1703154516000200629
2749 1703154516000240555
2750 1703154516000280629
2751 1703154516000320614
2752 1703154516000360620
2753 1703154516000400610
2754 1703154516000440662
2755 1703154516000480658
2756 1703154516000520689
2757 1703154516000560606
2758 1703154516000600665
2759 1703154516000640595
2760 1703154516000680609
2761 1703154516000720705
2762 1703154516000760596
2763 1703154516000800625
2764 1703154516000840728
2765 1703154516000880598
2766 1703154516000920624
2767 1703154516000960641
2768 1703154517000000637
2769 1703154517000040640
2770 1703154517000080755
2771 1703154517000120711
2772 1703154517000160664
2773 1703154517000200735
2774 1703154517000240693
2775 1703154517000280690
2776 1703154517000320673
2777 1703154517000360766
2778 1703154517000400734
2779 1703154517000440735
2780 1703154517000480767
2781 1703154517000520705
2782 1703154517000560758
2783 1703154517000600781
2784 1703154517000640741
2785 1703154517000680814
2786 1703154517000720784
2787 1703154517000760748
2788 1703154517000800799
2789 1703154517000840757
2790 1703154517000880799
2791 1703154517000920777
2792 1703154517000960825
2793 1703154518000000842
2794 1703154518000040787
2795 1703154518000080840
2796 1703154518000120917
2797 1703154518000160794
2798 1703154518000200785
2799 1703154518000240776
2800 1703154518000280878
2801 1703154518000320875
2802 1703154518000360881
2803 1703154518000400844
2804 1703154518000440914
2805 1703154518000480873
2806 1703154518000520886
2807 1703154518000560861
2808 1703154518000600925
2809 1703154518000640909
2810 1703154518000680936
2811 1703154518000720861
2812 1703154518000760919
2813 1703154518000800965
2814 1703154518000840886
2815 1703154518000880925
2816 1703154518000920870
2817 1703154518000960977
2818 1703154519000000871
2819 1703154519000040863
2820 1703154519000081176
2821 1703154519000120943
2822 1703154519000160942
2823 1703154519000201013
2824 1703154519000240967
2825 1703154519000281043
2826 1703154519000321029
2827 1703154519000360974
2828 1703154519000401036
2829 1703154519000441025
2830 1703154519000480979
2831 1703154519000520946
2832 1703154519000561008
2833 1703154519000600998
2834 1703154519000641051
2835 1703154519000681000
2836 1703154519000721005
2837 1703154519000760986
2838 1703154519000801023
2839 1703154519000841076
2840 1703154519000881075
2841 1703154519000921083
2842 1703154519000961007
2843 1703154520000001063
2844 1703154520000041057
2845 1703154520000081104
2846 1703154520000121050
2847 1703154520000161074
2848 1703154520000201090
2849 1703154520000241154
2850 1703154520000281126
2851 1703154520000321098
2852 1703154520000361152
2853 1703154520000401144
2854 1703154520000441066
2855 1703154520000481088
2856 1703154520000521078
2857 1703154520000561166
2858 1703154520000601086
2859 1703154520000641147
2860 1703154520000681112
2861 1703154520000721101
2862 1703154520000761088
2863 1703154520000801148
2864 1703154520000841214
2865 1703154520000881173
2866 1703154520000921160
2867 1703154520000961169
2868 1703154521000001187
2869 1703154521000041193
2870 1703154521000081210
2871 1703154521000121149
2872 1703154521000161134
2873 1703154521000201187
2874 1703154521000241229
2875 1703154521000281159
2876 1703154521000321257
2877 1703154521000361181
2878 1703154521000401198
2879 1703154521000441209
2880 1703154521000481314
2881 1703154521000521233
2882 1703154521000561182
2883 1703154521000601313
2884 1703154521000641225
2885 1703154521000681244
2886 1703154521000721246
2887 1703154521000761243
2888 1703154521000801255
2889 1703154521000841242
2890 1703154521000881260
2891 1703154521000921303
2892 1703154521000961303
2893 1703154522000001289
2894 1703154522000041384
2895 1703154522000081316
2896 1703154522000121305
2897 1703154522000161300
2898 1703154522000201291
2899 1703154522000241292
2900 1703154522000281334
2901 1703154522000321389
2902 1703154522000361380
2903 1703154522000401343
2904 1703154522000441342
2905 1703154522000481355
2906 1703154522000521393
2907 1703154522000561348
2908 1703154522000601378
2909 1703154522000641386
2910 1703154522000681440
2911 1703154522000721417
2912 1703154522000761335
2913 1703154522000801402
2914 1703154522000841394
2915 1703154522000881436
2916 1703154522000921377
2917 1703154522000961487
2918 1703154523000001396
2919 1703154523000041377
2920 1703154523000081391
2921 1703154523000121398
2922 1703154523000161446
2923 1703154523000201491
2924 1703154523000241392
2925 1703154523000281424
2926 1703154523000321415
2927 1703154523000361547
2928 1703154523000401438
2929 1703154523000441433
2930 1703154523000481476
2931 1703154523000521455
2932 1703154523000561540
2933 1703154523000601490
2934 1703154523000641502
2935 1703154523000681517
2936 1703154523000721532
2937 1703154523000761491
2938 1703154523000801581
2939 1703154523000841522
2940 1703154523000881522
2941 1703154523000921497
2942 1703154523000961605
2943 1703154524000001554
2944 1703154524000041522
2945 1703154524000081599
2946 1703154524000121539
2947 1703154524000161593
2948 1703154524000201558
2949 1703154524000241603
2950 1703154524000281556
2951 1703154524000321665
2952 1703154524000361550
2953 1703154524000401670
2954 1703154524000441664
2955 1703154524000481647
2956 1703154524000521620
2957 1703154524000561631
2958 1703154524000601626
2959 1703154524000641660
2960 1703154524000681622
2961 1703154524000721583
2962 1703154524000761696
2963 1703154524000801616
2964 1703154524000841637
2965 1703154524000881697
2966 1703154524000921605
2967 1703154524000961618
2968 1703154525000001673
2969 1703154525000041630
2970 1703154525000081730
2971 1703154525000121643
2972 1703154525000161659
2973 1703154525000201762
2974 1703154525000241645
2975 1703154525000281666
2976 1703154525000321683
2977 1703154525000361792
2978 1703154525000401741
2979 1703154525000441686
2980 1703154525000481699
2981 1703154525000521787
2982 1703154525000561706
2983 1703154525000601779
2984 1703154525000641821
2985 1703154525000681786
2986 1703154525000721806
2987 1703154525000761782
2988 1703154525000801811
2989 1703154525000841813
2990 1703154525000881808
2991 1703154525000921843
2992 1703154525000961762
2993 1703154526000001795
2994 1703154526000041736
2995 1703154526000081885
2996 1703154526000121809
2997 1703154526000161870
2998 1703154526000201878
2999 1703154526000241770
3000 1703154526000281791
