0001 1695209587000202517
0002 1695209587000242431
0003 1695209587000282554
0004 1695209587000322565
0005 1695209587000362483
0006 1695209587000402474
0007 1695209587000442618
0008 1695209587000482600
0009 1695209587000522531
0010 1695209587000562723
0011 1695209587000602560
0012 1695209587000642466
0013 1695209587000682557
0014 1695209587000722691
0015 1695209587000762658
0016 1695209587000802548
0017 1695209587000842581
0018 1695209587000882573
0019 1695209587000922455
0020 1695209587000962576
0021 1695209588000002628
0022 1695209588000042783
0023 1695209588000082578
0024 1695209588000122645
0025 1695209588000162690
0026 1695209588000202662
0027 1695209588000242621
0028 1695209588000282638
0029 1695209588000322603
0030 1695209588000362552
0031 1695209588000402618
0032 1695209588000442749
0033 1695209588000482625
0034 1695209588000522648
0035 1695209588000562679
0036 1695209588000602580
0037 1695209588000642729
0038 1695209588000682742
0039 1695209588000722695
0040 1695209588000762699
0041 1695209588000802737
0042 1695209588000842692
0043 1695209588000882715
0044 1695209588000922698
0045 1695209588000962779
0046 1695209589000002839
0047 1695209589000042769
0048 1695209589000082681
0049 1695209589000122690
0050 1695209589000162683
0051 1695209589000202769
0052 1695209589000242780
0053 1695209589000282750
0054 1695209589000322690
0055 1695209589000362761
0056 1695209589000402837
0057 1695209589000442657
0058 1695209589000482849
0059 1695209589000522811
0060 1695209589000562806
0061 1695209589000602829
0062 1695209589000642779
0063 1695209589000682919
0064 1695209589000722728
0065 1695209589000762803
0066 1695209589000802827
0067 1695209589000842926
0068 1695209589000882827
0069 1695209589000922970
0070 1695209589000962938
0071 1695209590000002855
0072 1695209590000042862
0073 1695209590000082844
0074 1695209590000122853
0075 1695209590000162872
0076 1695209590000202863
0077 1695209590000242908
0078 1695209590000282889
0079 1695209590000322875
0080 1695209590000362938
0081 1695209590000402908
0082 1695209590000442914
0083 1695209590000482903
0084 1695209590000522932
0085 1695209590000562836
0086 1695209590000602843
0087 1695209590000642926
0088 1695209590000683088
0089 1695209590000722925
0090 1695209590000762939
0091 1695209590000803130
0092 1695209590000842981
0093 1695209590000883014
0094 1695209590000922903
0095 1695209590000962965
0096 1695209591000003036
0097 1695209591000043039
0098 1695209591000083092
0099 1695209591000122976
0100 1695209591000162990
0101 1695209591000202928
0102 1695209591000243000
0103 1695209591000282909
0104 1695209591000323016
0105 1695209591000362959
0106 1695209591000403027
0107 1695209591000443055
0108 1695209591000482998
0109 1695209591000523041
0110 1695209591000563048
0111 1695209591000603077
0112 1695209591000643010
0113 1695209591000683045
0114 1695209591000723220
0115 1695209591000763065
0116 1695209591000803076
0117 1695209591000843095
0118 1695209591000883118
0119 1695209591000923092
0120 1695209591000963109
0121 1695209592000003127
0122 1695209592000043142
0123 1695209592000083123
0124 1695209592000123140
0125 1695209592000163134
0126 1695209592000203088
0127 1695209592000243183
0128 1695209592000283118
0129 1695209592000323173
0130 1695209592000363184
0131 1695209592000403101
0132 1695209592000443170
0133 1695209592000483167
0134 1695209592000523079
0135 1695209592000563175
0136 1695209592000603186
0137 1695209592000643167
0138 1695209592000683217
0139 1695209592000723167
0140 1695209592000763232
0141 1695209592000803303
0142 1695209592000843277
0143 1695209592000883237
0144 1695209592000923136
0145 1695209592000963147
0146 1695209593000003371
0147 1695209593000043351
0148 1695209593000083287
0149 1695209593000123229
0150 1695209593000163255
0151 1695209593000203288
0152 1695209593000243413
0153 1695209593000283238
0154 1695209593000323262
0155 1695209593000363348
0156 1695209593000403219
0157 1695209593000443287
0158 1695209593000483262
0159 1695209593000523302
0160 1695209593000563339
0161 1695209593000603417
0162 1695209593000643296
0163 1695209593000683440
0164 1695209593000723388
0165 1695209593000763336
0166 1695209593000803465
0167 1695209593000843337
0168 1695209593000883303
0169 1695209593000923385
0170 1695209593000963219
0171 1695209594000003285
0172 1695209594000043315
0173 1695209594000083378
0174 1695209594000123545
0175 1695209594000163439
0176 1695209594000203497
0177 1695209594000243333
0178 1695209594000283300
0179 1695209594000323338
0180 1695209594000363465
0181 1695209594000403400
0182 1695209594000443536
0183 1695209594000483456
0184 1695209594000523438
0185 1695209594000563327
0186 1695209594000603506
0187 1695209594000643406
0188 1695209594000683432
0189 1695209594000723414
0190 1695209594000763463
0191 1695209594000803410
0192 1695209594000843459
0193 1695209594000883537
0194 1695209594000923413
0195 1695209594000963530
0196 1695209595000003508
0197 1695209595000043411
0198 1695209595000083512
0199 1695209595000123529
0200 1695209595000163535
0201 1695209595000203520
0202 1695209595000243505
0203 1695209595000283606
0204 1695209595000323593
0205 1695209595000363651
0206 1695209595000403481
0207 1695209595000443627
0208 1695209595000483541
0209 1695209595000523633
0210 1695209595000563453
0211 1695209595000603527
0212 1695209595000643644
0213 1695209595000683574
0214 1695209595000723591
0215 1695209595000763533
0216 1695209595000803653
0217 1695209595000843661
0218 1695209595000883575
0219 1695209595000923623
0220 1695209595000963666
0221 1695209596000003577
0222 1695209596000043675
0223 1695209596000083701
0224 1695209596000123671
0225 1695209596000163630
0226 1695209596000203668
0227 1695209596000243706
0228 1695209596000283642
0229 1695209596000323620
0230 1695209596000363685
0231 1695209596000403563
0232 1695209596000443693
0233 1695209596000483676
0234 1695209596000523620
0235 1695209596000563664
0236 1695209596000603696
0237 1695209596000643608
0238 1695209596000683705
0239 1695209596000723709
0240 1695209596000763691
0241 1695209596000803834
0242 1695209596000843793
0243 1695209596000883716
0244 1695209596000923713
0245 1695209596000963687
0246 1695209597000003728
0247 1695209597000043736
0248 1695209597000083747
0249 1695209597000123730
0250 1695209597000163804
0251 1695209597000203668
0252 1695209597000243872
0253 1695209597000283789
0254 1695209597000323832
0255 1695209597000363862
0256 1695209597000403831
0257 1695209597000443903
0258 1695209597000483696
0259 1695209597000523757
0260 1695209597000563910
0261 1695209597000603973
0262 1695209597000643922
0263 1695209597000683716
0264 1695209597000724004
0265 1695209597000763729
0266 1695209597000803938
0267 1695209597000843763
0268 1695209597000884006
0269 1695209597000923948
0270 1695209597000963919
0271 1695209598000003893
0272 1695209598000043945
0273 1695209598000083909
0274 1695209598000123972
0275 1695209598000163966
0276 1695209598000203970
0277 1695209598000243914
0278 1695209598000283912
0279 1695209598000324002
0280 1695209598000363921
0281 1695209598000404010
0282 1695209598000443982
0283 1695209598000483919
0284 1695209598000523910
0285 1695209598000564011
0286 1695209598000603959
0287 1695209598000643852
0288 1695209598000684032
0289 1695209598000724052
0290 1695209598000763923
0291 1695209598000803934
0292 1695209598000843974
0293 1695209598000883959
0294 1695209598000923954
0295 1695209598000964046
0296 1695209599000004033
0297 1695209599000044056
0298 1695209599000084023
0299 1695209599000123953
0300 1695209599000163967
0301 1695209599000203980
0302 1695209599000244137
0303 1695209599000284034
0304 1695209599000324178
0305 1695209599000364152
0306 1695209599000404033
0307 1695209599000443982
0308 1695209599000484048
0309 1695209599000524105
0310 1695209599000564075
0311 1695209599000604161
0312 1695209599000644116
0313 1695209599000684157
0314 1695209599000724040
0315 1695209599000764093
0316 1695209599000804107
0317 1695209599000844027
0318 1695209599000884061
0319 1695209599000924180
0320 1695209599000964230
0321 1695209600000004280
0322 1695209600000044104
0323 1695209600000084095
0324 1695209600000124260
0325 1695209600000164083
0326 1695209600000204242
0327 1695209600000244289
0328 1695209600000284047
0329 1695209600000324209
0330 1695209600000364178
0331 1695209600000404043
0332 1695209600000444123
0333 1695209600000484191
0334 1695209600000524232
0335 1695209600000564221
0336 1695209600000604120
0337 1695209600000644209
0338 1695209600000684243
0339 1695209600000724305
0340 1695209600000764207
0341 1695209600000804284
0342 1695209600000844132
0343 1695209600000884142
0344 1695209600000924291
0345 1695209600000964231
0346 1695209601000004374
0347 1695209601000044296
0348 1695209601000084317
0349 1695209601000124338
0350 1695209601000164345
0351 1695209601000204331
0352 1695209601000244204
0353 1695209601000284233
0354 1695209601000324370
0355 1695209601000364178
0356 1695209601000404258
0357 1695209601000444312
0358 1695209601000484415
0359 1695209601000524285
0360 1695209601000564286
0361 1695209601000604317
0362 1695209601000644373
0363 1695209601000684353
0364 1695209601000724323
0365 1695209601000764348
0366 1695209601000804350
0367 1695209601000844290
0368 1695209601000884442
0369 1695209601000924366
0370 1695209601000964355
0371 1695209602000004453
0372 1695209602000044359
0373 1695209602000084276
0374 1695209602000124470
0375 1695209602000164450
0376 1695209602000204455
0377 1695209602000244304
0378 1695209602000284440
0379 1695209602000324489
0380 1695209602000364603
0381 1695209602000404516
0382 1695209602000444503
0383 1695209602000484370
0384 1695209602000524411
0385 1695209602000564444
0386 1695209602000604483
0387 1695209602000644572
0388 1695209602000684417
0389 1695209602000724511
0390 1695209602000764602
0391 1695209602000804416
0392 1695209602000844594
0393 1695209602000884658
0394 1695209602000924436
0395 1695209602000964664
0396 1695209603000004478
0397 1695209603000044549
0398 1695209603000084545
0399 1695209603000124611
0400 1695209603000164662
0401 1695209603000204659
0402 1695209603000244704
0403 1695209603000284471
0404 1695209603000324567
0405 1695209603000364450
0406 1695209603000404722
0407 1695209603000444665
0408 1695209603000484604
0409 1695209603000524582
0410 1695209603000564524
0411 1695209603000604609
0412 1695209603000644587
0413 1695209603000684598
0414 1695209603000724589
0415 1695209603000764618
0416 1695209603000804669
0417 1695209603000844553
0418 1695209603000884662
0419 1695209603000924637
0420 1695209603000964703
0421 1695209604000004752
0422 1695209604000044650
0423 1695209604000084631
0424 1695209604000124565
0425 1695209604000164656
0426 1695209604000204601
0427 1695209604000244737
0428 1695209604000284655
0429 1695209604000324711
0430 1695209604000364746
0431 1695209604000404858
0432 1695209604000444718
0433 1695209604000484791
0434 1695209604000524741
0435 1695209604000564730
0436 1695209604000604740
0437 1695209604000644661
0438 1695209604000684828
0439 1695209604000724843
0440 1695209604000764795
0441 1695209604000804814
0442 1695209604000844793
0443 1695209604000884763
0444 1695209604000924853
0445 1695209604000964897
0446 1695209605000004691
0447 1695209605000044628
0448 1695209605000084773
0449 1695209605000124702
0450 1695209605000164823
0451 1695209605000204914
0452 1695209605000244799
0453 1695209605000284745
0454 1695209605000324920
0455 1695209605000364914
0456 1695209605000404679
0457 1695209605000444943
0458 1695209605000484841
0459 1695209605000524796
0460 1695209605000564917
0461 1695209605000604756
0462 1695209605000644938
0463 1695209605000684964
0464 1695209605000724783
0465 1695209605000764805
0466 1695209605000804816
0467 1695209605000844736
0468 1695209605000884903
0469 1695209605000924987
0470 1695209605000964883
0471 1695209606000004926
0472 1695209606000045043
0473 1695209606000084976
0474 1695209606000124900
0475 1695209606000164910
0476 1695209606000204997
0477 1695209606000244929
0478 1695209606000284805
0479 1695209606000324920
0480 1695209606000365041
0481 1695209606000404999
0482 1695209606000444978
0483 1695209606000484842
0484 1695209606000525004
0485 1695209606000565091
0486 1695209606000604860
0487 1695209606000644957
0488 1695209606000684983
0489 1695209606000724983
0490 1695209606000765026
0491 1695209606000805059
0492 1695209606000844923
0493 1695209606000885115
0494 1695209606000924957
0495 1695209606000965046
0496 1695209607000004917
0497 1695209607000044924
0498 1695209607000085002
0499 1695209607000125092
0500 1695209607000165047
0501 1695209607000205028
0502 1695209607000245023
0503 1695209607000284987
0504 1695209607000325014
0505 1695209607000365044
0506 1695209607000405158
0507 1695209607000445158
0508 1695209607000485208
0509 1695209607000525042
0510 1695209607000565160
0511 1695209607000605169
0512 1695209607000645017
0513 1695209607000685163
0514 1695209607000725035
0515 1695209607000765203
0516 1695209607000805057
0517 1695209607000845122
0518 1695209607000885100
0519 1695209607000925187
0520 1695209607000964995
0521 1695209608000005204
0522 1695209608000045222
0523 1695209608000085300
0524 1695209608000125183
0525 1695209608000165266
0526 1695209608000205097
0527 1695209608000245140
0528 1695209608000285154
0529 1695209608000325170
0530 1695209608000365157
0531 1695209608000405191
0532 1695209608000445184
0533 1695209608000485276
0534 1695209608000525083
0535 1695209608000565270
0536 1695209608000605251
0537 1695209608000645290
0538 1695209608000685265
0539 1695209608000725281
0540 1695209608000765304
0541 1695209608000805311
0542 1695209608000845306
0543 1695209608000885325
0544 1695209608000925326
0545 1695209608000965329
0546 1695209609000005362
0547 1695209609000045334
0548 1695209609000085365
0549 1695209609000125274
0550 1695209609000165330
0551 1695209609000205438
0552 1695209609000245324
0553 1695209609000285382
0554 1695209609000325367
0555 1695209609000365267
0556 1695209609000405349
0557 1695209609000445385
0558 1695209609000485347
0559 1695209609000525206
0560 1695209609000565361
0561 1695209609000605414
0562 1695209609000645422
0563 1695209609000685371
0564 1695209609000725377
0565 1695209609000765393
0566 1695209609000805376
0567 1695209609000845346
0568 1695209609000885449
0569 1695209609000925518
0570 1695209609000965500
0571 1695209610000005285
0572 1695209610000045330
0573 1695209610000085476
0574 1695209610000125389
0575 1695209610000165422
0576 1695209610000205532
0577 1695209610000245445
0578 1695209610000285429
0579 1695209610000325321
0580 1695209610000365613
0581 1695209610000405404
0582 1695209610000445531
0583 1695209610000485468
0584 1695209610000525536
0585 1695209610000565501
0586 1695209610000605438
0587 1695209610000645449
0588 1695209610000685389
0589 1695209610000725504
0590 1695209610000765632
0591 1695209610000805516
0592 1695209610000845453
0593 1695209610000885528
0594 1695209610000925504
0595 1695209610000965415
0596 1695209611000005577
0597 1695209611000045549
0598 1695209611000085546
0599 1695209611000125433
0600 1695209611000165553
0601 1695209611000205506
0602 1695209611000245532
0603 1695209611000285513
0604 1695209611000325621
0605 1695209611000365502
0606 1695209611000405674
0607 1695209611000445474
0608 1695209611000485637
0609 1695209611000525545
0610 1695209611000565613
0611 1695209611000605639
0612 1695209611000645617
0613 1695209611000685681
0614 1695209611000725652
0615 1695209611000765682
0616 1695209611000805692
0617 1695209611000845557
0618 1695209611000885552
0619 1695209611000925583
0620 1695209611000965680
0621 1695209612000005656
0622 1695209612000045724
0623 1695209612000085828
0624 1695209612000125738
0625 1695209612000165663
0626 1695209612000205762
0627 1695209612000245754
0628 1695209612000285680
0629 1695209612000325585
0630 1695209612000365682
0631 1695209612000405727
0632 1695209612000445608
0633 1695209612000485787
0634 1695209612000525722
0635 1695209612000565747
0636 1695209612000605779
0637 1695209612000645734
0638 1695209612000685791
0639 1695209612000725758
0640 1695209612000765776
0641 1695209612000805827
0642 1695209612000845845
0643 1695209612000885827
0644 1695209612000925685
0645 1695209612000965703
0646 1695209613000005731
0647 1695209613000045880
0648 1695209613000085890
0649 1695209613000125792
0650 1695209613000165930
0651 1695209613000205733
0652 1695209613000245841
0653 1695209613000285876
0654 1695209613000325844
0655 1695209613000365868
0656 1695209613000405746
0657 1695209613000445836
0658 1695209613000485820
0659 1695209613000525809
0660 1695209613000565924
0661 1695209613000605975
0662 1695209613000645911
0663 1695209613000685947
0664 1695209613000725873
0665 1695209613000766013
0666 1695209613000805942
0667 1695209613000845884
0668 1695209613000885983
0669 1695209613000925981
0670 1695209613000965873
0671 1695209614000005858
0672 1695209614000045963
0673 1695209614000086095
0674 1695209614000125896
0675 1695209614000165982
0676 1695209614000205943
0677 1695209614000246031
0678 1695209614000286013
0679 1695209614000326036
0680 1695209614000365872
0681 1695209614000406038
0682 1695209614000446037
0683 1695209614000485968
0684 1695209614000526015
0685 1695209614000565957
0686 1695209614000606068
0687 1695209614000646103
0688 1695209614000685942
0689 1695209614000726053
0690 1695209614000766023
0691 1695209614000806119
0692 1695209614000845955
0693 1695209614000885993
0694 1695209614000925995
0695 1695209614000966010
0696 1695209615000005952
0697 1695209615000046036
0698 1695209615000085968
0699 1695209615000125986
0700 1695209615000165923
0701 1695209615000205960
0702 1695209615000246139
0703 1695209615000286030
0704 1695209615000326081
0705 1695209615000365960
0706 1695209615000406022
0707 1695209615000445999
0708 1695209615000486052
0709 1695209615000526072
0710 1695209615000566289
0711 1695209615000606040
0712 1695209615000646071
0713 1695209615000686159
0714 1695209615000726053
0715 1695209615000766139
0716 1695209615000806052
0717 1695209615000846286
0718 1695209615000886280
0719 1695209615000926245
0720 1695209615000966229
0721 1695209616000006169
0722 1695209616000046277
0723 1695209616000086145
0724 1695209616000126270
0725 1695209616000166188
0726 1695209616000206085
0727 1695209616000246091
0728 1695209616000286329
0729 1695209616000326226
0730 1695209616000366130
0731 1695209616000406189
0732 1695209616000446180
0733 1695209616000486278
0734 1695209616000526352
0735 1695209616000566187
0736 1695209616000606312
0737 1695209616000646380
0738 1695209616000686226
0739 1695209616000726294
0740 1695209616000766219
0741 1695209616000806306
0742 1695209616000846380
0743 1695209616000886308
0744 1695209616000926284
0745 1695209616000966256
0746 1695209617000006178
0747 1695209617000046226
0748 1695209617000086171
0749 1695209617000126450
0750 1695209617000166293
0751 1695209617000206269
0752 1695209617000246301
0753 1695209617000286242
0754 1695209617000326367
0755 1695209617000366423
0756 1695209617000406340
0757 1695209617000446259
0758 1695209617000486393
0759 1695209617000526506
0760 1695209617000566426
0761 1695209617000606373
0762 1695209617000646325
0763 1695209617000686308
0764 1695209617000726358
0765 1695209617000766503
0766 1695209617000806397
0767 1695209617000846384
0768 1695209617000886272
0769 1695209617000926483
0770 1695209617000966451
0771 1695209618000006361
0772 1695209618000046508
0773 1695209618000086349
0774 1695209618000126412
0775 1695209618000166495
0776 1695209618000206377
0777 1695209618000246372
0778 1695209618000286602
0779 1695209618000326575
0780 1695209618000366403
0781 1695209618000406599
0782 1695209618000446462
0783 1695209618000486493
0784 1695209618000526419
0785 1695209618000566514
0786 1695209618000606416
0787 1695209618000646586
0788 1695209618000686514
0789 1695209618000726506
0790 1695209618000766565
0791 1695209618000806603
0792 1695209618000846544
0793 1695209618000886598
0794 1695209618000926595
0795 1695209618000966584
0796 1695209619000006524
0797 1695209619000046556
0798 1695209619000086558
0799 1695209619000126448
0800 1695209619000166653
0801 1695209619000206528
0802 1695209619000246582
0803 1695209619000286573
0804 1695209619000326481
0805 1695209619000366734
0806 1695209619000406652
0807 1695209619000446575
0808 1695209619000486742
0809 1695209619000526703
0810 1695209619000566596
0811 1695209619000606668
0812 1695209619000646778
0813 1695209619000686678
0814 1695209619000726616
0815 1695209619000766792
0816 1695209619000806527
0817 1695209619000846579
0818 1695209619000886587
0819 1695209619000926636
0820 1695209619000966569
0821 1695209620000006720
0822 1695209620000046763
0823 1695209620000086629
0824 1695209620000126691
0825 1695209620000166864
0826 1695209620000206780
0827 1695209620000246737
0828 1695209620000286686
0829 1695209620000326748
0830 1695209620000366784
0831 1695209620000406709
0832 1695209620000446801
0833 1695209620000486751
0834 1695209620000526680
0835 1695209620000566852
0836 1695209620000606875
0837 1695209620000646887
0838 1695209620000686726
0839 1695209620000726905
0840 1695209620000766711
0841 1695209620000806742
0842 1695209620000846896
0843 1695209620000886798
0844 1695209620000926895
0845 1695209620000966726
0846 1695209621000006783
0847 1695209621000046955
0848 1695209621000086793
0849 1695209621000126858
0850 1695209621000166704
0851 1695209621000206770
0852 1695209621000246762
0853 1695209621000286768
0854 1695209621000326971
0855 1695209621000366793
0856 1695209621000406911
0857 1695209621000446745
0858 1695209621000486795
0859 1695209621000526917
0860 1695209621000566836
0861 1695209621000606958
0862 1695209621000646842
0863 1695209621000686943
0864 1695209621000727053
0865 1695209621000766836
0866 1695209621000806786
0867 1695209621000846830
0868 1695209621000886796
0869 1695209621000926820
0870 1695209621000966881
0871 1695209622000007074
0872 1695209622000046884
0873 1695209622000086887
0874 1695209622000127021
0875 1695209622000167039
0876 1695209622000206907
0877 1695209622000247055
0878 1695209622000286917
0879 1695209622000326906
0880 1695209622000366849
0881 1695209622000406972
0882 1695209622000446893
0883 1695209622000486973
0884 1695209622000527088
0885 1695209622000566919
0886 1695209622000607114
0887 1695209622000647083
0888 1695209622000687143
0889 1695209622000727110
0890 1695209622000767044
0891 1695209622000806965
0892 1695209622000846994
0893 1695209622000887182
0894 1695209622000927021
0895 1695209622000967057
0896 1695209623000007064
0897 1695209623000047142
0898 1695209623000086973
0899 1695209623000127187
0900 1695209623000167027
0901 1695209623000206989
0902 1695209623000247190
0903 1695209623000287117
0904 1695209623000327080
0905 1695209623000367227
0906 1695209623000407217
0907 1695209623000447223
0908 1695209623000487245
0909 1695209623000527235
0910 1695209623000567277
0911 1695209623000607218
0912 1695209623000647236
0913 1695209623000687051
0914 1695209623000727275
0915 1695209623000767232
0916 1695209623000807077
0917 1695209623000847190
0918 1695209623000887220
0919 1695209623000927123
0920 1695209623000967086
0921 1695209624000007074
0922 1695209624000047217
0923 1695209624000087179
0924 1695209624000127129
0925 1695209624000167201
0926 1695209624000207237
0927 1695209624000247162
0928 1695209624000287197
0929 1695209624000327300
0930 1695209624000367196
0931 1695209624000407144
0932 1695209624000447132
0933 1695209624000487248
0934 1695209624000527161
0935 1695209624000567213
0936 1695209624000607237
0937 1695209624000647391
0938 1695209624000687315
0939 1695209624000727283
0940 1695209624000767154
0941 1695209624000807256
0942 1695209624000847298
0943 1695209624000887234
0944 1695209624000927395
0945 1695209624000967267
0946 1695209625000007380
0947 1695209625000047278
0948 1695209625000087378
0949 1695209625000127264
0950 1695209625000167226
0951 1695209625000207234
0952 1695209625000247369
0953 1695209625000287301
0954 1695209625000327436
0955 1695209625000367252
0956 1695209625000407262
0957 1695209625000447325
0958 1695209625000487468
0959 1695209625000527339
0960 1695209625000567266
0961 1695209625000607360
0962 1695209625000647508
0963 1695209625000687306
0964 1695209625000727350
0965 1695209625000767379
0966 1695209625000807386
0967 1695209625000847453
0968 1695209625000887364
0969 1695209625000927411
0970 1695209625000967377
0971 1695209626000007423
0972 1695209626000047419
0973 1695209626000087418
0974 1695209626000127445
0975 1695209626000167572
0976 1695209626000207459
0977 1695209626000247487
0978 1695209626000287593
0979 1695209626000327566
0980 1695209626000367413
0981 1695209626000407400
0982 1695209626000447404
0983 1695209626000487437
0984 1695209626000527528
0985 1695209626000567534
0986 1695209626000607430
0987 1695209626000647530
0988 1695209626000687586
0989 1695209626000727580
0990 1695209626000767495
0991 1695209626000807503
0992 1695209626000847627
0993 1695209626000887629
0994 1695209626000927657
0995 1695209626000967496
0996 1695209627000007626
0997 1695209627000047572
0998 1695209627000087477
0999 1695209627000127465
1000 1695209627000167519
1001 1695209627000207587
1002 1695209627000247596
1003 1695209627000287722
1004 1695209627000327690
1005 1695209627000367538
1006 1695209627000407649
1007 1695209627000447565
1008 1695209627000487540
1009 1695209627000527589
1010 1695209627000567568
1011 1695209627000607584
1012 1695209627000647517
1013 1695209627000687582
1014 1695209627000727559
1015 1695209627000767665
1016 1695209627000807608
1017 1695209627000847640
1018 1695209627000887814
1019 1695209627000927618
1020 1695209627000967669
1021 1695209628000007638
1022 1695209628000047659
1023 1695209628000087672
1024 1695209628000127710
1025 1695209628000167659
1026 1695209628000207883
1027 1695209628000247832
1028 1695209628000287856
1029 1695209628000327763
1030 1695209628000367753
1031 1695209628000407744
1032 1695209628000447685
1033 1695209628000487744
1034 1695209628000527928
1035 1695209628000567725
1036 1695209628000607810
1037 1695209628000647696
1038 1695209628000687788
1039 1695209628000727915
1040 1695209628000767739
1041 1695209628000807946
1042 1695209628000847894
1043 1695209628000887892
1044 1695209628000927892
1045 1695209628000967871
1046 1695209629000007738
1047 1695209629000047961
1048 1695209629000087833
1049 1695209629000127914
1050 1695209629000167892
1051 1695209629000207791
1052 1695209629000247758
1053 1695209629000287892
1054 1695209629000327916
1055 1695209629000367986
1056 1695209629000407966
1057 1695209629000447926
1058 1695209629000487868
1059 1695209629000527811
1060 1695209629000567920
1061 1695209629000607867
1062 1695209629000647993
1063 1695209629000688045
1064 1695209629000727986
1065 1695209629000767918
1066 1695209629000807907
1067 1695209629000848016
1068 1695209629000888060
1069 1695209629000927911
1070 1695209629000967960
1071 1695209630000007997
1072 1695209630000047921
1073 1695209630000088084
1074 1695209630000127968
1075 1695209630000167849
1076 1695209630000208114
1077 1695209630000248132
1078 1695209630000288028
1079 1695209630000327903
1080 1695209630000368060
1081 1695209630000408084
1082 1695209630000448028
1083 1695209630000488148
1084 1695209630000528010
1085 1695209630000567979
1086 1695209630000608055
1087 1695209630000648168
1088 1695209630000688109
1089 1695209630000728122
1090 1695209630000768107
1091 1695209630000807970
1092 1695209630000848043
1093 1695209630000888178
1094 1695209630000928031
1095 1695209630000968034
1096 1695209631000008060
1097 1695209631000048084
1098 1695209631000088054
1099 1695209631000128036
1100 1695209631000168219
1101 1695209631000208037
1102 1695209631000248114
1103 1695209631000288143
1104 1695209631000328034
1105 1695209631000368119
1106 1695209631000408007
1107 1695209631000448057
1108 1695209631000488120
1109 1695209631000528292
1110 1695209631000568084
1111 1695209631000608098
1112 1695209631000648189
1113 1695209631000688281
1114 1695209631000728339
1115 1695209631000768076
1116 1695209631000808273
1117 1695209631000848237
1118 1695209631000888156
1119 1695209631000928180
1120 1695209631000968165
1121 1695209632000008325
1122 1695209632000048187
1123 1695209632000088104
1124 1695209632000128149
1125 1695209632000168334
1126 1695209632000208260
1127 1695209632000248275
1128 1695209632000288217
1129 1695209632000328220
1130 1695209632000368340
1131 1695209632000408249
1132 1695209632000448384
1133 1695209632000488280
1134 1695209632000528231
1135 1695209632000568327
1136 1695209632000608269
1137 1695209632000648398
1138 1695209632000688314
1139 1695209632000728389
1140 1695209632000768182
1141 1695209632000808331
1142 1695209632000848327
1143 1695209632000888204
1144 1695209632000928224
1145 1695209632000968409
1146 1695209633000008384
1147 1695209633000048354
1148 1695209633000088367
1149 1695209633000128301
1150 1695209633000168305
1151 1695209633000208317
1152 1695209633000248309
1153 1695209633000288370
1154 1695209633000328361
1155 1695209633000368314
1156 1695209633000408424
1157 1695209633000448419
1158 1695209633000488415
1159 1695209633000528362
1160 1695209633000568532
1161 1695209633000608329
1162 1695209633000648334
1163 1695209633000688483
1164 1695209633000728380
1165 1695209633000768529
1166 1695209633000808491
1167 1695209633000848429
1168 1695209633000888468
1169 1695209633000928566
1170 1695209633000968474
1171 1695209634000008568
1172 1695209634000048342
1173 1695209634000088496
1174 1695209634000128498
1175 1695209634000168518
1176 1695209634000208446
1177 1695209634000248652
1178 1695209634000288534
1179 1695209634000328506
1180 1695209634000368655
1181 1695209634000408540
1182 1695209634000448626
1183 1695209634000488568
1184 1695209634000528513
1185 1695209634000568405
1186 1695209634000608620
1187 1695209634000648544
1188 1695209634000688523
1189 1695209634000728413
1190 1695209634000768531
1191 1695209634000808609
1192 1695209634000848616
1193 1695209634000888524
1194 1695209634000928551
1195 1695209634000968541
1196 1695209635000008558
1197 1695209635000048551
1198 1695209635000088625
1199 1695209635000128721
1200 1695209635000168746
1201 1695209635000208742
1202 1695209635000248706
1203 1695209635000288585
1204 1695209635000328701
1205 1695209635000368700
1206 1695209635000408633
1207 1695209635000448614
1208 1695209635000488606
1209 1695209635000528699
1210 1695209635000568757
1211 1695209635000608722
1212 1695209635000648626
1213 1695209635000688668
1214 1695209635000728664
1215 1695209635000768666
1216 1695209635000808759
1217 1695209635000848806
1218 1695209635000888689
1219 1695209635000928688
1220 1695209635000968811
1221 1695209636000008744
1222 1695209636000048669
1223 1695209636000088701
1224 1695209636000128760
1225 1695209636000168747
1226 1695209636000208832
1227 1695209636000248763
1228 1695209636000288765
1229 1695209636000328853
1230 1695209636000368708
1231 1695209636000408711
1232 1695209636000448843
1233 1695209636000488671
1234 1695209636000528753
1235 1695209636000568910
1236 1695209636000608801
1237 1695209636000648808
1238 1695209636000688832
1239 1695209636000728758
1240 1695209636000768761
1241 1695209636000808820
1242 1695209636000848833
1243 1695209636000888762
1244 1695209636000928932
1245 1695209636000968818
1246 1695209637000008745
1247 1695209637000048846
1248 1695209637000088894
1249 1695209637000128905
1250 1695209637000168892
1251 1695209637000208787
1252 1695209637000248860
1253 1695209637000288899
1254 1695209637000328957
1255 1695209637000368775
1256 1695209637000408901
1257 1695209637000448915
1258 1695209637000488909
1259 1695209637000528904
1260 1695209637000569018
1261 1695209637000608919
1262 1695209637000648942
1263 1695209637000689095
1264 1695209637000729008
1265 1695209637000768981
1266 1695209637000808998
1267 1695209637000849005
1268 1695209637000889003
1269 1695209637000928994
1270 1695209637000969002
1271 1695209638000009108
1272 1695209638000049010
1273 1695209638000089037
1274 1695209638000129100
1275 1695209638000169008
1276 1695209638000209035
1277 1695209638000249081
1278 1695209638000288896
1279 1695209638000329017
1280 1695209638000368984
1281 1695209638000409071
1282 1695209638000448898
1283 1695209638000489013
1284 1695209638000529029
1285 1695209638000569117
1286 1695209638000609134
1287 1695209638000649116
1288 1695209638000689113
1289 1695209638000729039
1290 1695209638000769089
1291 1695209638000809160
1292 1695209638000849035
1293 1695209638000889111
1294 1695209638000929096
1295 1695209638000969106
1296 1695209639000009211
1297 1695209639000049205
1298 1695209639000089136
1299 1695209639000129136
1300 1695209639000169232
1301 1695209639000209237
1302 1695209639000249183
1303 1695209639000289230
1304 1695209639000329100
1305 1695209639000369031
1306 1695209639000409108
1307 1695209639000449187
1308 1695209639000489053
1309 1695209639000529167
1310 1695209639000569175
1311 1695209639000609131
1312 1695209639000649211
1313 1695209639000689338
1314 1695209639000729215
1315 1695209639000769139
1316 1695209639000809278
1317 1695209639000849149
1318 1695209639000889202
1319 1695209639000929239
1320 1695209639000969170
1321 1695209640000009245
1322 1695209640000049226
1323 1695209640000089304
1324 1695209640000129277
1325 1695209640000169364
1326 1695209640000209258
1327 1695209640000249176
1328 1695209640000289173
1329 1695209640000329223
1330 1695209640000369383
1331 1695209640000409254
1332 1695209640000449215
1333 1695209640000489389
1334 1695209640000529397
1335 1695209640000569330
1336 1695209640000609315
1337 1695209640000649361
1338 1695209640000689378
1339 1695209640000729239
1340 1695209640000769357
1341 1695209640000809373
1342 1695209640000849359
1343 1695209640000889441
1344 1695209640000929349
1345 1695209640000969453
1346 1695209641000009396
1347 1695209641000049266
1348 1695209641000089408
1349 1695209641000129482
1350 1695209641000169415
1351 1695209641000209433
1352 1695209641000249425
1353 1695209641000289558
1354 1695209641000329476
1355 1695209641000369430
1356 1695209641000409453
1357 1695209641000449313
1358 1695209641000489485
1359 1695209641000529484
1360 1695209641000569521
1361 1695209641000609384
1362 1695209641000649490
1363 1695209641000689349
1364 1695209641000729514
1365 1695209641000769501
1366 1695209641000809558
1367 1695209641000849406
1368 1695209641000889489
1369 1695209641000929522
1370 1695209641000969465
1371 1695209642000009604
1372 1695209642000049557
1373 1695209642000089468
1374 1695209642000129578
1375 1695209642000169513
1376 1695209642000209513
1377 1695209642000249602
1378 1695209642000289566
1379 1695209642000329427
1380 1695209642000369621
1381 1695209642000409617
1382 1695209642000449456
1383 1695209642000489544
1384 1695209642000529476
1385 1695209642000569519
1386 1695209642000609507
1387 1695209642000649686
1388 1695209642000689475
1389 1695209642000729498
1390 1695209642000769523
1391 1695209642000809549
1392 1695209642000849735
1393 1695209642000889606
1394 1695209642000929523
1395 1695209642000969732
1396 1695209643000009505
1397 1695209643000049676
1398 1695209643000089719
1399 1695209643000129665
1400 1695209643000169551
1401 1695209643000209528
1402 1695209643000249580
1403 1695209643000289755
1404 1695209643000329553
1405 1695209643000369740
1406 1695209643000409771
1407 1695209643000449746
1408 1695209643000489759
1409 1695209643000529604
1410 1695209643000569765
1411 1695209643000609577
1412 1695209643000649636
1413 1695209643000689741
1414 1695209643000729614
1415 1695209643000769610
1416 1695209643000809646
1417 1695209643000849824
1418 1695209643000889863
1419 1695209643000929660
1420 1695209643000969821
1421 1695209644000009841
1422 1695209644000049863
1423 1695209644000089672
1424 1695209644000129834
1425 1695209644000169650
1426 1695209644000209794
1427 1695209644000249875
1428 1695209644000289712
1429 1695209644000329668
1430 1695209644000369654
1431 1695209644000409726
1432 1695209644000449691
1433 1695209644000489753
1434 1695209644000529763
1435 1695209644000569773
1436 1695209644000609808
1437 1695209644000649731
1438 1695209644000689738
1439 1695209644000729786
1440 1695209644000769835
1441 1695209644000809880
1442 1695209644000849875
1443 1695209644000889792
1444 1695209644000929868
1445 1695209644000969988
1446 1695209645000009981
1447 1695209645000049946
1448 1695209645000090025
1449 1695209645000129770
1450 1695209645000169870
1451 1695209645000209955
1452 1695209645000250024
1453 1695209645000289858
1454 1695209645000329828
1455 1695209645000369829
1456 1695209645000409876
1457 1695209645000449869
1458 1695209645000489879
1459 1695209645000529931
1460 1695209645000569927
1461 1695209645000610083
1462 1695209645000649838
1463 1695209645000689989
1464 1695209645000729869
1465 1695209645000769926
1466 1695209645000809960
1467 1695209645000849874
1468 1695209645000890051
1469 1695209645000929997
1470 1695209645000970068
1471 1695209646000009920
1472 1695209646000049904
1473 1695209646000090045
1474 1695209646000129904
1475 1695209646000170129
1476 1695209646000210019
1477 1695209646000249967
1478 1695209646000289992
1479 1695209646000329972
1480 1695209646000369968
1481 1695209646000410062
1482 1695209646000450074
1483 1695209646000490038
1484 1695209646000530095
1485 1695209646000570120
1486 1695209646000610165
1487 1695209646000650091
1488 1695209646000690078
1489 1695209646000730153
1490 1695209646000770060
1491 1695209646000809977
1492 1695209646000850067
1493 1695209646000890125
1494 1695209646000930113
1495 1695209646000970099
1496 1695209647000010076
1497 1695209647000050120
1498 1695209647000090152
1499 1695209647000130037
1500 1695209647000170157
