1703155800000180 -8.71086079412614e-06 -2.25615668594221e-05 5.26035014918628e-06 1.73098545986134e-05 3.08628126582577e-05 1.36467825718362e-05 0.999999999280811
1703155800000500 0.00384699983192281 -0.0479259679076868 0.0812239817171923 -0.000201930399625868 0.000757948205618371 0.00100508126217922 0.999999187274814
1703155800000740 0.0033214266450669 -0.0856465851061036 0.139922817956647 -0.00067388496288146 0.00123018457537065 0.00127247581781458 0.999998206663522
1703155800000940 0.00328615715509026 -0.116708583450949 0.189254662132973 -0.000197380716545153 0.00166505824192005 0.000611566302016859 0.999998407303013
1703155801000100 0.00310501509425084 -0.140937527150141 0.228410774574584 -0.000318581704231242 0.000790610810031193 0.00173855843669213 0.999998125425646
1703155801000260 0.00199615178504733 -0.164797829412273 0.266890509442503 -0.000524052690794428 -6.52219057548657e-05 0.00262018022576592 0.999996427878852
1703155801000500 -0.000235588251438453 -0.200583895299944 0.32346021015356 -0.000272667509229657 -0.000496510409657634 0.00146141817588593 0.999998771692624
1703155801000700 -0.00258323656105381 -0.228581076201927 0.370660607179883 -0.000495300412577519 -0.000999116994973803 -2.17821986131344e-05 0.99999937798394
1703155801000940 -0.00477934248983952 -0.262896410624317 0.425623051890691 -0.000587576700209727 -0.00294888268689854 -7.9498426997702e-05 0.999995476252028
1703155802000300 -0.0092910805983736 -0.312072212725382 0.504163163019179 -0.000275701131634343 -0.00526037997941882 -0.0013191118641401 0.999985256058932
1703155802000700 -0.016445613200626 -0.361697122856494 0.589439980268349 -0.00203475385125334 -0.00863896837626811 -0.00254780278423435 0.999957367442798
1703155803000060 -0.0227996506130108 -0.40755897647582 0.663126980387914 -0.00234285335512846 -0.010952684803221 -0.00499017080682817 0.999924821138608
1703155803000340 -0.0295235204059023 -0.441056379703336 0.72125374737021 -0.0029598837675222 -0.0133629889688677 -0.00708948136813567 0.999881197376884
1703155803000620 -0.0369081395896308 -0.474841804551119 0.778940014494777 -0.00347194882842543 -0.0151111790261066 -0.010016202850049 0.999829622245831
1703155803000820 -0.0418565379983609 -0.499181141513335 0.819744451996183 -0.00377171020673538 -0.0176786719083297 -0.0101829293647894 0.999784750189372
1703155804000300 -0.0551348388583705 -0.560492676253458 0.918993692695309 -0.00282103417207594 -0.0220657280386555 -0.0135875474321593 0.999660204252977
1703155804000740 -0.0674906752984007 -0.619676704235357 1.01262410881316 -0.00157640004045209 -0.0266757647395931 -0.0160581138882354 0.999513909616481
1703155805000060 -0.0770735378747482 -0.665931102843316 1.08528606327515 0.000525290092314847 -0.0283939588692862 -0.0180514530266867 0.999433665739589
1703155805000220 -0.0821510384093653 -0.690879661378856 1.1238045095168 0.00154110997310834 -0.0303298197254387 -0.0178924417669604 0.999378600703001
1703155805000340 -0.0855327290594336 -0.709899185254437 1.15345171217177 0.00221853337253964 -0.0310630166211108 -0.0182091180420911 0.9993490857194
1703155805000460 -0.0896899602615978 -0.728693172140142 1.1834771383885 0.00282352158282344 -0.0314340045655254 -0.0195751913469837 0.999310133525411
1703155805000580 -0.0935008079380532 -0.747671079170826 1.2135960988534 0.003320378572247 -0.0317294459782292 -0.0206754335366468 0.999277110611528
1703155805000700 -0.0969238843098415 -0.767288614609719 1.24383526881023 0.00396062996410141 -0.0326103524976035 -0.0210575746426089 0.999238438447221
1703155805000820 -0.100526094031958 -0.786251437060585 1.27410587112368 0.00416318044152896 -0.0340593474904339 -0.0206523854846393 0.999197732058541
1703155805000940 -0.104394383346351 -0.804843157274794 1.30442776580901 0.00368343524943623 -0.0352219881453162 -0.0201674377471202 0.99916921405264
1703155806000060 -0.108569613953552 -0.823274940747006 1.3343836049026 0.00364574173895345 -0.0363437360392257 -0.0206199536028968 0.999119942214796
1703155806000180 -0.11303571515059 -0.842848416865831 1.36413406749977 0.0045229081669452 -0.0369535563400126 -0.0217262042471204 0.999070543067181
1703155806000260 -0.116356745497331 -0.85534203090915 1.38379592387575 0.00478189169468764 -0.037695337980059 -0.0220888444327567 0.999033672084187
1703155806000380 -0.121024416307078 -0.874090317224939 1.41327243358358 0.00460128699082273 -0.0393480664918873 -0.0220214651927211 0.998972278340167
1703155806000500 -0.125174013705961 -0.892832328431447 1.44288872246443 0.00436160446627347 -0.0406754841338161 -0.0214466634047536 0.998932691439099
1703155806000580 -0.128039566875898 -0.905200144627277 1.46317748716615 0.00400216237539515 -0.0412194607082597 -0.0218471164465614 0.998903219665555
1703155806000660 -0.131409166859836 -0.917257994630801 1.48298403017373 0.00365757594478315 -0.04135244000332 -0.0226846951302426 0.998880374444722
1703155806000740 -0.135047479878888 -0.929855262419743 1.50293236807208 0.00388869984956469 -0.0415069979626526 -0.0241922151179197 0.998837716479157
1703155806000820 -0.138497705329114 -0.942632343379725 1.52263399310766 0.00418344651591701 -0.0419033285271869 -0.0250618986883006 0.998798533773317
1703155806000900 -0.141796534817217 -0.95520598384563 1.54251158638673 0.00436265449083558 -0.0424046969702047 -0.0258349468947006 0.998756909582911
1703155806000980 -0.145165017282936 -0.96723645816318 1.56230202206078 0.00442175121672693 -0.0433345710748455 -0.0258485317155992 0.998716384402541
1703155807000060 -0.148891763082525 -0.979474188525007 1.58230478941358 0.0042548402179102 -0.0443650851750128 -0.0256881772389687 0.99867600006322
1703155807000140 -0.152236762082592 -0.992074735243482 1.60245144574264 0.00435359953471016 -0.0456102147867643 -0.025785107826161 0.998616984981024
1703155807000220 -0.155460946107217 -1.00503633058985 1.62288803748724 0.0043984415415795 -0.0466143094328388 -0.0255993734964293 0.998575200946176
1703155807000300 -0.158710706265531 -1.01798473884269 1.64394344701498 0.00439369620808245 -0.0475477051270729 -0.0252970265953777 0.998538918428427
1703155807000380 -0.162391949578047 -1.03043966697525 1.66485378784675 0.00405061826258405 -0.0482768482343027 -0.0255960541013146 0.998497761855627
1703155807000460 -0.166432162173234 -1.04246541609246 1.68560534567669 0.00327843956150493 -0.0492978467755307 -0.0255423539109553 0.998452083123685
1703155807000580 -0.171217691240758 -1.06176519330951 1.71695353293221 0.00231522468813014 -0.0507821883314234 -0.0244833950682073 0.998406917268129
1703155807000700 -0.175550553973551 -1.08252854598585 1.74754321711337 0.0024881776916668 -0.0519347560911734 -0.0244090103084179 0.998349032301473
1703155807000860 -0.183195449871857 -1.10854524524198 1.78973207849298 0.00280254756841304 -0.0519802498090676 -0.0267675318880224 0.998285379334756
1703155808000060 -0.19353048137837 -1.13972979111287 1.84399987698063 0.00136575629972415 -0.0519884932798101 -0.028470713782616 0.998240827522564
1703155808000260 -0.201491411579529 -1.17404017889544 1.89732381618101 0.00132131608353201 -0.0544039328182143 -0.0265502224304579 0.998165092510559
1703155808000460 -0.210794014004738 -1.20786350652426 1.95087398495003 0.00172124168278422 -0.0548917516987427 -0.0282752434235076 0.998090398476939
1703155808000620 -0.217060678216054 -1.23473271574212 1.99422090954333 0.00172699560878936 -0.0558372546356042 -0.0286209414473162 0.998028085873136
1703155808000700 -0.220714869516831 -1.24882618335782 2.01627753207118 0.00189212832700218 -0.0567824283532704 -0.0279382472744419 0.997993802595954
1703155808000780 -0.224458555017247 -1.26270281139081 2.03836658379032 0.00146361470948772 -0.0576664242520363 -0.0276174314368977 0.99795276382542
1703155808000860 -0.227966998279888 -1.27570009951225 2.06040115818618 0.000813774183713378 -0.0578352927257884 -0.0277594877850622 0.997939791532942
1703155808000940 -0.231689649900376 -1.29049963592034 2.08297429845158 0.000839385776015084 -0.0574318095645934 -0.0286670606338821 0.997937414027688
1703155809000020 -0.235705524077503 -1.30499905701096 2.10567699405465 0.00180537960469714 -0.0575973590648984 -0.0298274348589456 0.997892583880133
1703155809000100 -0.239366310982696 -1.31998287944282 2.12918184159233 0.002430863326301 -0.0577546376166138 -0.0309445186617353 0.997848149520786
1703155809000180 -0.242909141703081 -1.33457202817219 2.15209354294516 0.00240088926256594 -0.057778660999044 -0.0314641331034998 0.997830582008766
1703155809000260 -0.247084529792187 -1.34880191268046 2.17559901028805 0.00195967479545489 -0.0582357331591587 -0.0314464842593688 0.997805530995813
1703155809000340 -0.251533207747185 -1.36226109566441 2.19955953150657 0.000964933641226901 -0.0585038945984001 -0.0313425447886843 0.99779457209691
1703155809000420 -0.255314652974412 -1.37562605189619 2.22353119013504 -6.26267378735214e-05 -0.0584260461768679 -0.0307201471039098 0.997818954404026
1703155809000540 -0.260403981126748 -1.39785430592786 2.25874294337686 -0.000360888315440172 -0.0589968134155392 -0.0307714782010365 0.997783725010465
1703155809000660 -0.265784871348519 -1.4207823319071 2.29436638177197 0.000199169000975699 -0.0590769402749121 -0.0322701999663995 0.997731682193961
1703155809000740 -0.269920645004204 -1.43737819321717 2.31821716315928 0.00130136375670588 -0.0592522316513677 -0.0325147632638845 0.997712518547602
1703155809000820 -0.273843883321981 -1.45402677497979 2.34239254738528 0.0027086917514735 -0.0593137080336418 -0.0327403516219649 0.99769866011936
1703155809000900 -0.277495329488007 -1.46991801928133 2.36559810302809 0.00345642595111867 -0.0595764403335043 -0.0325172631896389 0.997687991544194
1703155809000980 -0.28119822504561 -1.4847893744461 2.38867242966228 0.00400099841893456 -0.0597728850166994 -0.0319441843095263 0.997692719887858
1703155810000100 -0.285863207139483 -1.50658747874236 2.42478687438199 0.00370344470117563 -0.060283810489738 -0.0315523098588458 0.997675597793568
1703155810000180 -0.289449937115274 -1.5207392054339 2.44854464269402 0.00341876388286771 -0.0600636503122307 -0.0314623168674621 0.997692734554088
1703155810000260 -0.293709108225536 -1.53486972145103 2.47129651042907 0.00329612559229414 -0.0593902052480516 -0.0322003645299961 0.997709915557027
1703155810000340 -0.297303015229916 -1.5498664876823 2.49459824335936 0.00378930358005994 -0.0591690216995502 -0.0327195811841147 0.997704413670017
1703155810000420 -0.300860160097535 -1.56537441618022 2.51771395989059 0.00550275428038579 -0.0593560667452865 -0.0331398240622622 0.997671453484052
1703155810000500 -0.3039288106777 -1.58073246043667 2.54154116921988 0.00638910418885589 -0.0603534806163791 -0.032592449719542 0.997624362646799
1703155810000580 -0.306225396776638 -1.59527976505546 2.56507421057649 0.005823335797459 -0.0607152309007204 -0.0316928808323787 0.997634858453436
1703155810000660 -0.309519097150591 -1.60969225100823 2.58843716156097 0.0057298127587157 -0.0602575476527245 -0.0320498580790932 0.9976517447455
1703155810000780 -0.31548749931548 -1.63040073084436 2.62280177244145 0.00445374477061665 -0.0603442982024136 -0.0320150174126682 0.997654132699325
1703155810000860 -0.31952479100105 -1.64379145524717 2.64527632032099 0.00325353187763168 -0.0606303365988838 -0.0317565533168838 0.997649687082424
1703155810000980 -0.324479705100781 -1.66494757401902 2.67959106187361 0.00208522876403187 -0.0605762910086396 -0.0311552280354485 0.997675055594104
1703155811000060 -0.328961138800277 -1.67953705811422 2.70327908314934 0.00198539682135662 -0.0605155477244453 -0.0314402394359114 0.9976700045743
1703155811000180 -0.335938554028247 -1.70067855806284 2.73774504948587 0.00184279265131959 -0.0599195756757238 -0.0323872946166156 0.997675955264785
1703155811000300 -0.341454980377383 -1.72033237991634 2.77208194460039 0.000625396248568943 -0.0597081864921537 -0.0324601750450984 0.997687765977609
1703155811000420 -0.3465935801768 -1.74065644010256 2.80615377418537 -0.00020242794783818 -0.0594187166935737 -0.0325498056038735 0.997702302936384
1703155811000500 -0.350459039774869 -1.75508981992482 2.82919978505498 -0.000534869861116809 -0.0593651615654962 -0.0324023873480774 0.997710166732142
1703155811000580 -0.354769855675647 -1.76934935687205 2.85107903944273 -0.000673030274139673 -0.0594375754816403 -0.0322480734777633 0.997710771420299
1703155811000660 -0.358185352601612 -1.78372904772938 2.87406694549479 -0.00039234973519699 -0.0595382718586553 -0.0324785568602577 0.997697440905832
1703155811000740 -0.361530000405799 -1.79684174429847 2.89644828145495 -0.000697978499162096 -0.0588316164458756 -0.033241488005918 0.997714065856312
1703155811000820 -0.366549906067358 -1.80860044671782 2.92031782728622 -0.00191826676853776 -0.0579438901149377 -0.0349827832420156 0.997704881579515
1703155811000900 -0.371373869358902 -1.81958942519503 2.94335168966436 -0.00441755069236119 -0.0573093196335907 -0.0359199818863225 0.997700296697511
1703155811000980 -0.375264974681037 -1.83262621224587 2.96669605249094 -0.00605020179684998 -0.0570477897976746 -0.0363053419644425 0.997692771790125
1703155812000060 -0.378712927351561 -1.8473981039809 2.98944428087702 -0.00602962487334072 -0.0576831977970178 -0.0357460033124531 0.997676558591502
1703155812000140 -0.383099680699614 -1.86406219582647 3.01069717965385 -0.00355780311287343 -0.0589191489912665 -0.0343908969389674 0.997663842246921
1703155812000220 -0.387044966012079 -1.88163980596012 3.03183142002923 -4.48613276572339e-05 -0.0605973783676891 -0.0327703042039081 0.997624209251564
1703155812000300 -0.390751465750362 -1.89741438143671 3.05277426305587 0.00334518975920982 -0.0613846205964882 -0.0317964755323987 0.997601985865815
1703155812000380 -0.394783004426828 -1.91189418036451 3.07508022525053 0.00411991580285793 -0.0618204229863662 -0.032335773039773 0.997554840285728
1703155812000460 -0.399371559268693 -1.92471537710079 3.09727030261021 0.00351896056754098 -0.062063615932188 -0.0337917782128773 0.997493779539079
1703155812000540 -0.404114300342142 -1.93686181307844 3.119199913788 0.00265029633864801 -0.0617494270879401 -0.0353662478391898 0.997461384063266
1703155812000620 -0.408801042113653 -1.94957657224703 3.1407916687221 0.00188601079308076 -0.0619649211202833 -0.036107475748382 0.997423200907682
1703155812000740 -0.415548261015283 -1.96990408891118 3.17325989745103 0.00194144583606669 -0.0626640198745696 -0.03650005982534 0.997365127239755
1703155812000860 -0.422086265301813 -1.99127835890797 3.20600852194717 0.00356878800531674 -0.0633445075244568 -0.0373616306307333 0.997285739231876
1703155812000980 -0.430025294910239 -2.01358769995017 3.23861017313666 0.00816956115159651 -0.0630499363543517 -0.0394262286289729 0.997197842101756
1703155813000100 -0.437407310199136 -2.03395275356446 3.2716464363247 0.00849531272454163 -0.0644624039217515 -0.0407630012826536 0.997051054795476
1703155813000180 -0.441912840807594 -2.04620823513883 3.29337350117924 0.00616146853011526 -0.0657281783599769 -0.0395016140779593 0.997036341042927
1703155813000300 -0.448270995458086 -2.06422258970003 3.32592871468965 0.000956907594419734 -0.068613106906048 -0.0361625257989436 0.996987260508576
1703155813000420 -0.454302731156888 -2.08467543112791 3.35774565585764 -0.00041353826377593 -0.0702042309165083 -0.035270352590016 0.996908820893717
1703155813000500 -0.459824030231336 -2.09817808744473 3.37852674543671 0.00126426237062064 -0.0692834161623491 -0.0359479205565763 0.996948322077524
1703155813000620 -0.46672932405878 -2.11867151605471 3.40964649727517 0.00259387367220073 -0.0696441656410421 -0.0387011640809966 0.9968175268876
1703155813000700 -0.470917310354814 -2.13169501071812 3.43067354687475 0.00279549929396076 -0.0695967978032854 -0.0392174740798191 0.996800110677173
1703155813000780 -0.474571188173006 -2.14481574598607 3.45177599565203 0.00236334902747065 -0.0696697114881975 -0.0387595620470709 0.996814045964665
1703155813000860 -0.478396808384436 -2.1578423961023 3.47267054320781 0.00188996599570412 -0.0697921905838793 -0.0383423350346394 0.996822623893604
1703155813000940 -0.482207391268172 -2.17071891646058 3.49327848236561 0.00204378810562378 -0.0699820965421375 -0.0383057444171964 0.996810412785897
1703155814000020 -0.48624909989157 -2.18390698079341 3.51408217806597 0.002296143221801 -0.0699607787419692 -0.0386588963986018 0.996797726167834
1703155814000100 -0.490420684581262 -2.1971789525902 3.53514007535806 0.00262947619241413 -0.0697632086201804 -0.0390989730672814 0.996793584892607
1703155814000180 -0.494753165126243 -2.21031104353575 3.55621638123327 0.00279730482268358 -0.0696398595356743 -0.0394461062675207 0.99678807664915
1703155814000260 -0.498625954966895 -2.22322333178038 3.57732420085966 0.00269788489358555 -0.0701856207803464 -0.0390125700836096 0.996767134002847
1703155814000340 -0.501950569622758 -2.23646168773558 3.59839305772614 0.00257073108518348 -0.0711244040981929 -0.0378557614759719 0.996745530116107
1703155814000420 -0.505309131581429 -2.24990831408688 3.61926924906893 0.00251538685604795 -0.0715499554912208 -0.0365698493637348 0.996763223045314
1703155814000500 -0.508864919283989 -2.26308091330257 3.64032062882578 0.00247572058793909 -0.0719153848601444 -0.0360903145436808 0.996754502083701
1703155814000580 -0.513566436580252 -2.27627055286748 3.66112236951383 0.00220235516941688 -0.0713626851705943 -0.0361577327704648 0.996792423304797
1703155814000660 -0.51715965802674 -2.28867045538767 3.68209415154984 0.0021409201319329 -0.0714127142683641 -0.03696001055676 0.99675954889906
1703155814000740 -0.521563939104993 -2.30137173247307 3.70305331904238 0.00194200152072948 -0.0710434254711473 -0.0376622180209541 0.99676006022571
1703155814000820 -0.526049346286649 -2.31398342101268 3.72411185623087 0.00170997436709196 -0.0708458956721996 -0.038180379139504 0.996754831291442
1703155814000900 -0.530419065206192 -2.32657305452045 3.7450841076955 0.00125264604095933 -0.0707515523801304 -0.0383607347812998 0.996755287290083
1703155814000980 -0.534374482750189 -2.33940755544131 3.76615380895362 0.00101540428301466 -0.0709711328137103 -0.0379891798139241 0.996754177055881
1703155815000060 -0.538276448379683 -2.35291053507162 3.78695260101177 0.00106375583347644 -0.0710136523515978 -0.0376817711826502 0.996762767023203
1703155815000140 -0.542517778482985 -2.36677199065525 3.80773808403814 0.00165197785072289 -0.0709375480998161 -0.0381286069667703 0.9967503923097
1703155815000220 -0.546864116510813 -2.38036261648705 3.82878532996295 0.0021997962230445 -0.0708348018912485 -0.0387283169240308 0.996733519655999
1703155815000300 -0.551627516040346 -2.39332873439534 3.85004685977575 0.00233542962485444 -0.0704366726289561 -0.0398056554536618 0.996718982818795
1703155815000380 -0.556355657394833 -2.4063650920143 3.87227272617343 0.00178873471809694 -0.0703499209318063 -0.0399725939923565 0.996719559747133
1703155815000460 -0.560543896972535 -2.41970859731932 3.89465882216092 0.00142697316951504 -0.0705167273803293 -0.0398653105172747 0.996712652635905
1703155815000540 -0.565030297475642 -2.43374566807265 3.91756814876875 0.000977080475927337 -0.0710074166220672 -0.0394978104705667 0.996692989373576
1703155815000620 -0.569382292851738 -2.44787340903868 3.94059368195311 0.000681990526109181 -0.0713533579201034 -0.0390850190942765 0.996684801973446
1703155815000700 -0.574297592373357 -2.46258649233826 3.96377043262459 0.000636916116867814 -0.0716706824341134 -0.039062349116354 0.996662952305743
1703155815000780 -0.578977377710951 -2.47745185885974 3.98723081774569 0.00123732190047152 -0.0720864391777006 -0.0394221016203414 0.996618237955251
1703155815000860 -0.584327278266734 -2.4925368343824 4.01104682146236 0.001519704123034 -0.0719389833287118 -0.0398090244676995 0.996613121902346
1703155815000940 -0.589294604197632 -2.50742819256537 4.03529397347133 0.00172797030513487 -0.0721781717588822 -0.040307809606883 0.996575439254282
1703155816000020 -0.594678629079581 -2.52154570185143 4.05900881345274 0.00174745559954386 -0.072112335556394 -0.0401077487147029 0.996588242933142
1703155816000100 -0.598782474035853 -2.53652337796742 4.08388717640482 0.000845014384046228 -0.0728379154412774 -0.0402002938751642 0.996532919876313
1703155816000180 -0.603918521617332 -2.55071885987379 4.10825329998141 0.000118536111263598 -0.0726097082881243 -0.0405885775098865 0.996534185859787
1703155816000260 -0.611171200596272 -2.56530604247013 4.1332805777465 -0.000142405051017398 -0.0712311488758417 -0.0411961195344481 0.996608741124586
1703155816000340 -0.614695248921118 -2.58108954541923 4.15674741373869 0.000321138016674849 -0.0719698981624577 -0.0422625547971157 0.996510966869347
1703155816000420 -0.620260573226416 -2.59709755092902 4.18105608521898 0.00150216338395321 -0.0720529207794663 -0.0429954136496049 0.996472535756714
1703155816000500 -0.625824044976999 -2.61284255640575 4.20533793231306 0.00217675555863338 -0.072066607928268 -0.0432402857094468 0.996459704879589
1703155816000580 -0.631040929883053 -2.62813226425014 4.22986591158706 0.00220902712040535 -0.0721717956187078 -0.0432331674213325 0.996452329693233
1703155816000660 -0.636316362187976 -2.64338260254858 4.25446518110897 0.00182276890558911 -0.0724128759146323 -0.0431321079183632 0.996440000291943
1703155816000740 -0.641848030203558 -2.65876549562418 4.27894473157009 0.00183929907701111 -0.0726546350745874 -0.0432524301618886 0.996417155746615
1703155816000820 -0.647251102683371 -2.67433547334784 4.30332362049811 0.00195403581667615 -0.072831881900754 -0.0432924221780725 0.99640226058795
1703155816000900 -0.652603423658927 -2.69005927948886 4.3280075165696 0.00233263194383805 -0.0732231684433578 -0.0431171747233494 0.996380366965953
1703155816000980 -0.658202247029799 -2.70621649177992 4.3537865938682 0.00297123823483608 -0.0729990248670117 -0.0431382428160643 0.996394202170285
1703155817000100 -0.665438939757193 -2.72956320330843 4.38996239723797 0.00359435619419436 -0.0738839704222792 -0.0433135960992283 0.99631931222432
1703155817000180 -0.670906769882488 -2.74486141452948 4.4146836495429 0.00385366732069147 -0.0737675290001936 -0.0441655127824137 0.996289570553689
1703155817000260 -0.67707258485794 -2.7600412901822 4.4395167150201 0.00381950772321146 -0.0737239194974551 -0.0448942770039369 0.996260357008638
1703155817000340 -0.682840583672956 -2.77514707872768 4.46452194768835 0.00327891433802513 -0.0740539793818598 -0.0448176478844557 0.996241253560893
1703155817000420 -0.687914036319523 -2.79027381035073 4.4895007954371 0.00269257227823731 -0.0743135237553261 -0.0445748098353833 0.996234579087542
1703155817000500 -0.693174092971204 -2.80574270159462 4.51476019986034 0.00244247535656343 -0.0745911446412126 -0.0442779712921067 0.996227713283214
1703155817000580 -0.698656507485446 -2.82130749580208 4.53994474314238 0.00231751717832575 -0.0749802609430134 -0.0439326203722064 0.996214090670413
1703155817000660 -0.704153170772789 -2.83683543470784 4.56535854092752 0.00228493519068589 -0.0749497876266532 -0.0440028165322842 0.996213360953927
1703155817000740 -0.7097729721788 -2.85226063261726 4.5907054014887 0.00192479994185073 -0.0747752485594026 -0.0441131289765723 0.996222359315409
1703155817000820 -0.715660502882103 -2.8678920195882 4.61623272573137 0.00178281596025593 -0.0744403519755055 -0.04427658623992 0.9962404526398
1703155817000900 -0.721419020136868 -2.88331150160092 4.6416586320843 0.00165076988513829 -0.0744701390376886 -0.0445721649808082 0.996225273449443
1703155817000980 -0.727298513050423 -2.8987925331172 4.66736885431798 0.00154397845116359 -0.0743198136177163 -0.0450995497943956 0.996212935091044
1703155818000060 -0.732979620481758 -2.91450762422606 4.69304024716702 0.00120813365894242 -0.0745124787323277 -0.0451972364138433 0.996194579761794
1703155818000140 -0.73833156423471 -2.93113574807636 4.71889702764238 0.00145526393071055 -0.0742749416398896 -0.0459866220781781 0.996175860900635
1703155818000220 -0.74316921624459 -2.94813507359152 4.74466521608823 0.00195678361426374 -0.0746670408997306 -0.0464277352692119 0.996125227769549
1703155818000300 -0.747695939062806 -2.96520805463187 4.77040074001449 0.00255916231952936 -0.0751667511307137 -0.0459995090079461 0.996106146644876
1703155818000380 -0.752198982813195 -2.98234722522341 4.79638283858848 0.00298311593164634 -0.0755152096695885 -0.0454384679972709 0.996104361878793
1703155818000460 -0.756427126366639 -2.99925621562023 4.82246857939575 0.00309565432629485 -0.0757101919968976 -0.0447844379818348 0.99611883722111
1703155818000580 -0.763411882658656 -3.02392388146211 4.86194333760539 0.00311077098303887 -0.0757875227663505 -0.044548321568663 0.996123497133887
1703155818000660 -0.767770093718132 -3.04075258806438 4.88836065182417 0.00343703849170963 -0.0759642854242866 -0.044876914701917 0.996094210721667
1703155818000740 -0.772449734105029 -3.0578255273916 4.91467433234854 0.00360286841488638 -0.0762582206843529 -0.0447258454687096 0.996077959732244
1703155818000820 -0.777943434971524 -3.07459966431638 4.94079146494083 0.00406372642425557 -0.0760945244577886 -0.0451989524473519 0.99606734921528
1703155818000900 -0.783221161357117 -3.09139001233532 4.96679456539305 0.00438530933410523 -0.0757023851454452 -0.0459990346410557 0.996059238578422
1703155818000980 -0.788607076762181 -3.10794633974597 4.99281703319377 0.00473470151468592 -0.0756222520045599 -0.0464758481481092 0.996041592074467
1703155819000060 -0.792923286320961 -3.12477081489655 5.01886985361833 0.00493696352972125 -0.0757371651358114 -0.0464453024995247 0.996033303702253
1703155819000140 -0.798207928823047 -3.14095033684407 5.04494250904372 0.00427439339941223 -0.0761457902358594 -0.0454407598866593 0.996051547627605
1703155819000220 -0.804160029308559 -3.15583549023095 5.06882216012485 0.00391932485153843 -0.0757977187515659 -0.0437899118081687 0.996153496379248
1703155819000300 -0.809193754383295 -3.17536554211244 5.09456028207175 0.00531570452052373 -0.0771891847913437 -0.0438667305609076 0.996036787968494
1703155819000420 -0.818006044945235 -3.20286428071929 5.13147926678377 0.00933029066921233 -0.0765373818570049 -0.0454784025715712 0.995985285912418
1703155819000540 -0.827391774359721 -3.22751537643922 5.16878884037934 0.0113966369291896 -0.0761968145730966 -0.0470459966403372 0.995917083052467
1703155819000620 -0.832937657974147 -3.24303462315643 5.19382937161163 0.0112288736091516 -0.0764989988882582 -0.0471687968194179 0.995890014094515
1703155819000740 -0.841074389259976 -3.26648335179983 5.23177003555046 0.0111713024691145 -0.0767622911927962 -0.0470055681782622 0.995878119657328
1703155819000820 -0.847064971794556 -3.28248596642809 5.2568540922397 0.0116028436570553 -0.0767405804347441 -0.0476358856588852 0.995844907468579
1703155819000940 -0.85765608949183 -3.30586179948217 5.29244925962339 0.0126224103591912 -0.0755305690367899 -0.049363045005221 0.99584089978546
1703155820000060 -0.866803220662639 -3.33151596018437 5.33157071852357 0.0131385143738975 -0.0766335693783387 -0.0507189368839645 0.995681809076445
1703155820000180 -0.87525568708303 -3.35472370925342 5.36892098209142 0.0122458439015571 -0.0778098039940529 -0.0494721121973608 0.995664694475142
1703155820000260 -0.881474843881896 -3.36783531459975 5.39290253468623 0.00905373380248974 -0.0778498579888719 -0.049151400436143 0.995711589442702
1703155820000380 -0.89106668190886 -3.38969752943793 5.431387764205 0.00632906965818707 -0.0781428120098863 -0.0498323494272954 0.99567584120486
1703155820000460 -0.897743956290749 -3.4048625364107 5.45619690008386 0.00594737911473004 -0.0782731514375003 -0.0507860545667376 0.995619766330125
1703155820000580 -0.906808581019613 -3.42774749852214 5.49356524392302 0.00522316890570464 -0.078323191353028 -0.051560847119853 0.995580069731783
1703155820000700 -0.916233481513257 -3.45006965259746 5.53141236578625 0.00413985147808122 -0.0775367474132255 -0.0517080014450209 0.995639089739288
1703155820000820 -0.925410400827737 -3.47231850927533 5.56888032258458 0.00245872004475806 -0.0788513776135422 -0.0526129893394073 0.995493992094859
1703155820000940 -0.934383249230327 -3.49505113466132 5.60615169881711 0.00152126234333964 -0.0787774611830867 -0.0534768479442315 0.995455686660325
1703155821000060 -0.944110814368604 -3.5182745229776 5.64322866448994 0.00097295780670864 -0.0786278987058625 -0.0539881715036906 0.995440598044853
1703155821000180 -0.953228462069114 -3.54226472887979 5.68051379895585 0.00105281871503215 -0.0796127731225214 -0.0540476550975937 0.995359005036347
1703155821000300 -0.962765697237142 -3.56582132059769 5.7168634068647 0.00182778871776487 -0.0797262524800643 -0.0536835585981282 0.995368504318943
1703155821000460 -0.975095178401471 -3.59858136114661 5.76733772091715 0.00288561525254744 -0.0808365759405991 -0.0544025497911265 0.995237400719566
1703155821000580 -0.984733301009689 -3.62223856521454 5.80500163994112 0.0034022341387639 -0.0812688582845804 -0.0546966579132839 0.995184441743893
1703155821000700 -0.994319902455361 -3.6460740380922 5.84276736896789 0.00371253673430471 -0.0814793685427886 -0.0548711182194517 0.995156515307121
1703155821000780 -1.00044893428909 -3.66227365295061 5.86808884692477 0.00409491402547967 -0.0819025355170087 -0.0546618982034675 0.995131791894824
1703155821000860 -1.00655793006906 -3.67853339982274 5.89343996391979 0.00460052573249612 -0.0822666387068244 -0.0545620643820389 0.995105027848436
1703155821000940 -1.01282491014722 -3.69494616732034 5.91869046953625 0.00499836828605181 -0.0824440317799039 -0.0546293882304145 0.995084734020135
1703155822000020 -1.01882439533463 -3.71131812312821 5.94403321116649 0.00544182657306501 -0.0829131856875904 -0.0548177732746314 0.995033065729926
1703155822000100 -1.02546892047323 -3.72770639175571 5.9696026480451 0.00552304877512549 -0.0829966433620983 -0.0552008848652183 0.995004480106974
1703155822000180 -1.03205020197138 -3.74371097497745 5.99517646223228 0.00554405102643589 -0.0830392711904365 -0.0556713400948346 0.994974595067845
1703155822000260 -1.03843822691594 -3.75980644773703 6.02090671315739 0.00558494119914961 -0.0829545413526572 -0.0562746627652698 0.994947493504772
1703155822000340 -1.04496455214356 -3.77613823572088 6.04660148570124 0.0057273163105549 -0.0827610222640064 -0.0568194597817048 0.994931836877186
1703155822000420 -1.0514886192858 -3.79245377049442 6.07251904740197 0.00557873275833486 -0.082606572204807 -0.0570927654935236 0.994929870944523
1703155822000500 -1.05732015320086 -3.80863966907229 6.09853147609305 0.00546681399382261 -0.0828707613929587 -0.0569963209522794 0.994914051689297
1703155822000580 -1.06322183933962 -3.82488829042305 6.12455810967801 0.00511566809166756 -0.0830433639942639 -0.0567074773219703 0.99491803262996
1703155822000660 -1.07093296684881 -3.84036101250105 6.15066422153717 0.00507674692678193 -0.0829007651154122 -0.0562163388266471 0.994957995612301
1703155822000780 -1.0792737603573 -3.86456231942921 6.1897275824835 0.0037995856389505 -0.0834450774436288 -0.0558398296510356 0.994939392940064
1703155822000900 -1.08801483291751 -3.88740372363174 6.22968485385931 0.00224137861579734 -0.0838622790538149 -0.055212719986695 0.994944043615253
1703155822000980 -1.09415325437074 -3.9025991064764 6.25632639240924 0.00124919870564917 -0.0841025357968398 -0.054619428360171 0.994958250893344
1703155823000100 -1.10374250127767 -3.92648383830429 6.29594733355612 0.000181347134369674 -0.0841690999313224 -0.054265358005092 0.994972763773234
1703155823000180 -1.11331827165157 -3.94264436631437 6.32349674649627 0.000452813211672658 -0.0832208917788773 -0.0537281999970546 0.995081583920032
1703155823000260 -1.11760399872405 -3.95866689824869 6.34815859779437 -0.000429148267816955 -0.0837284936344477 -0.0546875837483066 0.994986745323395
1703155823000340 -1.12437734372974 -3.97487202433021 6.37430215698858 -0.000550186522157232 -0.0834708873223928 -0.0547839338359516 0.995003029572203
1703155823000420 -1.13080868687515 -3.99107867843389 6.40057039576965 -0.00063034355348334 -0.0834855132298548 -0.054621466264255 0.995010686963158
1703155823000500 -1.13722224348318 -4.00760430630573 6.42642622639232 -0.00053978354156128 -0.083815374007043 -0.0542130111123462 0.995005347292124
1703155823000620 -1.14611017918995 -4.03274000910304 6.46514261616914 -0.000465431879281726 -0.0843461573116659 -0.0535758384448921 0.994995044537835
1703155823000740 -1.1552066665451 -4.05794285058507 6.50418465962238 0.00020803688322739 -0.0852622420331925 -0.0530793233095109 0.994943662847868
1703155823000780 -1.15808998881991 -4.06633387327734 6.51730054751609 0.000662532451668033 -0.0852584173795023 -0.0527966852850724 0.994958829972176
1703155823000860 -1.16354688685784 -4.08327285843909 6.54379984778731 0.00114663710761528 -0.0857607807413585 -0.0525039216087861 0.994930707097572
1703155823000940 -1.16966457795529 -4.09986744119708 6.57039292584761 0.00157548938715552 -0.0863016045107329 -0.052257467552987 0.99489633026613
1703155824000060 -1.1784906788669 -4.12509510775245 6.61059394589179 0.00168524868813962 -0.086757254658367 -0.0521053001797434 0.994864501524796
1703155824000180 -1.18815416494653 -4.14999233457513 6.65083052914416 0.00163689059058663 -0.0869186275034476 -0.051816882822786 0.994865560483748
1703155824000300 -1.19763180845582 -4.17552329080172 6.69163721494649 0.0019136820196874 -0.0865946673636979 -0.0512769218968192 0.99492129270917
1703155824000420 -1.20763333423514 -4.20128688432114 6.73193126863069 0.00190749114454029 -0.0876578289987676 -0.0508911193874225 0.994848008723067
1703155824000540 -1.21759367133297 -4.22716156343539 6.77285584570507 0.00181348679658446 -0.0877970157075145 -0.0506342321074072 0.994849018614074
1703155824000660 -1.22721286252614 -4.25313618124265 6.81433832233639 0.00184118206409579 -0.0879609743168592 -0.05095109475131 0.994818306521085
1703155824000780 -1.23716587066819 -4.27923506212424 6.85601596819381 0.00209159502309876 -0.0881989533200089 -0.0511713939151268 0.994785433301221
1703155824000860 -1.24348542075166 -4.29731649369086 6.88399123808199 0.00234955450675564 -0.0883691313009779 -0.0513835186148474 0.994758820137569
1703155824000980 -1.25370713664185 -4.32386381936333 6.92586917883797 0.00249043151710188 -0.0886084545040518 -0.0517042918337374 0.99472056666545
1703155825000100 -1.26423970645503 -4.35033317536988 6.96821102397428 0.00281793987823708 -0.0889640667844988 -0.0519034683325029 0.994677577917117
1703155825000220 -1.2762446877516 -4.3768135416576 7.01050734767242 0.00288148532652548 -0.0886981539759058 -0.0513928681926638 0.994727655000358
1703155825000340 -1.28652750084224 -4.40394867433866 7.05365483875684 0.00273507464096128 -0.0897959778762438 -0.0515222690123237 0.994622872007164
1703155825000420 -1.29330721595718 -4.42201551839469 7.08227628642349 0.00254741976600603 -0.0896018236220735 -0.0514656926408167 0.994643808776356
1703155825000540 -1.30307484036926 -4.44895281163693 7.12545377795051 0.00226034042697454 -0.0892299482854018 -0.0516245030382999 0.994669702904531
1703155825000660 -1.31318987983682 -4.47585248779778 7.16867038323439 0.00196442388001016 -0.0891043144253223 -0.0514485421526297 0.994690710572881
1703155825000780 -1.3237765966216 -4.5024578892924 7.21199177077425 0.0018352704207405 -0.0890088434731486 -0.05143512072238 0.994700199015929
1703155825000900 -1.33395810602367 -4.5291853230938 7.25522679360771 0.00150728370760303 -0.0889605852122875 -0.051338451218602 0.994710061174103
1703155825000980 -1.34122345250579 -4.5471719374123 7.28412993123705 0.00130263806846057 -0.0887115569374534 -0.0511814919794005 0.99474067860853
1703155826000060 -1.34803515019943 -4.56527269684877 7.31287904302476 0.00112235296051456 -0.0885122556154349 -0.0509337674009467 0.994771366831618
1703155826000140 -1.35448462424679 -4.58328586280662 7.34185095778235 0.000977929965275101 -0.0881706430575012 -0.0507333905755553 0.994812095039318
1703155826000220 -1.36160741500315 -4.60106020127069 7.37095957254029 0.000675915695275267 -0.0882222784871891 -0.0507022442167783 0.994809356182321
1703155826000340 -1.37152687318986 -4.62826168533882 7.41461189242379 0.000414412101672226 -0.0883277135902154 -0.0506815091533452 0.994801200192518
1703155826000460 -1.38218008141277 -4.65572886772568 7.45789827571163 0.000629581835718018 -0.0882695196388741 -0.0504127376799048 0.994819909033314
1703155826000580 -1.39224901291587 -4.68346844812296 7.50170998527756 0.000553247321844334 -0.08858864183063 -0.050294754743022 0.994797559356347
1703155826000700 -1.40234345571402 -4.71073980248851 7.54530259544548 0.000690267813612907 -0.0886240630788761 -0.0503421517447023 0.994791921323977
1703155826000820 -1.41260937511397 -4.73865793812899 7.58847711218337 0.00107932049182786 -0.0887531654749544 -0.0504491716659692 0.994774643707643
1703155826000900 -1.41926142454059 -4.7571799450058 7.61741708231027 0.00144494738600816 -0.0888757877611839 -0.0506564905883891 0.99475269612007
1703155826000980 -1.42684615296222 -4.77564553816659 7.64608226069431 0.00175417917506582 -0.0886042209709518 -0.0508671750749671 0.994765673604314
1703155827000060 -1.43412246662741 -4.79383010220343 7.6747985200728 0.00231557920670243 -0.0888288597028679 -0.0511105242723309 0.994732017221439
1703155827000140 -1.44082269088703 -4.81204667103098 7.70320892799036 0.00275561994496119 -0.0890859616812203 -0.0515108878920488 0.994687250555985
1703155827000220 -1.44752358376492 -4.83046101192613 7.7318652767898 0.00330034052575081 -0.0894514991942786 -0.0520101006583928 0.994626807638832
1703155827000300 -1.4546684787705 -4.84846210814129 7.76033193057015 0.00354184743791238 -0.0894841390576586 -0.0522933989439289 0.994608186473813
1703155827000380 -1.46138185075244 -4.86667845662953 7.78909978836066 0.00398005456304416 -0.0893641333508608 -0.0526821318508787 0.99459680464989
1703155827000460 -1.46861840312197 -4.88492230021466 7.81806492914965 0.00429566145898123 -0.0891278890364962 -0.0530806505784646 0.994595501308293
1703155827000540 -1.47538985454067 -4.90276032962798 7.84640036393889 0.00425320837627357 -0.0889275799309061 -0.0532733441560067 0.994603311149011
1703155827000620 -1.48269082114163 -4.91972030728751 7.87458177374314 0.00387051729648742 -0.0886456976374556 -0.0530784770607358 0.994640454968095
1703155827000700 -1.48984001725682 -4.936561303567 7.90276424205519 0.00322519956696274 -0.0886412360151484 -0.0529362734356284 0.994650732830479
1703155827000780 -1.49718788863062 -4.95341631454807 7.93104092624947 0.00262780043709647 -0.0885206820076622 -0.0524668930432901 0.994688096166907
1703155827000860 -1.50435473320234 -4.97066404553946 7.95910026178566 0.00212768585542046 -0.0883704292567071 -0.0523220513896873 0.994710280998573
1703155827000940 -1.51119619948527 -4.98794352221876 7.98704972637706 0.00186307152731987 -0.0880075885818004 -0.0525241204686962 0.994732330873733
1703155828000020 -1.51829861337404 -5.00510705136108 8.01568076057293 0.00147621330237576 -0.0874804177262807 -0.0530254147329765 0.994752885243927
1703155828000100 -1.52608818616574 -5.02222812535595 8.04396061035765 0.000978498596371896 -0.0870601879067603 -0.0534336215815114 0.994768522977492
1703155828000220 -1.53742973767932 -5.04751965520407 8.08599379366149 0.000486246026680936 -0.0868192139842887 -0.0537248503251669 0.994774259872807
1703155828000300 -1.54497462137208 -5.06462808331506 8.11371258890001 0.000220080740013546 -0.0869487914503572 -0.0537774839283298 0.994760192937036
1703155828000380 -1.55172853841635 -5.08166606769722 8.14126263234432 7.13306811743786e-05 -0.0871713476520716 -0.0535284097368371 0.994754170843983
1703155828000500 -1.56168017447362 -5.10724694423828 8.18207468233219 -2.40885186732605e-05 -0.0874116979094125 -0.0530525845294493 0.994758572600951
1703155828000580 -1.56809787739711 -5.12467927384529 8.20977782938767 -2.26218142385114e-05 -0.0875559259275354 -0.0525728416575783 0.994771358475541
1703155828000780 -1.58504359048555 -5.1682243013764 8.27812003336592 0.0002282109273836 -0.0874788465298207 -0.0516316253697062 0.99482740944913
1703155828000860 -1.59186493643462 -5.18536213317626 8.30497986174465 0.000542045133353884 -0.0872959284459638 -0.0517580842796125 0.994836784490569
1703155828000980 -1.60146989840092 -5.21108135195005 8.3456840511026 0.000751355582932475 -0.0871645721234141 -0.052404720829236 0.994814313360106
1703155829000060 -1.60841613895275 -5.2283217996255 8.3725335853776 0.00112592412051036 -0.0872019957202362 -0.0526839924010301 0.994795929415662
1703155829000140 -1.61489506683701 -5.24555472449853 8.39934074077898 0.00143692128559806 -0.0873461319741595 -0.0529884215262219 0.994766714195108
1703155829000220 -1.62184983388332 -5.26289559112497 8.42598711546688 0.00159916597202347 -0.0874897611025502 -0.0527225942550594 0.994767969139251
1703155829000300 -1.62834336523449 -5.28020560255186 8.45290180325367 0.001564844748542 -0.0879884011793301 -0.0526220985158482 0.994729363830488
1703155829000380 -1.63504726526242 -5.29743395212468 8.47977198353104 0.00163060215268397 -0.0880851939814911 -0.052482314436088 0.994728076616567
1703155829000460 -1.64248324274471 -5.31444576495732 8.50671532996287 0.00165513967848369 -0.0883245943538816 -0.052346689213488 0.994713954196508
1703155829000540 -1.64954775442089 -5.33141829225231 8.53394310207501 0.00171332500306323 -0.0885381387870617 -0.0525155811571555 0.994685968652058
1703155829000660 -1.66021937709303 -5.35666322117402 8.57443053758045 0.00174141488968991 -0.0884060911203988 -0.0525653281998556 0.994695037083344
1703155829000740 -1.66663923926611 -5.37363768785594 8.60158785397301 0.00144411558683451 -0.0881984213646671 -0.0526410978919338 0.994709941546622
1703155829000820 -1.67366761282852 -5.39041010195079 8.62889294561189 0.00126456831553793 -0.0880650511899151 -0.0530681209582801 0.994699312437608
1703155829000900 -1.68113862862555 -5.40711132812915 8.65557420959023 0.00127145651382249 -0.0881046941419969 -0.0532497468910844 0.994686086524042
1703155829000980 -1.6890473407898 -5.42382955752814 8.68230733721789 0.00126922147988294 -0.0878718032550963 -0.0535887121989519 0.994688486509415
1703155830000060 -1.69590270127489 -5.44063784850218 8.70953387964272 0.00116523747530906 -0.0878327630367345 -0.0537226323475724 0.994684837892187
1703155830000180 -1.70623802569085 -5.46619775800587 8.75021392554508 0.000965555388442338 -0.0875354726369158 -0.0539097697588067 0.994701133736951
1703155830000260 -1.71305794259294 -5.48321389447719 8.7772639370589 0.0013433366561223 -0.0872308282647905 -0.0541753979867897 0.994713026103428
1703155830000340 -1.71944761873712 -5.49943040013921 8.80428000508851 0.00136655012999612 -0.0871127547943232 -0.0543958578954899 0.994711310449771
1703155830000420 -1.72642288011724 -5.51539672356654 8.83121429345615 0.00121579555121699 -0.0869472697456193 -0.0544615972403588 0.994722387679592
1703155830000500 -1.73391954084036 -5.53158066465944 8.85804623266016 0.000874276025262531 -0.0868211882479827 -0.0546405465163149 0.994723945418546
1703155830000580 -1.74054719328678 -5.54797117790021 8.88510679311653 0.000637442906716398 -0.086745897067387 -0.0547533973040105 0.994724488736547
1703155830000660 -1.74754830443587 -5.56444988674802 8.91220551944809 0.000502230363650122 -0.0863593721085677 -0.0548573643361413 0.994752469809333
1703155830000740 -1.75351219966397 -5.58104337091547 8.9392325813489 0.000288554424203762 -0.0858843462585979 -0.0548323645702975 0.994795058089709
1703155830000820 -1.76003780174983 -5.59738026348554 8.96668149730995 5.55704603776924e-05 -0.0860229983621837 -0.0547606663336011 0.994787067712183
1703155830000940 -1.77090672643376 -5.62148712154596 9.00710841621254 -0.000441795892980331 -0.0865129036973203 -0.0546038110207076 0.994753108128978
1703155831000060 -1.78189990646436 -5.64639612233025 9.04705222683841 -0.000513369348820683 -0.0864976666106969 -0.0544701770375512 0.994761725206752
1703155831000140 -1.78892357112664 -5.66287951215548 9.0732976065323 -0.000580082543697307 -0.0862770324346378 -0.0546647819013511 0.994770173858361
1703155831000260 -1.79782275624344 -5.68758325553964 9.11294122346133 -0.000358792352783359 -0.0859574984716577 -0.055084365452499 0.994774794819027
1703155831000420 -1.80947835294521 -5.72070491460075 9.16594338284794 -0.000318984766524252 -0.0856112196823261 -0.0551376493604472 0.994801717397104
1703155831000540 -1.81849028918046 -5.74543100271467 9.20583016101064 -0.000361871454473538 -0.0855884730469362 -0.0550958665567116 0.994805974961404
1703155831000660 -1.82784415962102 -5.76998670431717 9.24668583580821 -0.000548574787893207 -0.0859161464296551 -0.0548826129384228 0.994789431812296
1703155831000780 -1.8373057414292 -5.79486140193362 9.28654711628685 -0.00047366312589474 -0.0865487534533534 -0.0543672710627438 0.99476293093184
1703155831000900 -1.84630065127706 -5.81985405769474 9.32674091242203 -0.000594638746089138 -0.086820558210793 -0.0539549149499685 0.994761631864373
1703155831000980 -1.85204268106695 -5.83674136211395 9.35372227559292 -0.000406298074250136 -0.0870043067265568 -0.0537259232527773 0.994758066417932
1703155832000100 -1.86117739935756 -5.86177628630947 9.39411908720919 -0.000898730316399005 -0.0866669567090462 -0.0537829319485496 0.994784110814818
1703155832000220 -1.87075004566485 -5.88741889951819 9.43470477578814 -0.000484247059103324 -0.0864407889431145 -0.054266367576536 0.994777822863842
1703155832000300 -1.87743014377877 -5.90409517868386 9.46176759844984 -0.000417515748623018 -0.086320148213819 -0.054595138950408 0.994770339573879
1703155832000420 -1.88667227893382 -5.92969893652134 9.50185947048814 0.000119082691867842 -0.0863254219808954 -0.0547596577071591 0.994760919631912
1703155832000500 -1.89247121775835 -5.94666922977563 9.52895472624497 5.81878749269512e-05 -0.0865836824764859 -0.0545885279605266 0.994747885224234
1703155832000580 -1.89889035722817 -5.96310462764765 9.55579064351805 4.60707138850843e-05 -0.0865836898613402 -0.0544112104261373 0.994757599974711
1703155832000660 -1.90489927301587 -5.9800130503368 9.5827281186073 0.000148902887196915 -0.0866272053655575 -0.0542529155078437 0.994762447158809
1703155832000740 -1.9115716065495 -5.99709233256047 9.60962682624679 0.000515082011962993 -0.0865759982099852 -0.0544390613603857 0.994756613359603
1703155832000820 -1.91804573623292 -6.01330199012548 9.63580860623861 0.000583793086536422 -0.0867079806494919 -0.0546324944054044 0.994734475039627
1703155832000900 -1.92363202197478 -6.02996489524803 9.6630759382903 0.000717343440059383 -0.0866079285182191 -0.0545709980840313 0.994746479412863
1703155832000980 -1.93006403462778 -6.04610317379613 9.69003302418921 0.000688308866509712 -0.0867823034300643 -0.0544469286042222 0.994738101214507
1703155833000060 -1.93686765667106 -6.06246654611144 9.71716902655589 0.000403149985635349 -0.0864207581594229 -0.0543206781299653 0.994776635208498
1703155833000140 -1.94372576399633 -6.07854724782162 9.74413918899688 6.00060015230191e-05 -0.0861787630805401 -0.054705701153872 0.994776609824764
1703155833000220 -1.95060621993354 -6.0943226735841 9.77101654695895 -0.000226277122331333 -0.0859230607446345 -0.055189572809904 0.994771977633064
1703155833000300 -1.95759945385669 -6.11052053462129 9.79785577653903 -0.000550655415679012 -0.0857521768539738 -0.0553089172804077 0.994779967938984
1703155833000380 -1.96421996068475 -6.12727100467151 9.82480562168742 -0.00074043808246109 -0.0857307692203122 -0.0549275129058871 0.994802822315213
1703155833000460 -1.97058037616014 -6.14364021034371 9.85179738556092 -0.000926767437900124 -0.0859412544559783 -0.0546664354136449 0.994798885566231
1703155833000540 -1.97757123878745 -6.16030191472553 9.87860097148885 -0.00100968483518487 -0.0858760162325745 -0.054533411504009 0.994811739678564
1703155833000620 -1.98507550924265 -6.17707105651113 9.90575089600844 -0.00117705124100518 -0.0859314549110026 -0.0548329583188584 0.994790302671501
1703155833000700 -1.9918525656793 -6.19385726909244 9.93314932231812 -0.00115927858934917 -0.0860031862692821 -0.0548385622984242 0.99478381576588
1703155833000780 -1.99796797424273 -6.21026238511895 9.95985417774165 -0.00115845129545199 -0.0856843237755832 -0.0551300232159862 0.994795222741807
1703155833000860 -2.00452707861643 -6.22697677565528 9.98666284997581 -0.00106548182517184 -0.0857720107693782 -0.0549668858210755 0.994796797532135
1703155833000940 -2.01126286173568 -6.24408679255803 10.0134355194386 -0.00062863461541479 -0.0859089844007628 -0.0550041271156567 0.994783291585657
1703155834000020 -2.01749548241859 -6.26127813908976 10.0405391628247 -0.000244246779951582 -0.085828650893467 -0.0553368478482817 0.994771941853777
1703155834000100 -2.02365700752581 -6.27711003762169 10.0663078029439 -0.000210256339025012 -0.0855725981729011 -0.0558911866238461 0.994763017754475
1703155834000180 -2.03026754796555 -6.29335859583544 10.0931094037435 0.000198374340568114 -0.0855168149904828 -0.056155397394978 0.994752937339175
1703155834000260 -2.03794619839053 -6.31008574821772 10.1196594563627 4.27997433216581e-05 -0.0855868935472361 -0.0560746506542915 0.994751484228657
1703155834000340 -2.04459597233081 -6.32650563786706 10.1465476481139 6.38188174042154e-05 -0.0858069642151293 -0.0559266902670061 0.994740853757963
1703155834000420 -2.0514157588858 -6.34260701676378 10.1729242319551 -0.000126738215497092 -0.0859550863063855 -0.0557803085916573 0.994736278743721
1703155834000500 -2.05849628992467 -6.3590861029568 10.1995731727114 -3.50173799978508e-05 -0.0858824021750458 -0.0559142862404348 0.994735042292494
1703155834000580 -2.06528332633221 -6.37464376296538 10.2255539290088 -0.000182970192681945 -0.0856597996271977 -0.0562303544347271 0.994736403520994
1703155834000660 -2.07170038935981 -6.39049132677858 10.2522472274553 -0.000243952288352257 -0.0858067953686555 -0.0562779336506158 0.994721030510494
1703155834000740 -2.07765067767919 -6.40668848973691 10.2790182163808 -0.000425242419334383 -0.0857516683077014 -0.0559506027908824 0.994744188522189
1703155834000820 -2.08345159480125 -6.42249498334336 10.3053074394769 -0.00051675773650021 -0.0859548715684848 -0.0556789805822185 0.99474184798691
1703155834000900 -2.0900691303362 -6.43920527165538 10.3315053615152 -0.000812293297975952 -0.0859962000169283 -0.055378427717393 0.994754855985029
1703155834000980 -2.09660609226524 -6.45534393972441 10.3573014689794 -0.000473042964905288 -0.0858974752022651 -0.0557559963800318 0.994742513845618
1703155835000020 -2.10007361204617 -6.4640089116547 10.3703926283866 -0.000249422133293319 -0.0859298311551241 -0.0561334698047008 0.994718570990778
1703155835000100 -2.10641146169179 -6.48099259209044 10.3959491158728 0.000218688385377689 -0.0856518071610683 -0.0568132948699718 0.994703960800122
1703155835000180 -2.11265929801141 -6.49726587905691 10.4213606123095 0.000688648311180273 -0.0857183882248118 -0.0572842642065414 0.994670999254507
1703155835000260 -2.11904704674242 -6.51135394238367 10.4457032609473 0.000896773830796636 -0.0864495935611103 -0.0576957221461633 0.994583765811532
1703155835000340 -2.12706886471808 -6.52812204329753 10.4716902368707 0.00133463729106667 -0.0862273206222222 -0.0574684599483278 0.994615726817539
1703155835000420 -2.13379841879613 -6.54367323569772 10.4966709068041 0.00148511280849535 -0.0863287624309328 -0.057487371200878 0.994605621022475
1703155835000500 -2.14038962569223 -6.559299105401 10.521460111018 0.00178814508340574 -0.0865990639294735 -0.057324403704331 0.994591030224807
1703155835000580 -2.14663622335793 -6.57519521988193 10.5462939458803 0.00227287866166375 -0.086924635168804 -0.0571263510843435 0.994573034942707
1703155835000660 -2.15306351455651 -6.59091353916618 10.5712361686454 0.00252106603434062 -0.0870663679556905 -0.0568535872222967 0.994575669025244
1703155835000740 -2.1596008930285 -6.60639832757198 10.5963783414209 0.00254375559913197 -0.0873042298074415 -0.0565361084162038 0.994572857668222
1703155835000820 -2.16647060361456 -6.62152084630152 10.6217056316909 0.00215588320117089 -0.0871860222008106 -0.0565647830774735 0.994582512924806
1703155835000900 -2.17342054988003 -6.63641487392587 10.6469997691334 0.00154839043121273 -0.0868716031927441 -0.0568573044866565 0.994594477147499
1703155835000980 -2.18003646201366 -6.6516600894535 10.6723757959264 0.00125495280278915 -0.0866017317602014 -0.0571705113058012 0.994600471438974
1703155836000060 -2.18702689908559 -6.66711021857137 10.6974523325996 0.00110515244063961 -0.0865631124035669 -0.0572242391672991 0.99460092130503
1703155836000140 -2.19385610273335 -6.68262757637586 10.7227508939564 0.000911995967571701 -0.0866237464489646 -0.0570895010316397 0.994603581175163
1703155836000220 -2.20078078759536 -6.6978802723204 10.7479516185774 0.000659631593968116 -0.0867448442308452 -0.057029798060091 0.994596651421445
1703155836000300 -2.20750271375359 -6.71308990908293 10.7732716592987 0.000571250039376051 -0.0868852857989854 -0.0569390467105041 0.994589646912092
1703155836000380 -2.2141451443435 -6.7283588397266 10.7984726310874 0.000500552425580099 -0.0868299516362609 -0.0568336937356033 0.994600543033474
1703155836000460 -2.22078972856055 -6.74347142002322 10.8235835461381 0.000284713110591017 -0.0868113884841708 -0.056622704800258 0.994614282558318
1703155836000540 -2.22772458241517 -6.75856946660513 10.848673090041 0.000102153334638082 -0.0870043266765797 -0.0563752627322183 0.994611515344622
1703155836000620 -2.23505537388106 -6.77381614438541 10.8736185959473 -0.000301901470153985 -0.0873426732017847 -0.0561701221011472 0.99459342631882
1703155836000700 -2.24255213178619 -6.78910564410007 10.8985419045987 -0.000329381807943437 -0.0874868649165396 -0.0561393705677039 0.994582480766156
1703155836000780 -2.24941657770796 -6.80467497484161 10.9231366898179 -0.000214262008375793 -0.0874180630653621 -0.0562574529678903 0.994581889704039
1703155836000860 -2.25616768944825 -6.81984635590182 10.947547216365 -2.60554175786186e-05 -0.0875688652971532 -0.0562786962030377 0.994567444422635
1703155836000940 -2.26288867477778 -6.8348133296617 10.9718500894848 0.000117148130879236 -0.0880553005585213 -0.0559842632618976 0.994541106534509
1703155837000020 -2.26941329599129 -6.85010959580108 10.9965950474464 0.000174760209551858 -0.088228644565331 -0.0556291545208737 0.99454566154819
1703155837000100 -2.27599744087837 -6.86530546029879 11.0212036927274 0.000118386701060966 -0.0883609880871419 -0.0554835692654303 0.994542053062826
1703155837000180 -2.28391558022677 -6.87944811757269 11.0443993634326 5.69211728061429e-05 -0.0888144361534576 -0.0558076430467823 0.994483534136331
1703155837000260 -2.28983804363088 -6.89559574390566 11.0703132912681 0.000125577453427042 -0.0884628385919072 -0.0556933941710089 0.994521269890332
1703155837000340 -2.29643434215528 -6.91075506908193 11.0947738579262 0.000250825257782037 -0.0886746447761927 -0.0555570713658644 0.994510008135541
1703155837000420 -2.30351452017014 -6.92577081412594 11.1193842673905 0.000258981821849511 -0.0890407783242101 -0.0554586451175652 0.99448278587694
1703155837000500 -2.31009325950466 -6.94109256485478 11.1437816352326 0.000321408753129508 -0.0891648778958402 -0.0552202716170833 0.994484913333917
1703155837000580 -2.31652609950518 -6.95629624328133 11.1681319897665 0.000429574012062288 -0.0893336830279497 -0.0552631364776173 0.994467341992429
1703155837000660 -2.32349526229856 -6.97162224232285 11.1921423117266 0.000546343334272232 -0.0893421572318316 -0.0554386332014298 0.994456755419199
1703155837000740 -2.33007939608243 -6.98671990866345 11.216304053929 0.000656304122915908 -0.0895113426506504 -0.0555945371716899 0.994432771100411
1703155837000820 -2.33703269070641 -7.00171348292469 11.2404290568413 0.000584440939627334 -0.0897103658726578 -0.0555958191788188 0.994414809610968
1703155837000900 -2.34393253795378 -7.01644091120798 11.2644310700195 0.000457806833419219 -0.0896539237361806 -0.0556885364102813 0.994414778291278
1703155837000980 -2.35089013216527 -7.03135550785098 11.2884581627839 0.000482815523917512 -0.0897040218808473 -0.0557750418742366 0.994405400252582
1703155838000060 -2.35764612589375 -7.04644033510436 11.312550488313 0.00062411384646113 -0.0897729589221804 -0.0560000396029915 0.994386455002645
1703155838000140 -2.36468698567348 -7.06135446264406 11.3364570931451 0.00106886050064963 -0.0900004261308455 -0.0562307593720099 0.994352494105558
1703155838000220 -2.37130231308427 -7.07660479302732 11.3603204764033 0.00142480379496991 -0.090026724578034 -0.0563729086682735 0.994341618340586
1703155838000300 -2.37788646363413 -7.09185685803431 11.3843041647311 0.00172597544858964 -0.0902339110289062 -0.0563832616800582 0.994321773930098
1703155838000380 -2.38406685968641 -7.1070033466113 11.4082391037486 0.00195004186753837 -0.0905190717178947 -0.056453308781686 0.994291465778343
1703155838000460 -2.39081028308903 -7.12165869804624 11.4319006534662 0.00193680282595575 -0.0906220607092158 -0.0563918582411513 0.994285597417431
1703155838000540 -2.39745926415025 -7.13599002996996 11.4552961385737 0.00183605480678867 -0.0907679182323409 -0.0563994620024464 0.994272052613543
1703155838000620 -2.40403816770181 -7.15042181024622 11.4787542292308 0.0015627562736029 -0.0907437161262841 -0.0564355277001818 0.994272682411432
1703155838000700 -2.41083304377868 -7.16479042563017 11.5023547122281 0.0013863293570227 -0.0905818019971859 -0.0564018002520075 0.994289621873923
1703155838000780 -2.41764707158919 -7.17906795489193 11.5258504344753 0.00127137235534416 -0.0900878596766599 -0.0564838641059017 0.994329992631661
1703155838000860 -2.42431636822418 -7.19362766913355 11.5492178309195 0.00123848664737889 -0.0898846350261109 -0.0567594650749254 0.99433273186668
1703155838000940 -2.43136570487951 -7.20806098270709 11.5725331289411 0.00122935271341612 -0.0899508284221854 -0.0570528790218888 0.994309964826554
1703155839000020 -2.43799124113916 -7.2226988890594 11.5960273334662 0.00124986839915064 -0.0898454880377382 -0.0570961323860019 0.994316980532267
1703155839000100 -2.44419039956106 -7.23706791569628 11.619249089748 0.00108617463979913 -0.0895641599284947 -0.0570423389193641 0.994345640635872
1703155839000180 -2.45063296474 -7.2511588304486 11.6426016462112 0.000590319579330075 -0.0895584181842465 -0.0567325942352611 0.994364296425846
1703155839000260 -2.45667304506824 -7.26507446185695 11.6661326077308 0.000393628401633332 -0.0896472042189053 -0.0564728167101437 0.994371180598693
1703155839000340 -2.46303616922828 -7.27864601249923 11.6894328454159 0.000208882289184928 -0.0894549194824336 -0.0565749047378295 0.994382750203605
1703155839000420 -2.46938376652273 -7.29249307935137 11.7125602385432 -6.63677158299426e-05 -0.0891423723032372 -0.0565257593575791 0.994413632038764
1703155839000500 -2.47581754690387 -7.30684760786933 11.7357768259318 -0.000156373678143704 -0.088991808265877 -0.0566146654651413 0.994422049867717
1703155839000580 -2.48221032019806 -7.32111476605114 11.7588179035558 -0.00024699405303867 -0.0889951114893155 -0.0566390612649346 0.994420346666323
1703155839000660 -2.4887623288384 -7.33483244761285 11.7816929977613 -0.000441810728173183 -0.089007145093177 -0.0563881538060833 0.994433461341675
1703155839000740 -2.4950590072977 -7.34871980700271 11.8052744344423 -0.000870924217899064 -0.0887527116766092 -0.0561881301954187 0.994467240127194
1703155839000820 -2.50048078194042 -7.36272196219489 11.8286837894705 -0.000851684413002482 -0.0886013708609548 -0.0563388061998034 0.994472227179423
1703155839000900 -2.50595910297099 -7.37656771624113 11.8515314566615 -0.000913595394935525 -0.0880836864462498 -0.0565036234699131 0.994508808437745
1703155839000980 -2.51177686010209 -7.39026311686271 11.8745327843713 -0.000883717518282397 -0.088246533070625 -0.0565111589996974 0.994493970495987
1703155840000060 -2.51766062919469 -7.40394454662939 11.8975905420342 -0.00110463995426552 -0.0881508587838778 -0.0564907632255839 0.994503393426301
1703155840000140 -2.52385613368156 -7.41816423752249 11.9205478657143 -0.00128989460981533 -0.0882666776539304 -0.0562938440986065 0.994504063794832
1703155840000220 -2.52988094863631 -7.43233556284316 11.9431805066514 -0.00131874752404631 -0.0884794459751216 -0.0561259082685081 0.994494610828002
1703155840000300 -2.53599252382594 -7.44661885571114 11.9660885659509 -0.00133995350922627 -0.0888248182038821 -0.0559437653173656 0.994474057639392
1703155840000380 -2.54220878878906 -7.46067688643177 11.9888320163563 -0.00142264036135191 -0.0887863664383379 -0.0557727593745904 0.994486981584386
1703155840000460 -2.54857935221358 -7.47491087577155 12.0113496212985 -0.00153213639057646 -0.0888062424428916 -0.0557435812385878 0.994486680158137
1703155840000580 -2.55726934447346 -7.49672609921283 12.0454242479021 -0.00121561309011832 -0.0891741558839448 -0.0556889734180889 0.994457254207963
1703155840000700 -2.56518937712272 -7.51821928654615 12.0791067740179 -0.00106789400343447 -0.0893107353034926 -0.0557456585628552 0.994441991125345
1703155840000820 -2.57397219935717 -7.5398248337343 12.1129580315601 -0.000834751599555881 -0.0895797395508086 -0.0556443077923705 0.99442369464031
1703155840000980 -2.5851602927231 -7.56909684253082 12.1594866818885 -0.000275769993531517 -0.0902192032652625 -0.0557838583975376 0.994358376268524
1703155841000100 -2.59393668979549 -7.59100471788922 12.1944132882071 -3.67632004323272e-06 -0.0903250261568494 -0.055836913080551 0.99434582956529
1703155841000220 -2.60188982987492 -7.61254166402869 12.2289274228784 0.000193372523171288 -0.0903250717052922 -0.0559743634157016 0.994338078657711
1703155841000300 -2.6073199048627 -7.6272298993481 12.2521795150441 0.000462289232104053 -0.0900822321240639 -0.0563157223500851 0.994340744996603
1703155841000420 -2.61676919500256 -7.64907236706042 12.2864612143141 0.000593377319551473 -0.0900905835595052 -0.0563744769099711 0.994336589395357
1703155841000500 -2.62297989392928 -7.66245923141119 12.3087608717122 0.000572771088883533 -0.0902490720858942 -0.0564297565670541 0.994319093397435
1703155841000620 -2.63176584278641 -7.68281701574893 12.3423741533988 0.000441485329427658 -0.0903164398363342 -0.0562339023127 0.99432413931106
1703155841000700 -2.63741606469407 -7.69651269147968 12.3651871400129 0.000477963079751684 -0.0901358681696992 -0.0563155690861322 0.994335885653884
1703155841000780 -2.64313184253202 -7.71018448205541 12.387309037344 0.000447605309241875 -0.0900704308597482 -0.0562623093035519 0.994344844450887
1703155841000900 -2.65296547586165 -7.72999142179965 12.4201027151759 0.000363850888113022 -0.090101927640103 -0.0564394683767405 0.99433198513244
1703155842000020 -2.66184477038502 -7.74987261367667 12.4530248736723 0.00020429004900069 -0.0900218109086048 -0.0565856525863796 0.994330978974147
1703155842000180 -2.67346525197236 -7.77702649367772 12.496698892438 0.000139707192841767 -0.0902256264043792 -0.0565253654315377 0.994315945705724
1703155842000420 -2.69279167350536 -7.81586943672432 12.5613985928886 -0.000609805867643281 -0.0898379448684379 -0.0564541690839287 0.994354915808064
1703155842000540 -2.70228109367781 -7.83504659264429 12.5935563750926 -0.000693430470318747 -0.0897462997993298 -0.0566515109923223 0.994351913121707
1703155842000660 -2.71132592438621 -7.85449622716996 12.6260507656943 -0.000850343480585981 -0.0899011219839689 -0.0565005378597747 0.994346395580305
1703155842000780 -2.71965255411855 -7.87387828974834 12.6583011072851 -0.00106130033505764 -0.0899132249435667 -0.0564493415975979 0.994348006210624
1703155842000900 -2.72789454545561 -7.89322183953253 12.690379246907 -0.00127212231494147 -0.0900882801413523 -0.0562348193879001 0.994344069512359
1703155843000020 -2.73598294615737 -7.9136173757212 12.7223265496547 -0.000963612627591646 -0.0901710074925748 -0.0563039009987974 0.994333008398492
1703155843000140 -2.7435340909312 -7.93440963797409 12.7538234791057 -0.000547581596160552 -0.0904003350495615 -0.0565198601551422 0.994300248911447
1703155843000260 -2.75162424535086 -7.95420269680218 12.7852010338179 -0.00028037754621516 -0.0906322470773435 -0.0565383804114184 0.994278194832109
1703155843000380 -2.75942489941115 -7.97407416007965 12.8167613528007 -0.000378501278865962 -0.0908909808366763 -0.0563395016572938 0.994265833111214
1703155843000460 -2.76486253945639 -7.98726249688411 12.8373571369801 -0.000264759836395771 -0.0909288090737871 -0.0564130380752996 0.994258241463337
1703155843000580 -2.77353055204641 -8.00703677239222 12.8685957490925 0.00010867786831444 -0.091027764347916 -0.0567942690028608 0.994227511847953
1703155843000700 -2.78170993179549 -8.02704081791812 12.900112537843 0.000585178587993924 -0.09106345329619 -0.056915072850934 0.994217169195023
1703155843000820 -2.7894193200155 -8.04680160461575 12.9314532950939 0.000753829460031377 -0.0911902585098162 -0.0569069370965922 0.994205898697218
1703155843000980 -2.80025615178112 -8.07262757930588 12.9731290315963 0.00103419227613845 -0.0912919111824181 -0.0570043867737483 0.994190734863058
1703155844000100 -2.80875199965774 -8.09133883079994 13.0040963899082 0.00107209822248136 -0.0915043829673563 -0.0571098082368738 0.99416511118944
1703155844000220 -2.81693663674384 -8.11037970878677 13.0345671952084 0.00105544416461581 -0.091533032385521 -0.0570322554665638 0.994166943655
1703155844000340 -2.82582317669634 -8.12927575666728 13.0649018494563 0.000917914780265759 -0.0913766409685581 -0.0571978835797697 0.994171951440873
1703155844000460 -2.83448787800775 -8.14785803789739 13.095269692546 0.000873614632021124 -0.0914826350337694 -0.0574996349803503 0.994144836662083
1703155844000540 -2.83953245097654 -8.16036532497071 13.1157720954253 0.00087982641899203 -0.0912320404725611 -0.0576935226173358 0.994156626565798
1703155844000660 -2.84710478746911 -8.17860852700591 13.146207367584 0.000954574353118507 -0.091224998365046 -0.0579016930737084 0.994145101280643
1703155844000780 -2.85600144112583 -8.19708056189518 13.1762002858952 0.000835820581100123 -0.0913578967129688 -0.0577856234237046 0.994139757698923
1703155844000900 -2.86400587678667 -8.21546691508458 13.2064803850846 0.000496424210898083 -0.0913349979884265 -0.0576878719174971 0.994147766249609
1703155845000020 -2.87176572675594 -8.23377797593483 13.236253448701 0.000497485178137295 -0.0912653629936753 -0.0577191809939413 0.994152343542738
1703155845000180 -2.88202350123453 -8.2576533629238 13.2757595044635 0.00010355051679878 -0.0910663250127732 -0.0576981697501623 0.99417193429177
1703155845000300 -2.89007048640177 -8.2753793681407 13.3054100564406 -0.000226164730712452 -0.0909723563870162 -0.0574255342104977 0.994196302167508
1703155845000420 -2.89746172873241 -8.29360352741903 13.3350717233532 -0.000438521494095848 -0.0909163357290032 -0.0571403716532142 0.99421778576117
1703155845000540 -2.9054144523497 -8.31116022672837 13.3641916785511 -0.000682150145152118 -0.0905369945794356 -0.0573652570014004 0.994239314537937
1703155845000620 -2.91130774362877 -8.32288788580911 13.3836070192948 -0.000912288227801251 -0.0905205981225387 -0.0574324773080298 0.994236742227921
1703155845000740 -2.91845097467861 -8.34080087926091 13.412921037608 -0.000960602480986651 -0.0906054649838718 -0.0574221287749711 0.99422956407707
1703155845000860 -2.92592182710211 -8.35852675860228 13.4419579664285 -0.00111509344293651 -0.0907066810115825 -0.0572425992156776 0.994230526297352
1703155845000980 -2.93305893986192 -8.37625363333895 13.4712043495702 -0.00125244446134921 -0.0907584675997001 -0.0571086854811181 0.994233337795733
1703155846000060 -2.9375994621562 -8.3883625443033 13.490915758027 -0.00121651565404271 -0.0906946894205524 -0.0570381007432256 0.994243254170818
1703155846000180 -2.94523098498672 -8.40646586899763 13.5203271117936 -0.0012435779232927 -0.0908761442292869 -0.0570571038491789 0.994225561341243
1703155846000300 -2.95259717242571 -8.42469725049134 13.5493675478325 -0.00117422666743399 -0.0910390454590264 -0.0569313445409509 0.994217951659696
1703155846000540 -2.96590426184181 -8.46029309751579 13.6067515459099 -0.000996298832021998 -0.0910743472497055 -0.056758322921045 0.994224805283427
1703155846000700 -2.97602715427077 -8.48386449121504 13.6441515673213 -0.000859728021054386 -0.0909658427824597 -0.056620419624839 0.99424272911403
1703155846000860 -2.98643999236665 -8.50717906172352 13.681795177556 -0.000884224452272379 -0.0911327698668255 -0.0566910166564695 0.994223397951373
1703155846000980 -2.99423177237466 -8.52468332182101 13.7100125246678 -0.0010236125342643 -0.0913321643245609 -0.0565761482252197 0.99421151040871
1703155847000140 -3.00425496363512 -8.54785094852675 13.7474848841314 -0.000775817926943774 -0.0914112708342309 -0.0566771542882533 0.994198711451992
1703155847000260 -3.01114219470249 -8.56535569512806 13.7754757899625 -0.000557588795199441 -0.0914166829350685 -0.0567271403697349 0.994195509304562
1703155847000380 -3.01846369853973 -8.5824426183334 13.8031079092955 -0.000446719829330688 -0.0914422838078349 -0.0564679694290674 0.994207964966062
1703155847000540 -3.02878185515965 -8.60563519157092 13.839892880466 3.95988354965153e-05 -0.0913654750593226 -0.0568151855286636 0.994195344533689
1703155847000660 -3.0365287851797 -8.62304326915678 13.8669701800966 0.000374557556579234 -0.0913491970116595 -0.0568818891310741 0.994192956422868
1703155847000860 -3.04852716678188 -8.65141945398492 13.912344319591 0.000467890265932446 -0.0916860559193061 -0.0565805234796016 0.994179104885752
1703155848000020 -3.05876953432033 -8.67402254759415 13.9482026159767 0.000919254730865283 -0.091452904001153 -0.0575212248855565 0.99414628199685
1703155848000180 -3.0682305592353 -8.69624832663482 13.9838366487163 0.00156971327346015 -0.0914987922174754 -0.0580268796528455 0.994111859028317
1703155848000380 -3.08010772147117 -8.72419706727786 14.0277917694852 0.00222126850917722 -0.0915517107222636 -0.0584669331574472 0.994079960545026
1703155848000500 -3.0864660583861 -8.74057855906084 14.054495874746 0.00246565698342617 -0.0918062781931382 -0.0585330910732119 0.994052013261569
1703155848000660 -3.09628709989051 -8.76244817890318 14.0891957542164 0.00249014385244434 -0.0919416729284718 -0.0583354315124928 0.99405105773947
1703155848000700 -3.09862152571121 -8.76790360742248 14.0978625591002 0.00281521881534092 -0.092040028893551 -0.0584332067160081 0.99403534543656
1703155848000820 -3.10578591915942 -8.7844509352948 14.1237760648832 0.00308236445960287 -0.0921193202573501 -0.0587450456718283 0.994008827663858
1703155849000100 -3.12213854542021 -8.82153606292145 14.1832302450786 0.0036297056478926 -0.0923326274633294 -0.0591486014708225 0.993963255903695
1703155849000260 -3.13101824981633 -8.8429502966124 14.2168951046041 0.00382380361923428 -0.0924634173895219 -0.0592606895931229 0.993943693394893
1703155849000380 -3.13768081969446 -8.85902117574713 14.2418029408184 0.0042104228261478 -0.0926933773855399 -0.0590862509240129 0.993931096746767
1703155849000580 -3.14910912322203 -8.88423708102786 14.2832553464261 0.00393478365166039 -0.0925797074481791 -0.0593804019047369 0.993925290510336
1703155849000740 -3.15869004509663 -8.90406381473769 14.3160918242555 0.00378098705171694 -0.0926313877904364 -0.0600460004334109 0.993881083412338
1703155849000940 -3.17098676230831 -8.92940060185111 14.3560371263262 0.00373786253926087 -0.093173374435304 -0.0595120819855361 0.993862698151874
1703155850000100 -3.18160431272567 -8.94839215970139 14.3877375239826 0.0034828664360428 -0.0934178034476155 -0.0595714448021999 0.993837122774446
