1703155440000380 3.04742443918031e-05 4.40017188290838e-05 -3.2201347926653e-05 3.86034852630431e-05 1.84667466440921e-05 3.01863626108786e-05 0.999999998628767
1703155440000660 -0.00017141194806283 -0.124378194812854 0.211202634585639 -0.00142587968463802 -0.00191013748873263 0.00390736789683114 0.999989525304149
1703155440000740 -0.00279599179281264 -0.161021141745239 0.271197616761683 -0.00193542192880936 -0.000404060823127403 0.00269058691660428 0.999994425793891
1703155440000820 -0.00289382071624465 -0.199227986905093 0.330691653322406 -0.00244101182516105 9.8553898892625e-05 0.00220242052105434 0.999994590531492
1703155440000900 -0.00481934769766895 -0.240900564829237 0.384276186941281 -0.00240185498154157 0.000503623256319295 0.00265683192820521 0.999993459328794
1703155440000980 -0.00487339298232111 -0.283008791680541 0.43706561795517 -0.00265346394919629 0.000450380181001402 0.00328169804617954 0.999990993331788
1703155441000060 -0.00350370452694859 -0.323175973029431 0.491796710407753 -0.00293247817628294 -0.000720706373742099 0.00572069332911016 0.999979077192069
1703155441000140 -0.00260920056989037 -0.36159246185399 0.548150639719284 -0.00347116926777417 -0.00128432731025997 0.0070503451289688 0.999968296557864
1703155441000220 -0.00270114920252683 -0.397929018642884 0.607703975271043 -0.00339412211351603 -0.000795040146198507 0.00757186502224016 0.999965256749618
1703155441000300 -0.00100581387023723 -0.436115296013546 0.662622923806655 -0.00400275097296553 -0.000504180416526684 0.0071320110826471 0.999966428538815
1703155441000380 -0.00258383554604492 -0.470623156188242 0.721886271229282 -0.00463817526870349 -0.000429412776429019 0.0068824515234874 0.999965466801665
1703155441000500 -0.00622182634685433 -0.518243805234653 0.814075876928755 -0.00537202030743723 -0.00023227352904757 0.00698504578579315 0.99996114753634
1703155441000620 -0.00865152272377543 -0.570296407660401 0.90290110593271 -0.00588792330081712 -0.000159498830261367 0.00688879558837971 0.999958924863751
1703155441000740 -0.012369544781777 -0.621535278311619 0.991852431486273 -0.00686848821093008 -0.000112475576868543 0.00727054723087524 0.999949973929648
1703155441000820 -0.0142585901131325 -0.654686822542793 1.05195339799751 -0.00715865610962894 0.000182617418654624 0.00708873317082548 0.999949233789204
1703155441000900 -0.0148034414613408 -0.689723556583287 1.11064272227421 -0.00733720832885069 0.000468930026618625 0.00716464803888138 0.999947305260156
1703155441000980 -0.0166261433404307 -0.726463874492046 1.16793753988352 -0.00777057608051485 0.000543175017957554 0.00704873229025503 0.999944817718146
1703155442000020 -0.016067608708337 -0.745756517822648 1.19615012377591 -0.00795617717717882 0.000663037373508147 0.00724187132136892 0.999941905775496
1703155442000100 -0.0164778925681368 -0.784857066380543 1.25280093503357 -0.00823688056883334 0.000769029887199894 0.00756316384001825 0.999937178498858
1703155442000180 -0.0170730636532039 -0.824169416103442 1.30923737030037 -0.00866567022348385 0.0008207331264703 0.00815686797793919 0.999928846499341
1703155442000260 -0.0190016727202578 -0.86425300712666 1.36553407051477 -0.00906028529792342 0.000968435249389753 0.00793263101856357 0.999927020701317
1703155442000380 -0.0188638830289783 -0.916506467862494 1.45419711448838 -0.00980148107761767 0.00127901471027641 0.00837312242123944 0.999916089434996
1703155442000460 -0.0195910256101685 -0.950311640563333 1.51292365393297 -0.0103144822736648 0.00129668048390893 0.00855713433058065 0.999909348654765
1703155442000540 -0.0208093727523847 -0.984140413398744 1.5708421233207 -0.0102303111760267 0.00135756309698709 0.00860235490945364 0.999909744549822
1703155442000620 -0.021853015176684 -1.0169529989701 1.63094244911028 -0.010537841839019 0.0014706927588458 0.00874347839152116 0.99990516677223
1703155442000700 -0.0238754116672897 -1.05202989491005 1.6881869177865 -0.0107039003719684 0.00161799116680883 0.00859710932001084 0.999904444600958
1703155442000780 -0.0261931128639607 -1.08821746485699 1.74891688633552 -0.0110702419723919 0.00309808762841096 0.00787612366503107 0.999902904422091
1703155442000980 -0.0241713459540448 -1.17869935553862 1.89198612409088 -0.0123344846390542 0.00300854397849791 0.00853889378144517 0.999882941371042
1703155443000100 -0.0223427170847829 -1.22768836773497 1.98072952686376 -0.0128619102280409 0.00236188700807622 0.00910477518038092 0.999873039852541
1703155443000260 -0.0242714252045052 -1.29495707053814 2.09744202015749 -0.0133560346897653 0.00309633674166832 0.00925448907640888 0.99986318237451
1703155443000340 -0.0262977747294462 -1.33280879044906 2.15415141213008 -0.013973035373187 0.00373146219398386 0.0090299577355033 0.999854634602275
1703155443000460 -0.0302304308381273 -1.38227568121155 2.24276906442547 -0.0142225047534313 0.00427525735401058 0.0092357424390288 0.999847060102042
1703155443000580 -0.0352986156187878 -1.42448367956173 2.33036723811766 -0.0150852488483506 0.00404118390780788 0.00928712007818093 0.999834913123392
1703155443000700 -0.0367530392156745 -1.47181085889261 2.41738659493169 -0.0153176930476981 0.0039312920894595 0.00938726145127446 0.999830881971871
1703155443000940 -0.0483679855276431 -1.58078855249397 2.58071630211388 -0.0157609608542003 0.00521126072337227 0.00940374296194682 0.99981798568186
1703155444000140 -0.0515954947846345 -1.65423909955245 2.73328401304045 -0.0170142482669532 0.00463523094596509 0.00939750727677004 0.999800338491126
1703155444000300 -0.0526687413558163 -1.73599426480077 2.83597346268621 -0.0179147547156181 0.00527955383801873 0.00981526653335569 0.999777399433309
1703155444000460 -0.0522846358371568 -1.8127010121999 2.94493896116235 -0.018827616958643 0.00580818004874563 0.00967600831961431 0.999759051345462
1703155444000580 -0.0534454190631642 -1.86640403702114 3.028260577909 -0.0197436857320145 0.00673054836406674 0.00924496322448957 0.999739674739085
1703155444000660 -0.052472254565382 -1.89619675401619 3.08855086073568 -0.019942616025236 0.00617645741966848 0.0100214220118712 0.999731821310432
1703155444000740 -0.0503170966439156 -1.91735913442261 3.14681707868856 -0.0201257249199965 0.00646513943034157 0.0100032442949874 0.999726508737347
1703155444000820 -0.0446629738064011 -1.93229629881985 3.19151442497855 -0.0190773394755024 0.00457156115382015 0.00918565688414608 0.999765362299955
1703155444000940 -0.0472235804198183 -1.98184470454494 3.28745601720346 -0.0205253760189924 0.00588231261147425 0.0101894174313448 0.999720102383677
1703155445000020 -0.0425847803111161 -2.01576450561979 3.34260423041607 -0.0210224354134238 0.00654292663407091 0.0100696260351516 0.999706882016855
1703155445000100 -0.0416995561147444 -2.05129329815371 3.39382499016973 -0.0213412358110954 0.00659625184994473 0.00972878873162507 0.999703151833284
1703155445000180 -0.0391435722190149 -2.08552822994315 3.44596696151463 -0.0216566467156541 0.00704481361355638 0.00989122795642712 0.999691714411847
1703155445000260 -0.0403287589357249 -2.11477071973126 3.48713937181489 -0.0215784855466217 0.00701760390552098 0.0103190479811643 0.999689271446734
1703155445000300 -0.039194124982503 -2.13079083898829 3.51192274487234 -0.0214082445531444 0.00746935078747375 0.0107907146860646 0.999684678456427
1703155445000420 -0.0415780998627439 -2.17769696831749 3.58425899095039 -0.0217409904491549 0.00836959964159957 0.0104282603233642 0.999674212192531
1703155445000500 -0.0421475002796873 -2.2037362509836 3.62997941895458 -0.0218348473271184 0.00787711500955131 0.0112367972502342 0.999667407135436
1703155445000700 -0.036914516953078 -2.28306924510195 3.75177578306653 -0.0227699166525134 0.00756628972833718 0.0126881813379358 0.999631578237563
1703155445000900 -0.0357464665449204 -2.35616101031357 3.87825870373441 -0.0237120393006716 0.00952045421118071 0.0115380558835829 0.99960690944503
1703155446000060 -0.0330900080722968 -2.41483303399896 3.97952841177208 -0.0246335609625916 0.0093701964810712 0.0123744491241641 0.999576040179576
1703155446000140 -0.0336132719574295 -2.44498328825583 4.03379019706913 -0.0252637149289225 0.00878150603171507 0.0127728627273752 0.999560645402545
1703155446000220 -0.0299241086253879 -2.46977747529759 4.08399589155999 -0.0251864569026604 0.00855742251109649 0.0130561990738301 0.99956087787308
1703155446000300 -0.0248225684972498 -2.49555038889036 4.13504725342385 -0.0255112287971438 0.00861668684226051 0.013080422964752 0.999551815789549
1703155446000380 -0.0296934444239858 -2.52425085904655 4.18635095476536 -0.0264252013001019 0.00873659062183047 0.0126671323586662 0.999532352892273
1703155446000460 -0.0310093378107341 -2.55651363630602 4.24079351301832 -0.0270774415341552 0.00896842880407489 0.0124242734245664 0.999515891256674
1703155446000580 -0.0319792758358199 -2.59997179897777 4.32035374240492 -0.0275382125159355 0.00930237264992279 0.0123309266140213 0.999501406183778
1703155446000660 -0.0281033394858804 -2.62764018383237 4.37382996710219 -0.0277407662143096 0.00937916489323498 0.0124816290080122 0.999493216631836
1703155446000740 -0.0264349713594767 -2.6553706837633 4.43054105624246 -0.0286207593544802 0.00970072108668238 0.0119714492939546 0.999471576657472
1703155446000820 -0.0254964980684712 -2.68136373416181 4.47891788624701 -0.0285784021591553 0.00994302635976967 0.0122296755114537 0.999467281202203
1703155446000860 -0.0246174686448421 -2.69500947837541 4.50694968279357 -0.029060220467399 0.00990935975666606 0.012409058989355 0.999451511295369
1703155446000900 -0.0240297075358241 -2.71025797720709 4.53671367293551 -0.0288297618294425 0.0101260682538326 0.0126069553473836 0.999453536814716
1703155446000980 -0.0225088858235514 -2.73911236690418 4.58903627463437 -0.0289438745327588 0.0102479261363464 0.0131119861959745 0.999442498573546
1703155447000060 -0.0192481950993014 -2.76838964346661 4.63923156917626 -0.0287867033336344 0.0108341407803577 0.0124791484870579 0.999448957154777
1703155447000140 -0.0206077838462694 -2.79696347683784 4.69356627722532 -0.0292623906610508 0.0100997776291711 0.0133840516258919 0.999431125264126
1703155447000180 -0.0156925311700532 -2.80582159799992 4.70743171828449 -0.0281436070763872 0.011651920647753 0.0142873985194294 0.999433859927457
1703155447000260 -0.0150058729188551 -2.84182804684728 4.76407029920875 -0.0285118549103045 0.0109394317884395 0.0131525397443508 0.999447053955332
1703155447000340 -0.0152612364575202 -2.87196925662179 4.81199717795656 -0.0287343349360666 0.0109281692606814 0.0141933401694376 0.999426566690733
1703155447000420 -0.0210118275551551 -2.89420514000847 4.8477794048786 -0.0283514046126858 0.00671241698737363 0.0110076090772524 0.999514869252618
1703155447000500 -0.0140870830832491 -2.93171892338333 4.91388887539406 -0.0289959101119731 0.0105182293756841 0.0139345384837093 0.999427052207826
1703155447000580 -0.0134389914840798 -2.95872878135107 4.9657829130968 -0.029719491073321 0.0103924877439934 0.0141751012493765 0.999403729507452
1703155447000660 -0.0122426286825769 -2.98663558864378 5.0191388011712 -0.030575368574258 0.00964560041456537 0.0147699541527006 0.999376784643068
1703155447000740 -0.00964224720287723 -3.01399019949162 5.07376388245519 -0.0310149319830844 0.00899175003382522 0.0159337316505768 0.999351459007841
1703155447000820 -0.00760768951066938 -3.04134333088358 5.12938573178741 -0.0318391133688206 0.00929883132973688 0.0158512107403965 0.999324042397586
1703155447000900 -0.00602635960506552 -3.07026951938488 5.18400513684419 -0.0321844790521598 0.00984775060949273 0.0159387486287659 0.999306328113769
1703155447000980 -0.00393619622362076 -3.09951720186595 5.23598383330158 -0.0319237272016624 0.0102664110417377 0.015071808563754 0.999323929980911
1703155448000020 -0.00437661873874825 -3.11390582345611 5.25969300745132 -0.0311392192649984 0.0105508467448979 0.0147507061726004 0.999350511744474
1703155448000100 -0.00170851769667009 -3.14391481352349 5.30910681877913 -0.0307118989345403 0.0112537557295131 0.0144516329337016 0.99936043675511
1703155448000140 -0.00039037214878515 -3.15808849910194 5.3313864982752 -0.0303891562381925 0.01141209590053 0.0145795073534033 0.999366650041725
1703155448000220 0.00303405667560849 -3.18763659017536 5.38059046619054 -0.0303986435087539 0.0118958741730678 0.0150819792422563 0.999353263142029
1703155448000300 0.00522192126541766 -3.21547904647651 5.43227857557644 -0.030866676846337 0.0120296699756402 0.0165842568238212 0.999313513231129
1703155448000380 -0.00612113029493427 -3.23665767361026 5.47307105394298 -0.0306786535908251 0.00614488036941281 0.0130107639100113 0.999425725445157
1703155448000460 0.0103797337916401 -3.26999984087214 5.5401840658289 -0.0322126076023029 0.0120974784559293 0.0179910201549239 0.999245876709158
1703155448000540 0.0143604602773506 -3.29764957031879 5.59579797138758 -0.0324606676963234 0.0131777572523749 0.018006495816859 0.999223907777883
1703155448000620 0.0170020670973449 -3.32725441496844 5.6492073810412 -0.0318704586900845 0.014279434591275 0.0173236153779421 0.999239843061151
1703155448000700 0.0196090117807188 -3.35399661686539 5.70193439777555 -0.0318627885146921 0.0141965941426073 0.0171207011947357 0.999244765316996
1703155448000820 0.021633567860971 -3.39800218879924 5.77694555666789 -0.0324429165970218 0.0140424037482343 0.017353039785273 0.999224269155759
1703155448000900 0.0222242643254365 -3.42982186019846 5.82562961047301 -0.0329653228180291 0.0139632262831686 0.0172756425919061 0.999209621639176
1703155448000990 0.0225327423836962 -3.45992262712467 5.8752919015066 -0.0334076976909199 0.0142802487787226 0.0168067338513255 0.999198445718898
1703155449000070 0.0228423540721718 -3.48611769293037 5.92571956490272 -0.0342824700815469 0.0145605850786293 0.0163259275115026 0.999172740670083
1703155449000140 0.0232007696844743 -3.51156309057896 5.97749421084819 -0.0348776745421465 0.0152026165640644 0.0158366327188711 0.999150453801761
1703155449000260 0.0249553143759889 -3.54806553285003 6.05359109647199 -0.0352030055820797 0.0150563153180731 0.0166551939277106 0.999127949905447
1703155449000340 0.024779834627765 -3.57132356417036 6.10351867462955 -0.0352394273610546 0.0137300465688197 0.0176243227392972 0.999129146721516
1703155449000420 0.00793376667118159 -3.57986571823794 6.12547874448887 -0.0341734033214238 0.00752028291651726 0.0141314991191991 0.999287708611955
1703155449000500 0.0255165115609083 -3.61342754632419 6.20246054174538 -0.0353493215806131 0.0132801329584934 0.0172627539525177 0.999137658612851
1703155449000580 0.0235222525129351 -3.63761566660905 6.24594466969577 -0.0346755139866924 0.0133588709897189 0.0155323307619792 0.999188618828667
1703155449000660 0.0192889528121323 -3.662343506964 6.286132802357 -0.0344258541608227 0.013450984293792 0.0137946606022506 0.999221516444524
1703155449000710 0.0174793168828245 -3.67336902120969 6.30347069573163 -0.0340804378767594 0.0131033265641542 0.012954402987315 0.999249223182247
1703155449000820 0.0151077753994615 -3.70513539204027 6.36234931148731 -0.0338594671172392 0.0122633831840553 0.0120776226171569 0.999278378106589
1703155449000900 0.0101680166293855 -3.72424644697414 6.39813577936396 -0.0341024358758825 0.010257970389951 0.0115012955822659 0.999299513714852
1703155450000030 0.00710715938618968 -3.75421116753745 6.45882234293366 -0.0347989681906089 0.00890647885929655 0.0121611585222822 0.99928064760136
1703155450000180 0.00266206070327203 -3.79387693819441 6.53794321237936 -0.035343106429216 0.00758587851646905 0.0119873962446331 0.999274547662623
1703155450000310 -0.00333729157284766 -3.82327769507082 6.59590507844622 -0.0354612438512158 0.00647070965217867 0.0113739657003544 0.999285376159068
1703155450000420 -0.0111688811104645 -3.85068001656304 6.65125974377002 -0.0365190695915904 0.00479934184232279 0.0108552875058267 0.999262471329335
1703155450000550 -0.0181610500997288 -3.87487791469178 6.70098574797335 -0.036446761712787 0.00541814888044997 0.00866665001694013 0.99928332638989
1703155450000670 -0.0250660329758123 -3.89617172378985 6.74829899781574 -0.0386567862357576 0.00450933182434733 0.00603029300324191 0.9992241762341
1703155450000870 -0.0444202058487396 -3.92455853165165 6.82143507459712 -0.0444441027895675 -0.003126515263314 0.00845456032440183 0.998971204309343
1703155450000990 -0.04507078865571 -3.94352396680465 6.86446602773776 -0.0465117489909861 -0.00979339645939047 0.0111476656619271 0.998807527075101
1703155451000310 -0.0862829948794939 -3.98939987514725 6.95374073338012 -0.0434687764896575 -0.0212154444450498 -0.00909574504297476 0.998788084535255
1703155451000710 -0.121263011181516 -4.02594385901319 7.02422002282212 -0.0394510861131446 -0.0388363017312846 -0.0157712827692395 0.998341935467074
1703155452000310 -0.154769274752441 -4.07184862177905 7.10671862210573 -0.0368177943206988 -0.0649602521568323 -0.0291401575658115 0.996782557470845
1703155453000470 -0.208445366651046 -4.119714726897 7.20340645506748 -0.0320552912925295 -0.0896830676930035 -0.0471714963813448 0.994336087848806
1703155454000190 -0.235650789010085 -4.13091440515744 7.2298526956014 -0.0307633483840184 -0.101297343505136 -0.054323043358093 0.992895498809074
1703155454000830 -0.272765029120085 -4.15751281611768 7.27648583844424 -0.0294702780221175 -0.117199902887654 -0.0632045093192622 0.990656789952068
1703155455000590 -0.34115757953205 -4.20254902343605 7.35806711214029 -0.0256859368766379 -0.153506672713614 -0.0811063363978143 0.984478387916814
1703155455000950 -0.40838284363929 -4.24035861770348 7.42771317537092 -0.0252063277146394 -0.185304471747464 -0.0960775186825459 0.977648200631158
1703155456000350 -0.516538222408005 -4.29052204276968 7.51559209037913 -0.0240869118606589 -0.223988053945769 -0.120420882858193 0.966823656794897
1703155456000790 -0.651144012995249 -4.32906726500163 7.60306737584879 -0.0259525062371265 -0.275187948333053 -0.140839219588334 0.950664175583579
1703155457000070 -0.740381335204836 -4.35398235953726 7.65326570339609 -0.0257795554574646 -0.304249969006348 -0.158448417124251 0.938968300844534
1703155457000350 -0.827541924880592 -4.37380349065413 7.70266422836985 -0.0240962621125761 -0.33669894723775 -0.176016932824306 0.924700615572584
1703155457000510 -0.882786684052932 -4.38252727005141 7.72561062549464 -0.0254784107007273 -0.356757471821185 -0.182565911751192 0.915830030493856
1703155457000750 -0.967231237558688 -4.39812964734358 7.75485657477785 -0.0195917395273673 -0.384834391851498 -0.202509923560446 0.900282392058248
1703155457000950 -1.03683697467166 -4.41065415499787 7.7759046882609 -0.0148194082640213 -0.408187033532477 -0.216054564233123 0.886839419550516
1703155458000030 -1.06852731907417 -4.41748606761375 7.79036731797958 -0.0136060220401116 -0.415940069722003 -0.221175605319433 0.881980774266356
1703155458000110 -1.0920286208386 -4.42011759287403 7.79385327917252 -0.0152831465638207 -0.42523017042708 -0.22632554894312 0.876197736521421
1703155458000230 -1.13385511033492 -4.4273488157642 7.80712610073125 -0.0160904382144484 -0.436139065379279 -0.234579743771626 0.868617382545499
1703155458000350 -1.17651810204993 -4.43362067791439 7.81852325120217 -0.0162944896339773 -0.446748811435415 -0.243639533601278 0.860691446893232
1703155458000470 -1.21904610440785 -4.43964672912444 7.8289639903487 -0.0179451163265675 -0.457576758987911 -0.251002175853666 0.852818497777147
1703155458000550 -1.24740232351331 -4.44340297337683 7.83585576595018 -0.0186870504380483 -0.464709876746189 -0.255687180675576 0.847537368048538
1703155458000630 -1.27634473532609 -4.44734389227748 7.84195098172287 -0.0190759052370634 -0.472245127485875 -0.259332855502921 0.84223934808458
1703155458000710 -1.30537386823873 -4.4507437771538 7.84740956626244 -0.0181846576907754 -0.479500656727736 -0.263271909590185 0.836920748961977
1703155458000750 -1.3198514686318 -4.45259484328126 7.8499126505735 -0.0184472810332759 -0.483023442638351 -0.265027896153989 0.834331028995366
1703155458000830 -1.34839092662744 -4.4560069950443 7.85486450151142 -0.018462631152586 -0.489875408462645 -0.26911768308668 0.829009582625278
1703155458000870 -1.36806471085263 -4.46253976012738 7.86531621234749 -0.0182527856952793 -0.490734642453995 -0.271583652890055 0.827700831214278
1703155458000910 -1.37689239928132 -4.45873295620905 7.85953719515548 -0.0189007758549041 -0.495764271595797 -0.273593163703154 0.824019009766201
1703155458000990 -1.40503648026838 -4.46074685484808 7.86390166629873 -0.0205164340803411 -0.502440848417049 -0.276877249484372 0.818823093526649
1703155459000070 -1.43319266964676 -4.46308248885716 7.86816328853763 -0.0215166363049897 -0.508919894785093 -0.279841735013995 0.813772805147976
1703155459000150 -1.46106171243655 -4.46563643080741 7.8722359022909 -0.021954675141261 -0.514765101008265 -0.282524169051967 0.80914459580775
1703155459000230 -1.48881506094116 -4.46823573695152 7.87597958905958 -0.0206473934780214 -0.520201571272952 -0.28658835166253 0.804258122171651
1703155459000310 -1.51669502108334 -4.47050794507584 7.8786648241124 -0.0202221809399552 -0.525239266780204 -0.291081165223868 0.799366331091159
1703155459000430 -1.55837467351128 -4.47337783105779 7.88217816793464 -0.0205389037662569 -0.533313298322419 -0.29643242904542 0.792011928113949
1703155459000550 -1.60041294216036 -4.47644383000556 7.88563207654683 -0.0205206503912348 -0.542698339207571 -0.298042878591824 0.785001820411624
1703155459000670 -1.64164526118723 -4.47904670326551 7.88894704551756 -0.0203667197857913 -0.550397042420717 -0.300651343714767 0.778625110012643
1703155459000790 -1.68275913170351 -4.48133339880063 7.89244390579946 -0.0192615655348857 -0.55610304501908 -0.305923989522451 0.772521137606162
1703155459000910 -1.72383894597207 -4.48366023391151 7.89473815392287 -0.018255957806666 -0.561644395293822 -0.31057562203388 0.76665838300893
1703155460000030 -1.77020994600585 -4.4912861964881 7.90175884465515 -0.0188255343047237 -0.564647915832015 -0.313627184259105 0.763188259670187
1703155460000190 -1.8201589717594 -4.48889556908646 7.89864115986345 -0.0162097238112955 -0.574652944856075 -0.316124868151964 0.754702792864917
1703155460000350 -1.87439241367408 -4.49111425533416 7.90082607415659 -0.0149306725192914 -0.578243220185813 -0.320092776057918 0.750301584726301
1703155460000510 -1.92799286850098 -4.49267641791985 7.90421432713509 -0.0157235978140932 -0.581472682928326 -0.322492578038856 0.746753523319286
1703155460000630 -1.96803617951351 -4.49496295179527 7.90813907677985 -0.0173908206609808 -0.583290062937283 -0.323778881999519 0.744739885736288
1703155460000750 -2.00885505237363 -4.49796351117527 7.91180785917472 -0.0165629449196672 -0.584646183186039 -0.326609942959301 0.74245569194512
1703155460000910 -2.06318068657579 -4.50135621686021 7.91608179190748 -0.0159758022912477 -0.586040660166739 -0.328217387081803 0.740658129766816
1703155461000110 -2.13105961102812 -4.50634703431555 7.92143686932357 -0.0151651895714787 -0.588079423885009 -0.328620586551315 0.738878283835035
1703155461000270 -2.18603224938963 -4.50989731867447 7.92538660346234 -0.0143714181378339 -0.589683787588621 -0.328315719851782 0.737750148149122
1703155461000430 -2.24177293252369 -4.51213658713348 7.92760735152944 -0.0131292803870744 -0.591018851466389 -0.329581816340293 0.736138686353123
1703155461000550 -2.28386662852069 -4.51328086331432 7.92955189519704 -0.0133316958803507 -0.591810014256156 -0.329922587063495 0.73534635339846
1703155461000630 -2.31210925420988 -4.51428452245787 7.9313889186998 -0.0135079169283093 -0.592376285714675 -0.3304815333104 0.734635847508105
1703155461000750 -2.35528037945799 -4.51584529508039 7.9336955742813 -0.0141138364073133 -0.59352556270093 -0.330945471470846 0.733487083018747
1703155461000830 -2.38413766801489 -4.5174235397059 7.93510049850208 -0.0144067549777483 -0.594391452512494 -0.330909036302704 0.732796326603999
1703155461000950 -2.42802812678033 -4.51911936688173 7.93647276358499 -0.0136717308776119 -0.59530434230471 -0.330935386109261 0.732057097519505
1703155462000070 -2.47183703875938 -4.52100519567769 7.93783947404645 -0.0130426033501581 -0.596461805148921 -0.331085641501376 0.731057797638438
1703155462000150 -2.50125154832376 -4.52224556517077 7.93884841804018 -0.0120741774581802 -0.596771468464566 -0.331050230637679 0.730837720332013
1703155462000270 -2.5455301864703 -4.52382476849385 7.93983437463777 -0.0125503269536661 -0.597975818751169 -0.330298652653182 0.730185051570982
1703155462000390 -2.589275154724 -4.52635211500506 7.94145462395899 -0.0127010496890405 -0.599398791462504 -0.329807792645793 0.729236993055205
1703155462000510 -2.63331773270751 -4.52907489028067 7.94266859636378 -0.0128466879563614 -0.600488259753294 -0.328975346822552 0.728713958758849
1703155462000590 -2.66228997192964 -4.5302972380885 7.94352831909922 -0.012625059264793 -0.600979554396451 -0.329339783502779 0.728147986386247
1703155462000670 -2.69136422040615 -4.53096756306527 7.94450846312735 -0.0127633961908908 -0.601124070206236 -0.330078220297671 0.727691772951629
1703155462000750 -2.72072235975916 -4.53103853943137 7.94517307065183 -0.0136368317957973 -0.601055212750075 -0.331283339908358 0.727184994855985
1703155462000830 -2.74962278380266 -4.53110299620274 7.94572888022643 -0.0148031997670986 -0.600925274039595 -0.332396562424047 0.726761450261205
1703155462000910 -2.78160578458947 -4.53103726064423 7.94277352989225 -0.0168236087996911 -0.599754005903757 -0.333983897863084 0.726957257723954
1703155463000030 -2.82396068437809 -4.53341747584905 7.94793506501505 -0.0156703968090202 -0.60115495461644 -0.334303179089398 0.725677988955622
1703155463000110 -2.85395486476468 -4.53528782906488 7.94860392049672 -0.0151476200459811 -0.601783559796614 -0.33399232077947 0.725311123881194
1703155463000190 -2.88431995385529 -4.53660321871108 7.94946475787679 -0.0144808937733965 -0.602721605570997 -0.333057956056218 0.724975425653241
1703155463000270 -2.91452730980474 -4.53803273803308 7.94997467318261 -0.0139284323437691 -0.603048885284743 -0.333068865308987 0.724709025534426
1703155463000350 -2.94482124467294 -4.53927750025865 7.95076124471194 -0.0132998674138551 -0.60327152607893 -0.333333387327727 0.724413854258597
1703155463000470 -2.99050259102521 -4.54074927631003 7.95165981265104 -0.0121115961283982 -0.602932196747017 -0.334669069696961 0.724101297577355
1703155463000550 -3.0209116875167 -4.54182090352968 7.95225118522027 -0.0118408589916548 -0.602614372511652 -0.335753383030755 0.723868342921647
1703155463000630 -3.05132143256091 -4.54249783587375 7.95300781253335 -0.012659395649328 -0.602946530778812 -0.335296441921 0.723789690972942
1703155463000750 -3.09792553781652 -4.54431504686489 7.95416249499665 -0.0134164307221848 -0.603698963433863 -0.334181806101989 0.72366434305275
1703155463000870 -3.14457605917172 -4.54622528901108 7.95539238961111 -0.0136015408727288 -0.603855380920457 -0.333833148494352 0.723691305727549
1703155463000950 -3.1759920612633 -4.54722754650232 7.95587924177524 -0.0124890759190372 -0.603675958914202 -0.335045702167458 0.723300585559573
1703155464000070 -3.22339865345845 -4.54905583165502 7.95685856551963 -0.0120530749015526 -0.603918384353715 -0.334891744061521 0.723176899647969
1703155464000190 -3.27103324424921 -4.5510390452365 7.95796776840442 -0.0117641601662976 -0.604527804936617 -0.334164635206581 0.723008806427245
1703155464000270 -3.30283790473346 -4.55218401633149 7.95887913670783 -0.0124304824600595 -0.604952540269492 -0.333496659875746 0.722950817814753
1703155464000350 -3.33472281227382 -4.55316040296208 7.96023697453182 -0.0131054643886223 -0.604648754174096 -0.334058198430294 0.722933780467048
1703155464000430 -3.36678186505772 -4.55406670246518 7.9609655479283 -0.012757597159273 -0.603973415777817 -0.33497457600333 0.723080486654001
1703155464000510 -3.39875995139299 -4.55521770791702 7.96199074514483 -0.0124517815574062 -0.603425458827669 -0.335772016081432 0.723173438388935
1703155464000590 -3.43109712014053 -4.55620302054254 7.96275736799919 -0.0125248526140462 -0.602897167301299 -0.33670348457847 0.723179712934331
1703155464000670 -3.46331491530987 -4.55705138779355 7.9637173595142 -0.0128276875190232 -0.602866808072597 -0.33671772558052 0.723193083095486
1703155464000750 -3.49593303095103 -4.55899395127264 7.96457069517096 -0.0130043458687868 -0.603325775014079 -0.335971543488742 0.723154214644413
1703155464000830 -3.5286341315765 -4.56065981018779 7.96506204713018 -0.0123499207197495 -0.603827041797803 -0.334611072144392 0.723378057069961
1703155464000910 -3.56120490105603 -4.56227012528992 7.96572495519454 -0.0120482930182718 -0.604156531260841 -0.333358585304953 0.723686242769402
1703155464000990 -3.59352943584711 -4.56379833167398 7.96658950190134 -0.0113012787852133 -0.604138135474009 -0.333436521213896 0.723677746434545
1703155465000070 -3.62644123433998 -4.56552939556127 7.96844566871228 -0.0114429969069305 -0.603355389334274 -0.333788844502061 0.724165961136709
1703155465000150 -3.65803666981808 -4.56626970966183 7.96843878334848 -0.0111137525693502 -0.603486041317556 -0.334114967873418 0.723911783770397
1703155465000230 -3.68963927147166 -4.56741802267347 7.9696135794922 -0.0113966389440749 -0.603221659565323 -0.334410983081114 0.723991049976973
1703155465000310 -3.72171915199738 -4.56830694012796 7.97016202298814 -0.0120451862680874 -0.603153957437885 -0.334614835594903 0.723942766325199
1703155465000390 -3.7536787438233 -4.56966785726722 7.97124638862661 -0.0128240464341366 -0.603459059864817 -0.334203123251774 0.72386530467269
1703155465000470 -3.7853692485621 -4.57128197232417 7.97268870641714 -0.0132160907784476 -0.603264582512441 -0.3338439196126 0.724186036711785
1703155465000550 -3.81715848062524 -4.57281406932737 7.97335278437694 -0.0127238587965325 -0.602717429934513 -0.334129730201969 0.724518548048027
1703155465000670 -3.86447909415126 -4.57480160512455 7.97438708659707 -0.0116301962579032 -0.602552978743807 -0.334890685761558 0.724322355676063
1703155465000750 -3.8961243011854 -4.57628587946857 7.97546775266998 -0.011584607484297 -0.60257644072204 -0.33465116849623 0.724414263650503
1703155465000870 -3.94320156447182 -4.57894473667937 7.97698909268878 -0.0119320843291282 -0.60289563790239 -0.333773073395497 0.724548142388038
1703155465000950 -3.97469943593101 -4.58052009272538 7.97788194438181 -0.0123142914223554 -0.603327406673558 -0.333188466011036 0.724451409482056
1703155466000030 -4.00651762933029 -4.58236089168496 7.97889779157158 -0.0115365845952396 -0.603369579997699 -0.333172302007727 0.724436521942502
1703155466000070 -4.02235643434209 -4.58289514298203 7.97893779220099 -0.0114876371246413 -0.603376210568926 -0.332851841186696 0.724579074036369
1703155466000150 -4.05394706917827 -4.58436175155635 7.97962320723216 -0.0118038295426313 -0.603916874611092 -0.331874960700663 0.724571658725369
1703155466000230 -4.08574506462983 -4.58612901942535 7.98049110632978 -0.0122341986376489 -0.604020132017952 -0.331495220075393 0.724652277694535
1703155466000350 -4.1328707357893 -4.58885588321712 7.98247348654457 -0.0134595815480414 -0.604620320149383 -0.330333854449688 0.724660370609171
1703155466000430 -4.16408234745106 -4.59040197257302 7.98355985538957 -0.012778188054069 -0.604412830311012 -0.330617217928776 0.724716567821188
1703155466000510 -4.19543390241587 -4.59214587208638 7.98429064757025 -0.0122723498646801 -0.604148217966894 -0.330664596491639 0.724924302795297
1703155466000630 -4.24254432074929 -4.5945057543519 7.98527206882884 -0.0129126710369675 -0.604790212326173 -0.329491309015925 0.724912090728335
1703155466000750 -4.28947603164302 -4.59707788817127 7.98666808028039 -0.0134056710624605 -0.605219957566067 -0.328959432376532 0.724786025525881
1703155466000870 -4.33637218144857 -4.59937932604876 7.98786332517168 -0.0130262636363493 -0.605308994700611 -0.328829440636359 0.724777577164878
1703155466000950 -4.36806263576398 -4.60056777557393 7.98843712186192 -0.0133196855811263 -0.605386754651637 -0.329002312394955 0.724628830303592
1703155467000030 -4.39914419508458 -4.60173937090964 7.9893198480597 -0.0137872354179313 -0.605941518304487 -0.329110723894473 0.724106981013192
1703155467000110 -4.43088163699685 -4.60265971689816 7.99009504944977 -0.0140887423144871 -0.606272990200714 -0.329480076590779 0.723655614103018
1703155467000230 -4.47711328060811 -4.60402772038035 7.9906073424785 -0.0139150823546832 -0.606134877150601 -0.330221326617607 0.723436767541984
1703155467000350 -4.52386845442942 -4.60616347753263 7.9911993485621 -0.0137272804322806 -0.606957340523225 -0.331210098710219 0.722297874196841
1703155467000430 -4.55439550660576 -4.6077157872043 7.99154199652552 -0.0140110028020813 -0.607298078872949 -0.331562669157088 0.721844118642753
1703155467000590 -4.6141836680727 -4.61119369776243 7.99294774029531 -0.013597731225063 -0.608244415896763 -0.331780677228689 0.720954516216945
1703155467000750 -4.6774574902569 -4.61181479418124 7.99179532559287 -0.0134383245231976 -0.608607933933397 -0.33326197236455 0.719966840877426
1703155467000830 -4.70788669313184 -4.61368489922821 7.99308315299522 -0.0135962328931456 -0.608572970642644 -0.333730441406912 0.719776405790472
1703155467000950 -4.75290326957699 -4.61539072219407 7.99277686428794 -0.0137098606628877 -0.609227945093132 -0.333727943401869 0.719221113727178
1703155468000070 -4.79807101755996 -4.61792731614606 7.99509121345067 -0.0137789252485006 -0.609744805915987 -0.333535790002251 0.718870843521314
1703155468000230 -4.85862466427975 -4.61917361597797 7.99282574806233 -0.0128524999670459 -0.609904367773959 -0.335104984091802 0.718022370857398
1703155468000390 -4.91833651029019 -4.62254022117529 7.99370309071885 -0.0124491211613488 -0.610249502914399 -0.335341492191742 0.71762570131626
1703155468000550 -4.97800558560495 -4.62688575781566 7.99508041208174 -0.0124620968497775 -0.610283945745168 -0.333814332209587 0.718307868061657
1703155468000670 -5.02168848155058 -4.6284370479714 7.995714362869 -0.0108515126787508 -0.608682718058308 -0.33358784526633 0.719796320427036
1703155468000910 -5.11114608512462 -4.63765468780221 8.00715357770266 -0.0102228392171449 -0.600834248551136 -0.333433589705309 0.72644045907601
1703155469000070 -5.1685723587448 -4.64404142231562 8.01677541391916 -0.0118304995605526 -0.593446967690179 -0.329850127373381 0.734084211307697
1703155469000190 -5.21112963313877 -4.65106367514685 8.02677907814163 -0.0108547498207444 -0.586544519150007 -0.326267605672468 0.741213296528179
1703155469000270 -5.2391037410346 -4.65516686861949 8.03174016552804 -0.00942971743984491 -0.581316171714515 -0.323630095846872 0.746489216261246
1703155469000390 -5.28035135519689 -4.66496646988172 8.04910045212307 -0.00713443617085975 -0.571332530530926 -0.319817978641515 0.75580731665902
1703155469000470 -5.30685482151999 -4.67029494707727 8.06263961461172 -0.00629209629472212 -0.564951755171215 -0.315447433109279 0.762419071638393
1703155469000590 -5.34392659635712 -4.6802789354395 8.08632634020872 -0.00517052904144049 -0.555305595517398 -0.308249951600653 0.772392988416321
1703155469000710 -5.37680464073034 -4.68310515057727 8.10857770866204 -0.00285521503183503 -0.544628013150173 -0.299821521013234 0.783249149745167
1703155469000830 -5.42129082686545 -4.69288570829739 8.1483263556942 0.00049679284500805 -0.531923086953864 -0.290408223643048 0.795437393138411
1703155469000950 -5.45680380087712 -4.70532984552916 8.18092294159699 0.003374613292079 -0.519950248159574 -0.277837939097319 0.807741562024687
1703155470000070 -5.48932237957687 -4.72125820662548 8.21667086972692 0.00652970214859143 -0.507285728431155 -0.263784385354699 0.820387926997324
1703155470000150 -5.51010351908539 -4.72903828857478 8.2450557009904 0.00980486017616841 -0.498142859580994 -0.253421059845111 0.829177497639906
1703155470000230 -5.53121836928968 -4.73662027533529 8.26799876943228 0.0129206353185246 -0.488522344017508 -0.242757138228223 0.838002355854594
1703155470000350 -5.55777796676443 -4.74990176486358 8.3243960403534 0.0184531209289809 -0.471281581084587 -0.228919086959168 0.851556930148638
1703155470000430 -5.57785966192997 -4.75709270064552 8.35478781519408 0.0195758954374613 -0.460490709005796 -0.218473680503022 0.860136234653921
1703155470000550 -5.60093302843878 -4.7693002889115 8.40703085374256 0.0232981786228422 -0.44471214748254 -0.200296964410362 0.872679452492334
1703155470000670 -5.62479595253122 -4.78727105416465 8.45805363894489 0.0244579200474895 -0.427604991188462 -0.181395434701944 0.885240915190299
1703155470000750 -5.63727479325812 -4.79551693113777 8.4860399015802 0.0293359178427175 -0.414159535617328 -0.169638222696602 0.893775226990491
1703155470000830 -5.65052593343691 -4.80701966675413 8.51411470746805 0.0324093445749068 -0.399712472527063 -0.158736734129547 0.902209633582136
1703155470000910 -5.65990467392333 -4.81846746394635 8.54432680960899 0.0350053664436536 -0.385685704944482 -0.148728848786753 0.909890592796843
1703155471000030 -5.67548570880344 -4.83327373812447 8.5834721407829 0.0378579227966623 -0.364513367224257 -0.129396833021629 0.921386586835476
1703155471000150 -5.6872581250758 -4.85165822319363 8.63262102913566 0.0395265008984454 -0.346135904412501 -0.108391277826562 0.931063328831283
1703155471000270 -5.69871966396979 -4.87374312756779 8.64970038366616 0.0338391228664065 -0.316470744118111 -0.0879119467793568 0.94391348729342
1703155471000350 -5.70350127076943 -4.88552129682081 8.67561891433834 0.0357293623712798 -0.300710665031792 -0.0753780865820281 0.950060341590949
1703155471000430 -5.70528288901469 -4.89536952970342 8.70099566254235 0.0376269274164613 -0.284208356322446 -0.0636876856655946 0.95590465174318
1703155471000550 -5.71086639496911 -4.90900284850267 8.73749998254454 0.0389057668097508 -0.260098548374321 -0.0436404493738023 0.963810457310445
1703155471000670 -5.71688029582192 -4.9184833737128 8.77354245505976 0.0389474076469925 -0.23409587700893 -0.0201153371185518 0.97122479015808
1703155471000790 -5.71950081973506 -4.93083211598152 8.8110125925685 0.0409905041923895 -0.212172799708567 0.000853158224765794 0.97637172928702
1703155471000910 -5.71885876459843 -4.94170573072442 8.84336701368837 0.0436040377775137 -0.186189318546066 0.0208668903466276 0.981324002782012
1703155472000030 -5.71662739811153 -4.95382594437809 8.87519822545458 0.0430077120320234 -0.162039811791583 0.0409703738819765 0.98499485509534
1703155472000150 -5.71270117925897 -4.96342723731496 8.90648651068814 0.0424132006333087 -0.137594252502213 0.0617354217586631 0.987652610886376
1703155472000190 -5.71062052156792 -4.96619701543694 8.9164222611369 0.0426100115043224 -0.128493649578741 0.0679280383313772 0.988463226703952
1703155472000310 -5.70274077982729 -4.97655948282453 8.94234068877479 0.0426504831358035 -0.104465564984387 0.0876062965344921 0.989743915782404
1703155472000430 -5.69351722080851 -4.98658581913307 8.96573947855693 0.0426700994391669 -0.0827339043105967 0.106871729724347 0.989905448554104
1703155472000550 -5.68392691451395 -4.99462216725644 8.98893232114414 0.0419913391631116 -0.0613662387780937 0.123412023747129 0.989565755555515
1703155472000670 -5.67483555149813 -5.00140514476034 9.01136439977412 0.0404806537101245 -0.0385218822252777 0.138783779400078 0.988744883091919
1703155472000790 -5.66697729170986 -5.00829625701679 9.03259590420353 0.0393835804240041 -0.0183912117031986 0.15530277988552 0.986910200314549
1703155472000950 -5.65215928309239 -5.01688619007748 9.05894529656688 0.0364277089248044 0.00287921670787146 0.178790285001932 0.98320840421681
1703155473000150 -5.63750877923359 -5.02323905539548 9.08387150580111 0.0328147675602081 0.0275126780741586 0.198954774632944 0.979072643487658
1703155473000470 -5.62305258947088 -5.02750730030058 9.10720478878525 0.0327858292178071 0.056321365241491 0.219634674214749 0.973403104115873
1703155473000910 -5.61150594258883 -5.02010771653289 9.13100563253023 0.0295996381171656 0.0712395345105711 0.23280141507663 0.969459793536776
1703155474000630 -5.61783995245803 -4.98912421115345 9.14974252466328 0.0315920622485269 0.0688595465391615 0.230170509539078 0.970196805288405
1703155475000550 -5.62549779000534 -4.96375873000348 9.19214703103822 0.0304443576884159 0.080382467648829 0.239807231489085 0.967007906743872
1703155475000910 -5.60834123513826 -4.96201642191457 9.22108704567871 0.026155366961266 0.104473450986921 0.256780033537112 0.960450524074345
1703155476000150 -5.59310588302591 -4.95869053580494 9.24436845470049 0.0222047268083281 0.130249528924645 0.270355951636046 0.953650706358069
1703155476000310 -5.57661873062741 -4.95299164497107 9.26707028459971 0.016642542406242 0.155319497182089 0.276765491289264 0.948155969452691
1703155476000350 -5.56569034550167 -4.9487293597051 9.26938976135244 0.016607268695749 0.161081346908871 0.280369518029518 0.946134203833889
1703155476000430 -5.55867572570912 -4.95087597182549 9.28031079377392 0.0122032881597169 0.174794992601812 0.285525811322154 0.942216960889714
1703155476000510 -5.54640709726932 -4.95045297924722 9.28890130885439 0.00882168084543627 0.189122048271418 0.291283177435718 0.937714849699863
1703155476000590 -5.53376073525919 -4.95066809882099 9.29690913762328 0.00533946441947897 0.204047298562348 0.296292477149196 0.933031059533344
1703155476000670 -5.51246094478971 -4.9514778690684 9.30155358419624 0.00285194894686574 0.216558525618632 0.303534823223863 0.927879778020594
1703155476000750 -5.50571685777294 -4.94890131823726 9.310783335475 -0.000864322933496101 0.230576899714236 0.310648362784977 0.922134014643778
1703155476000830 -5.49044231859461 -4.9474243693332 9.31669885639284 -0.00368213284599825 0.243773689735749 0.319573912954281 0.915660059328468
1703155476000910 -5.47525426863267 -4.94549439605159 9.32193767747319 -0.00619296648866687 0.258063861106652 0.328928617997876 0.908389043867662
1703155476000990 -5.45996161988091 -4.94337906194135 9.32673340753592 -0.00896909490318874 0.273277647881065 0.336831936030056 0.900990082839681
1703155477000070 -5.44530035264573 -4.94161096302723 9.33088683433291 -0.0108962242450408 0.288303694592024 0.343427944482476 0.893767027211416
1703155477000150 -5.43139763867049 -4.93977935416676 9.33489095755365 -0.0118524705934442 0.303145463477672 0.350169118199662 0.886196330150949
1703155477000230 -5.41773064270676 -4.9380489943385 9.33830154159352 -0.0135453551088165 0.317916712995311 0.356080070013602 0.878608257810238
1703155477000310 -5.40427571314636 -4.9358510254408 9.34123440633947 -0.0153004800910872 0.33134107193591 0.362665738214879 0.870891813994368
1703155477000390 -5.39085337244627 -4.93334861612523 9.34386051477072 -0.0179436386613863 0.344102344875531 0.369268985372512 0.863082857276581
1703155477000470 -5.37804752691708 -4.93066752751592 9.34623950423603 -0.0204389272625958 0.355711052086666 0.375952605808284 0.855401388741983
1703155477000550 -5.36561293847598 -4.9280717328873 9.34832698824554 -0.0232309600668019 0.367794291961115 0.381390844568551 0.847778688676759
1703155477000630 -5.3536672210744 -4.92573695523337 9.35045622117464 -0.0249550020750702 0.380278939654462 0.387004239627723 0.839638549875409
1703155477000710 -5.3421291605372 -4.92366831983952 9.35255645195184 -0.0268448580168816 0.392215685136729 0.392262907066884 0.831610498773445
1703155477000790 -5.33091263286766 -4.92166141602824 9.35460244221093 -0.0284869823701426 0.403130829719879 0.397495387231663 0.823815175324147
1703155477000870 -5.32007270566792 -4.91928939799542 9.35626784649522 -0.0296872511897969 0.412758400203318 0.403289176764447 0.816153790705554
1703155477000950 -5.3094529921449 -4.91682118780875 9.35804072542139 -0.0314696335784179 0.421877092465566 0.409141350622948 0.808475563159253
1703155478000030 -5.29897669063909 -4.91454085230301 9.35967909839186 -0.0330764237629648 0.430008120442483 0.414938494681413 0.801139820615664
1703155478000110 -5.28391595429907 -4.914778857062 9.3611845164163 -0.0350530557479115 0.438159918809171 0.419990891518651 0.793974067506769
1703155478000230 -5.27394011317946 -4.90958242235582 9.36360293578152 -0.0380471877405745 0.450087332456805 0.423169523972188 0.785430683541268
1703155478000310 -5.26431982698297 -4.90764039783514 9.36512127621161 -0.0401707164494613 0.45672492397107 0.425990613477929 0.779949135900704
1703155478000430 -5.25017560652238 -4.90469552826488 9.36733250930808 -0.04175073495776 0.464585768024728 0.430685197027153 0.772610640194039
1703155478000550 -5.23620732591382 -4.90183216429075 9.3695320287602 -0.0423518890869695 0.471090212416282 0.435619533579775 0.76584329416669
1703155478000670 -5.22224320811479 -4.89911654376774 9.37168857236796 -0.041812030318172 0.477241120125058 0.439531051646916 0.759805976562838
1703155478000750 -5.21285386788791 -4.89741664415343 9.37322936637272 -0.0416236110652678 0.481080621026418 0.44125441760406 0.756388425360691
1703155478000870 -5.19907446078519 -4.89483449381046 9.37555300301029 -0.0406521524252552 0.485352032898548 0.444077826703775 0.75204766504158
1703155478000990 -5.1855209393285 -4.89228923460481 9.37812225410306 -0.0408535598253604 0.488410516271998 0.446546340275092 0.748587015804735
1703155479000070 -5.17653103405017 -4.89074839410748 9.37989668834309 -0.041648549935315 0.490387458194485 0.447685935800334 0.746567372726948
1703155479000150 -5.16756618221962 -4.88931177181917 9.38184797384839 -0.0420675803235016 0.491898557305772 0.448559521025464 0.74502381445403
1703155479000230 -5.15872013395824 -4.88798757932878 9.3838880500904 -0.0427314822627951 0.492669517962155 0.449401833306955 0.743968251147124
1703155479000310 -5.14992632460468 -4.88668784288206 9.38593920863597 -0.0431732938720735 0.493125504651355 0.450246401072461 0.743129518778442
1703155479000430 -5.13662332175614 -4.88476777281579 9.38896947220559 -0.0435818366404221 0.494174851094952 0.451348912182883 0.741738498078439
1703155479000510 -5.12758241708544 -4.88362118570045 9.39088474039756 -0.0434938308814817 0.495127038018191 0.451336896173004 0.741115719069232
1703155479000630 -5.11418499661946 -4.88189112982867 9.39388024405817 -0.042997463686679 0.496483270368894 0.45145415507833 0.740165337085459
1703155479000710 -5.10524594637652 -4.8806564789112 9.39586391048175 -0.0429605969415337 0.497279178801538 0.451424455577733 0.739651111232344
1703155479000790 -5.09639272276591 -4.87938963917184 9.39785098431543 -0.0426238970455874 0.497694982024874 0.451813501078682 0.739153210444852
1703155479000870 -5.0875953496943 -4.87813351198657 9.39997404868311 -0.042998019889931 0.497899564047998 0.452379204781916 0.7386475813859
1703155479000950 -5.07864060708138 -4.87679761634281 9.4019787923121 -0.0427717819930688 0.498277445371839 0.453132566883652 0.737943791171309
1703155480000070 -5.06515405319718 -4.87467210128285 9.40482667530633 -0.04236976973799 0.498716023912459 0.454596655718245 0.736769306306312
1703155480000150 -5.05631056095254 -4.8733882380774 9.40682101185004 -0.0426452933747157 0.499302072001407 0.454896833877708 0.736170965453082
1703155480000230 -5.04737445175623 -4.87215182964459 9.40885030920071 -0.043638376111178 0.499955143518018 0.454936340663384 0.735644936463283
1703155480000310 -5.03844164146044 -4.87091805084927 9.4108137659553 -0.0447417220063473 0.500305996832032 0.454812161725469 0.735416878642596
1703155480000390 -5.02949936688009 -4.86973952163304 9.41281218022775 -0.0453722084463142 0.500455590802485 0.45550393915787 0.734848097056054
1703155480000510 -5.016073356019 -4.86788526898203 9.41563943386082 -0.0451974863487148 0.500942792684349 0.455878512006974 0.734294415051395
1703155480000670 -4.99841556989184 -4.865356701372 9.4196106623649 -0.0448445643604557 0.502105024297997 0.4557933652405 0.733574752717655
1703155480000750 -4.98935471534937 -4.86435762508779 9.42147774550584 -0.0448188088064187 0.502507809635028 0.455303154657696 0.73360494340737
1703155480000910 -4.9716912656126 -4.8616514069615 9.42525832623345 -0.0439242852953473 0.50297661943447 0.456384825129924 0.732665045470776
1703155481000030 -4.9585746744454 -4.85975153128521 9.428078708565 -0.0448822111695041 0.503921690723654 0.455520418426197 0.732495505198204
1703155481000150 -4.94550058134642 -4.85804425937005 9.43103357396159 -0.0445738482465006 0.503914893304116 0.455560874267805 0.732493851301942
1703155481000230 -4.93673169689551 -4.85694868325495 9.43302492498607 -0.0441446440435271 0.504424538031905 0.455302900625145 0.732329437149633
1703155481000350 -4.92367821595872 -4.85519695998268 9.43553233510817 -0.0436901460902198 0.505309119629337 0.454965176984379 0.731956660250873
1703155481000470 -4.9074672395604 -4.8532816526709 9.43771769833354 -0.043518439126133 0.50423103217882 0.456275206662424 0.73189490190127
1703155481000590 -4.89805622084376 -4.85184728048475 9.44169738423493 -0.0431130172396817 0.50382461742858 0.454878286973683 0.733067368430299
1703155481000670 -4.8895033463666 -4.85074048600259 9.44373619854425 -0.0425527869383089 0.503303599041355 0.455016753575774 0.73337200756585
1703155481000750 -4.88089823896522 -4.84955450865929 9.44579242798969 -0.042790551960293 0.50327494477567 0.454078108963252 0.733959378701803
1703155481000870 -4.86820376019836 -4.848070238559 9.44909646289225 -0.0439744211110253 0.503292863305215 0.452530914670688 0.734832168118203
1703155481000990 -4.85550223353314 -4.84652569484676 9.45237023350808 -0.044465722218452 0.502795087610901 0.451733454963108 0.735633594317872
1703155482000070 -4.84702322944324 -4.84534458468339 9.45443766615895 -0.0437744163717566 0.501715521287266 0.452851503825587 0.73572471186828
1703155482000190 -4.83439541103473 -4.8435617445073 9.45755561064852 -0.0431188085552932 0.500184691164206 0.453891480455213 0.736164768950481
1703155482000350 -4.81753825996538 -4.84125308347583 9.46183974439055 -0.0429619128021223 0.499007812854788 0.454179447060663 0.73679475203474
1703155482000470 -4.80500134735482 -4.83953065228647 9.4651954516885 -0.0434434425116062 0.498408022908272 0.454125381016517 0.737205702853695
1703155482000630 -4.78811143111014 -4.83739065170853 9.46955084055065 -0.0445430609479656 0.498202843001522 0.452923994050832 0.738017410742883
1703155482000790 -4.7713682996351 -4.83539182555433 9.47383582846116 -0.0449590913499874 0.497359581108307 0.452508846884499 0.738815180323208
1703155482000910 -4.7587921961013 -4.83393666712028 9.47696177935653 -0.0439762858595568 0.496184214507717 0.453142283965811 0.739276255561888
1703155483000030 -4.74620411090117 -4.83232698612403 9.48010839178548 -0.0437646075578095 0.495640527866626 0.453165569864538 0.739639163748616
1703155483000110 -4.73779566865716 -4.83132894790708 9.48242399269383 -0.0445011309001809 0.495506180005905 0.452406509177187 0.74014973172911
1703155483000190 -4.72925801727234 -4.8303858166372 9.48479355867177 -0.0452246509446202 0.495752808392625 0.450871620597184 0.74087695716484
1703155483000310 -4.71667328954116 -4.82899253539268 9.48808451159484 -0.0453261921431133 0.495469520351306 0.450184759587779 0.741477695513187
1703155483000430 -4.70412843310704 -4.82754473645945 9.49134838776107 -0.0448277992507219 0.494632610883495 0.450764056671937 0.741714779330689
1703155483000550 -4.69165941099721 -4.82605086877027 9.49470766006393 -0.0454004124655885 0.494015485829457 0.450594457939354 0.742194136855701
1703155483000670 -4.67905025942759 -4.82460436351538 9.49802018455232 -0.0459807455213451 0.493890530567024 0.449622890696022 0.742830512983735
1703155483000790 -4.66642166754413 -4.82321894699021 9.50124328889671 -0.0455398080314106 0.493810687116368 0.449050087395707 0.743257122524925
1703155483000870 -4.65794655048392 -4.82228687815685 9.50343776491583 -0.0454257760002879 0.493761138435409 0.448603698656254 0.743566512558002
1703155483000950 -4.64944082306391 -4.82141040677097 9.50571069835405 -0.0454853298726671 0.493775903745201 0.447947572840834 0.743948528886905
1703155484000030 -4.64095784181304 -4.82047940820189 9.50793373346279 -0.0453907344800529 0.493757118073024 0.447414079852984 0.744287733826704
1703155484000110 -4.63254799608097 -4.81954743069202 9.51028744891478 -0.0461293777822059 0.493937433374587 0.44638596622737 0.744739861677894
1703155484000190 -4.62424605033187 -4.81860737224025 9.51250864999443 -0.0462959238805323 0.493378889121983 0.446615789509669 0.744961942492004
1703155484000270 -4.61579193063415 -4.81765056123495 9.51471777572473 -0.0459676078384249 0.49298369289892 0.446772548328136 0.745149882658342
1703155484000350 -4.60720426641387 -4.8167817082162 9.51679432029282 -0.045476896821465 0.493314139250392 0.446303238841118 0.745242531576844
1703155484000430 -4.598564557028 -4.81589606221359 9.51878178874469 -0.0453427507179519 0.49435861697004 0.445382047842832 0.745109672628214
1703155484000510 -4.59002262786348 -4.81503505039856 9.52080381259684 -0.0457386594686347 0.495339271512148 0.444356028525461 0.745046777753522
1703155484000590 -4.58158216467064 -4.81402259304305 9.52283693019438 -0.0454558061379632 0.49575298082074 0.44450996695584 0.744697012866721
1703155484000670 -4.57313367671572 -4.81285699853538 9.52482009017722 -0.044946527787243 0.495809756045335 0.445504641064378 0.744095498064755
1703155484000750 -4.56473367867634 -4.81163024474957 9.52682969398838 -0.0445154156353755 0.496030580541693 0.446284651443396 0.743506590975714
1703155484000830 -4.55627839298465 -4.81042171400127 9.52890140189251 -0.0442979960834885 0.496083821062035 0.447054563560242 0.743021363907822
1703155484000950 -4.54347329216284 -4.80875886284394 9.53192020313476 -0.0452237067472297 0.497017863273246 0.44621994435585 0.742843066329894
1703155485000070 -4.53090167786265 -4.80731701730872 9.53497861276773 -0.0457616501038739 0.497979552833387 0.445568585249334 0.742556982445481
1703155485000190 -4.51840835351031 -4.80559161013147 9.53794728565735 -0.0457385050775602 0.498077469239317 0.446305287269074 0.742050142743128
1703155485000310 -4.50607407562138 -4.80376538891417 9.54080490001349 -0.0463008163429046 0.498063623737661 0.447505468037006 0.741301367321193
1703155485000430 -4.49352337860376 -4.80212058095746 9.54358889622456 -0.0457785636645889 0.498191850978041 0.448425800678533 0.740691233925242
1703155485000550 -4.48099869133244 -4.80054563035045 9.54656137117025 -0.0454795428714427 0.498809775175261 0.448531161712031 0.74022984021388
1703155485000710 -4.46428277044434 -4.79836698524057 9.55041587313132 -0.0450770857931622 0.499567781100464 0.448348319390671 0.739853953778931
1703155485000830 -4.45187716537042 -4.79665883551818 9.55343757873221 -0.0460945439916085 0.500222305365223 0.448296384429546 0.739380341865203
1703155485000950 -4.43917807783015 -4.79496618845851 9.55631519349792 -0.0463833403602846 0.50074909034677 0.447994772323832 0.739188486263431
1703155486000030 -4.43075834614654 -4.79397964438822 9.55824507028481 -0.0460623455870466 0.500898361756781 0.44810776468485 0.739038918283428
1703155486000150 -4.41817975213639 -4.7922501156113 9.56111832533483 -0.0454937038230976 0.500772207616456 0.448975540167612 0.738632847443571
1703155486000270 -4.40564346359094 -4.7903705500508 9.56398735478225 -0.0453515491941128 0.50058470585854 0.449942234552144 0.738180313211099
1703155486000350 -4.39725356554935 -4.7891550950039 9.56596324037457 -0.0456970988166209 0.500575060918897 0.450514579216616 0.737816371097214
1703155486000430 -4.3889290676688 -4.788038979875 9.56787129253016 -0.0459605070795829 0.500774100701359 0.450433606148239 0.737714374475668
1703155486000510 -4.38056123977243 -4.78695557007294 9.5696748730155 -0.0457311472248652 0.501233837419645 0.450386326837245 0.737445224404585
1703155486000590 -4.37224480350963 -4.78600300880586 9.57154723873849 -0.0454551297226267 0.501532587745519 0.450553916731439 0.737156742307322
1703155486000670 -4.36394288641084 -4.78493073078892 9.57340521487399 -0.044833599533614 0.501647657141221 0.450968746327226 0.736862786598451
1703155486000830 -4.34745903706242 -4.78238788901229 9.5772178987121 -0.0452201780888546 0.501485147708703 0.452009233864964 0.736312049760154
1703155486000910 -4.33918321484287 -4.78111162272832 9.57916759923739 -0.045740464789373 0.50119459539236 0.45284113267006 0.735966504667459
1703155487000030 -4.32675355061508 -4.77935312223086 9.58197631441241 -0.0463135396908051 0.501629497504014 0.452620022785782 0.735770357005891
1703155487000150 -4.31416874310879 -4.77772209640868 9.58478779187069 -0.0461521261316707 0.502212472512513 0.452158487058085 0.735666579564233
1703155487000230 -4.305729410821 -4.77659578314505 9.58659227281228 -0.0458905972796375 0.502497168995166 0.452048054911647 0.735556390961127
1703155487000350 -4.29313541443403 -4.7747563933743 9.58935685759443 -0.0460645662743039 0.502416033874564 0.452679699675458 0.735212400698908
1703155487000430 -4.28477616720236 -4.77364077909419 9.59118597590159 -0.0459306174688595 0.502318297424685 0.453079441079662 0.735041309398482
1703155487000510 -4.27626687198154 -4.77250446713182 9.59300456690741 -0.0451736638640351 0.502539678927485 0.453195117077708 0.734865563932262
1703155487000630 -4.26343714294231 -4.7708523102081 9.59568630656202 -0.0443153720355519 0.503440771789791 0.452749754953675 0.734575521298142
1703155487000830 -4.24226837412512 -4.76799630006611 9.60037319017331 -0.0443620781130769 0.504860097948709 0.451894387115684 0.734125159913519
1703155487000950 -4.22975842389309 -4.76597551699712 9.60328593537859 -0.0447486930336022 0.504742848986195 0.452749078112081 0.733655561648478
1703155488000030 -4.22138158885014 -4.76462668857568 9.60512667119307 -0.044462264993212 0.50424231454498 0.453908141049048 0.733300889610392
1703155488000150 -4.2086334235745 -4.76281327567051 9.60773393349273 -0.043754089044636 0.503973237293736 0.454940191521884 0.732888789600153
1703155488000230 -4.20014530708126 -4.76152328041615 9.60965056102579 -0.0444960750141249 0.504165084025077 0.454860817150333 0.732761423916172
1703155488000310 -4.19168524829504 -4.76028654581229 9.61161911743969 -0.0460001576401297 0.504337752164596 0.454296001503013 0.732900102508535
1703155488000390 -4.18326925456371 -4.75910627953516 9.61353485666859 -0.0472704288336497 0.504645270515796 0.453503302120408 0.733098501205539
1703155488000470 -4.17472549159051 -4.75794101988204 9.61533058163231 -0.0476895982712457 0.505013153809673 0.453380254614844 0.732894099731547
1703155488000630 -4.15758227698808 -4.75566150396299 9.61890561623343 -0.0466008942059776 0.505324544286246 0.453601088193873 0.732612799772455
1703155488000710 -4.14903635004892 -4.75450201191886 9.62080873532672 -0.0454778758374762 0.505253704879761 0.453982533462629 0.7324959493577
1703155488000790 -4.14043932516398 -4.75330497355569 9.62263980001698 -0.0445214300804693 0.504994667183785 0.454519458367471 0.732400362059488
1703155488000870 -4.13185087961307 -4.75205447567233 9.62445421551026 -0.0439715340572604 0.505125589279686 0.454853858861355 0.732135650222304
1703155488000950 -4.12331618763227 -4.75069638460765 9.62628538957938 -0.0442785368495166 0.505242479708799 0.455044671598487 0.731917887964214
1703155489000030 -4.11478925140656 -4.74939575302972 9.62820771400176 -0.0454037973178192 0.505719449987524 0.454382890336023 0.73193068118731
1703155489000110 -4.10620959635459 -4.748162689913 9.63015237492602 -0.0463043727780213 0.506156877876884 0.453792127150762 0.731938402719481
1703155489000190 -4.09770470088957 -4.74689157405018 9.63210933421507 -0.0468708242467126 0.506321024672809 0.453550260246718 0.731938731888705
1703155489000270 -4.08916334919517 -4.74564866334751 9.63402002323388 -0.0470998562128282 0.506069248919298 0.453757643334397 0.731969616827504
1703155489000350 -4.08067707108767 -4.74439220578664 9.63579875512155 -0.0469682367963737 0.505851061410244 0.454383539658458 0.731740587428236
1703155489000430 -4.07210114243558 -4.74326970921997 9.63748614739927 -0.0469596428464536 0.506080839335811 0.454409817021662 0.731565919241209
1703155489000550 -4.05937762561386 -4.74153185278695 9.64009300126957 -0.0468284423194375 0.506727857513464 0.454044472865154 0.731353260791496
1703155489000670 -4.04650360106633 -4.73991349606439 9.64294212314693 -0.0467555433423865 0.507254316923268 0.453637144592159 0.731245730364109
1703155489000830 -4.02940197296061 -4.73778762508534 9.64653065773179 -0.0448920317166969 0.508245860043975 0.453519733065498 0.73074667495426
1703155489000990 -4.01266017478936 -4.73514516104747 9.65030392429184 -0.0450270270182761 0.507777343263778 0.454496059582523 0.730457437726411
1703155490000110 -4.00025840169772 -4.73312834452139 9.6528063023651 -0.0463118608609574 0.507889512560339 0.454347894875604 0.73039129581131
1703155490000190 -3.99190288292776 -4.73201921244821 9.65467578783253 -0.0473126857626634 0.50854321496866 0.453643956548283 0.730309844492379
