1702924899000530 2.55479261916131e-05 4.29989813687778e-05 -5.77901167344431e-05 1.17363617848324e-05 3.44602251670911e-05 4.36262897196231e-05 0.999999998385749
1702924900000090 3.73711699259544e-05 -0.0412259106481105 0.0636980114868873 0.000137441307747 0.000434045222147378 0.000856296914695284 0.999999529735002
1702924900000650 -0.0006952196052939 -0.098525264201107 0.157057128370395 -0.000429705146313084 0.00150808820930826 0.00104517189553971 0.999998224317998
1702924901000010 0.000967005628451777 -0.147805679519123 0.236893418792352 -0.000224130165660842 0.00274988027037032 0.00217613836342049 0.999993826153937
1702924901000290 0.00118188555784134 -0.196789540108298 0.307416735689719 0.000296720723696888 0.00425317658153359 0.00274862984301799 0.999987133657111
1702924901000610 0.00795201636428608 -0.257616657460891 0.40515939860619 -0.000255785358517016 0.00617709411284927 0.00480028309546788 0.999969367213004
1702924901000930 0.0231241790774525 -0.326119227673466 0.523697996973295 0.000579215524815315 0.00812815521713198 0.00693186474617756 0.999942771789107
1702924902000210 0.0335372512232413 -0.394320788155628 0.633327116634823 -4.92095462991091e-05 0.00995326573412034 0.0103553965108943 0.99989684260065
1702924902000490 0.0506965196119621 -0.469677516217732 0.759819872722466 0.000715243631692139 0.0123038922390747 0.0120519667647482 0.999851415341009
1702924902000690 0.0615646753132362 -0.531997410103296 0.852199240006793 0.00125742417129182 0.0135655892435167 0.0149546915726281 0.999795354496558
1702924902000890 0.0709166748893052 -0.596186166203612 0.950444687169539 0.00133735034350856 0.0169820431579862 0.015696423942015 0.999731685993633
1702924903000090 0.0886345242839841 -0.653833006613083 1.06023569458612 -9.70248542770149e-05 0.019868913272819 0.0167072446641103 0.999662985634293
1702924903000330 0.111547856499545 -0.731191702120759 1.19204280329792 0.000256846140930786 0.0221268574432341 0.0193275575273162 0.999568297681442
1702924903000650 0.141835646509873 -0.838969349622239 1.36955341753074 0.000210789762268297 0.0261864762891509 0.0230677691296535 0.999390865504891
1702924904000010 0.176222281271935 -0.958079818335494 1.56985893822744 1.80673153940428e-05 0.031489068788424 0.0252406386642951 0.999185342356576
1702924904000290 0.210327176911159 -1.04785061640338 1.72747338747485 -0.000305057737757446 0.0345862726732787 0.0274383436099847 0.999024941621723
1702924904000530 0.223117030371517 -1.13202291257897 1.85337045448185 0.000610430154603388 0.0382844531555221 0.030584286136304 0.998798542982088
1702924904000690 0.239252680155372 -1.18659260450041 1.94287374216461 0.000858900429626527 0.0399095264811973 0.0316208396148566 0.998702465446116
1702924904000970 0.264901073776252 -1.28710554020669 2.09639438943464 0.00131304496742557 0.0419712785232521 0.03382499068694 0.998545220657064
1702924905000170 0.27893767406494 -1.36017484054646 2.21195013414279 0.00120370101229915 0.0437892189784 0.0360698541724201 0.998388712388674
1702924905000410 0.307879639381522 -1.45418466848744 2.35925268773071 0.000914910122527438 0.0460057419633119 0.0352051315148464 0.998320205826215
1702924905000730 0.328936744252976 -1.58096312714467 2.556791832022 0.000121721872994962 0.0489228505888862 0.0392706142707804 0.998030239385981
1702924905000930 0.353697244799668 -1.65384343594413 2.6844767722264 -0.000252861571637132 0.0498643886253618 0.038007605553615 0.998032514865185
1702924906000170 0.368718287454857 -1.74831871016707 2.83704819896501 -0.00194237200036475 0.0529258478454823 0.0390020996750714 0.997834614573871
1702924906000370 0.384948204969263 -1.8292328832581 2.95798834131973 -0.00181447608726317 0.0535880033554736 0.0412471542980243 0.997709229101955
1702924906000570 0.41097175082968 -1.90095362767542 3.08615508724369 -0.00241266886777004 0.0548445944877732 0.040572668941906 0.997667333342802
1702924906000770 0.421308161065911 -1.98030870791483 3.2090569856552 -0.00357750224631343 0.056105333563962 0.040294550761191 0.997605003096069
1702924906000970 0.447807590329763 -2.05493846027377 3.33224931036578 -0.00227038442013228 0.0562231967858526 0.0413496040450703 0.997559024691311
1702924907000250 0.454619493342576 -2.17305954915521 3.50624266013033 -0.00389559352667353 0.0601254722075245 0.0404516751089029 0.997363230685682
1702924907000530 0.472349348693242 -2.29331245479171 3.67847421793031 -0.00451622885081437 0.061706006131298 0.0421443267052705 0.997193977223514
1702924907000850 0.489421935954961 -2.43583394537593 3.87569179272842 -0.0043715167174726 0.0635031304697915 0.0439903082383562 0.997002053680543
1702924908000170 0.548095528203537 -2.57648510741348 4.07825409897462 -0.00424278842027506 0.0629235982746119 0.0447567729138209 0.99700524111207
1702924908000450 0.54434794611509 -2.71060474583452 4.27189660014046 -0.00479106983792439 0.0664196148268479 0.0462768234680706 0.99670654458861
1702924908000690 0.573590512929173 -2.80783200129938 4.44215942556113 -0.00564664437739437 0.0667802610421348 0.0475423019648892 0.996618403234808
1702924908000930 0.594746888762498 -2.91547773767008 4.60565527955387 -0.00568284427913925 0.0678460260524342 0.04995417612378 0.996428222361042
1702924909000130 0.611068563023588 -3.00181833151402 4.74007161071626 -0.00595914607743814 0.0678862492006373 0.0508690000018668 0.996377584345567
1702924909000330 0.631906005478341 -3.08367133801565 4.87179156369644 -0.00642275778581632 0.0679565653690975 0.0505499783666403 0.996386146578119
1702924909000490 0.647627592169302 -3.15183130320547 4.97829305394022 -0.00667771817317511 0.0687156647181628 0.0507136692257947 0.996324088465193
1702924909000690 0.666344393078091 -3.23221967261894 5.10849221689017 -0.00666515745664749 0.0687173051872811 0.0523237894425343 0.996240798553367
1702924909000850 0.688858315233547 -3.29435393291516 5.21637216027615 -0.0074535018907105 0.0680972157614648 0.0530852778176027 0.996237505715444
1702924910000050 0.711110136573667 -3.37647262574143 5.34749196136675 -0.00823954420919514 0.0680782048636987 0.0544267200144719 0.996160228117057
1702924910000250 0.730889810162602 -3.45869599379076 5.48256512497023 -0.00866220864316953 0.0688975692017816 0.0535204025481357 0.996149415304046
1702924910000490 0.761082115109269 -3.55045978139068 5.64618438724051 -0.00943205471338325 0.0681772435726535 0.0529883849935196 0.996220422827447
1702924910000770 0.784379229744338 -3.6716675844899 5.83860414091926 -0.0101617847354303 0.0696444512581026 0.0552770572785859 0.995987367128002
1702924910000970 0.79888566801394 -3.75793319918507 5.98211035126955 -0.0108195152112309 0.0707080722684572 0.0548368469833472 0.995929830268979
1702924911000210 0.83394436312005 -3.86362938111974 6.16497400234167 -0.0108990645965378 0.0691714741347896 0.0544334606621835 0.99605899218735
1702924911000370 0.846537109994622 -3.94188926628036 6.27611046761374 -0.012092616839469 0.0719427783402552 0.0541242884279342 0.995865737268247
1702924911000570 0.861189794291486 -4.02512503533297 6.42846118603488 -0.0128195001194175 0.0722789028724235 0.0544928884243391 0.995812204046235
1702924911000770 0.881607363310405 -4.09588011264963 6.59182329665001 -0.0138864355826929 0.0723982313206321 0.0559069026351025 0.995710842185723
1702924911000970 0.899520297503093 -4.20752002748123 6.73132681758912 -0.014192141715933 0.0735309789976336 0.0556666959205769 0.995636980634232
1702924912000210 0.923347814674249 -4.3486728248555 6.90009121873843 -0.0139589227033434 0.0730499472504123 0.0583650289157325 0.995521158531219
1702924912000410 0.944340451254138 -4.4385346527305 7.0629603741837 -0.014371423317091 0.0734146620765688 0.0599448155522144 0.995394579386705
1702924912000570 0.958595022597786 -4.52735190326029 7.18421639305475 -0.0148804571272297 0.0743641643495626 0.0598757460549285 0.995320771455435
1702924912000730 0.972755553781897 -4.6188616565138 7.30241756834506 -0.0154110497386819 0.0752717707639458 0.0601711784801975 0.995226652251795
1702924912000890 0.991518140713135 -4.67625712511263 7.43798913361098 -0.016410323806873 0.0738018217483027 0.0597036375722951 0.995348917736801
1702924913000170 1.02954774115476 -4.80768732621471 7.68860630275406 -0.0176419172191519 0.0748872770704776 0.0605415036563995 0.995196153943947
1702924913000370 1.05582615936729 -4.90059657684301 7.85829860268558 -0.018404232785929 0.0754877642449133 0.0610183940252612 0.995107852072047
1702924913000570 1.08448848780494 -4.98747659258008 8.02978412777352 -0.0193972464603636 0.0763527058483389 0.0616841030891423 0.994981950874226
1702924913000730 1.10845244320402 -5.06104505041527 8.16803136432713 -0.0200586320241154 0.077124104675105 0.0614694495409097 0.994922625399846
1702924913000850 1.11771056804015 -5.10412336595674 8.28600981184533 -0.0207804169180574 0.0792417847668707 0.059982170197827 0.994832173322733
1702924914000010 1.14704966426403 -5.18636229502632 8.42706968620844 -0.0198973093553543 0.0778068124096281 0.0593340875924043 0.995002343249827
1702924914000250 1.17675346695369 -5.32737130878393 8.59683349359783 -0.0206166141365296 0.0754516359170195 0.0692712158869744 0.994526774153683
1702924914000450 1.21204309322167 -5.42064305778262 8.77720631060062 -0.0217095254669067 0.0772548426439802 0.0679496303999566 0.994456250179245
1702924914000690 1.25910490895049 -5.55487384803138 8.97546844028113 -0.0223812842302183 0.0789581716205296 0.0681711203576799 0.994292403470794
1702924914000850 1.29849763897058 -5.62013912699944 9.12991333694208 -0.0225915503576631 0.0785286083722678 0.0699416660323227 0.99419869385962
1702924915000010 1.34088329061578 -5.68799743619561 9.2963557537192 -0.0232307182764275 0.0794183498239696 0.0708014097059844 0.994052423075989
1702924915000250 1.3774514307437 -5.83238763782544 9.49667135688687 -0.0239907895327089 0.0801580529179465 0.0708259399107385 0.993973246524151
1702924915000450 1.40959872319328 -5.93064671382251 9.67519095943746 -0.0247711477685613 0.0813509620810159 0.070622128653348 0.993871684952938
1702924915000610 1.43418937384746 -6.00694377709079 9.81712197437732 -0.0252292255598762 0.0806915947604167 0.0721957367655132 0.993800849418813
1702924915000810 1.46656073149144 -6.1065351474328 9.98549857553535 -0.0254559608705032 0.0806639899270954 0.0736332875260875 0.993691830374639
1702924916000010 1.49258797680096 -6.19300372357886 10.1582702610624 -0.0267077703034127 0.0824744355914358 0.071766254083074 0.99364695302415
1702924916000170 1.52005259749876 -6.25705309992681 10.2683315275885 -0.0265869627984692 0.0813246147413184 0.0706126296770506 0.993827599222531
1702924916000450 1.53906774484321 -6.37782824821558 10.4824192293688 -0.0278925156383291 0.0837188071359248 0.071343411781437 0.993540782503913
1702924916000650 1.55513683602761 -6.45720011426219 10.6256576205384 -0.0283391942457261 0.0836424681029915 0.0714407972081005 0.993527573896877
1702924916000930 1.58040003348972 -6.5736871659896 10.8163863455046 -0.028649386911403 0.084099549072571 0.0723310490911994 0.993415672220223
1702924917000130 1.59082519997084 -6.64753715289292 10.9598952105991 -0.0295770658888333 0.0850065752628267 0.0727014891767511 0.99328423565814
1702924917000290 1.59447761525632 -6.71235413290856 11.0717339611328 -0.0299942335500309 0.0851120207268433 0.0725571630927346 0.993273249395892
1702924917000490 1.60791996306593 -6.79456041659386 11.2068679428278 -0.0303824302300852 0.0852316165266535 0.0728440800082844 0.993230194610149
1702924917000650 1.61892144708693 -6.85382379810806 11.3211638952199 -0.0306872698988465 0.0857661312480159 0.073247255630944 0.993145156429531
1702924917000810 1.63462388827834 -6.91802065242445 11.434454674911 -0.0311463800417991 0.0863599308504607 0.0735781450305882 0.993054944062841
1702924918000010 1.66082057789265 -6.99835640180612 11.5747545648738 -0.0314288672542862 0.0873267831478153 0.0748537738640049 0.992866139913374
1702924918000170 1.68222553178249 -7.05927969413552 11.6893787895053 -0.0319167118665628 0.0882998133192436 0.074441087979374 0.992795543348106
1702924918000330 1.70366228564154 -7.12029291016982 11.8107754603701 -0.0325308510329354 0.0881922973849104 0.0749640648103482 0.992745814093494
1702924918000490 1.72627483120345 -7.18185950764178 11.9290541630486 -0.0329480077571501 0.088523705628306 0.0759219433147985 0.992629760207688
1702924918000690 1.75438288580663 -7.25816096435903 12.0786700262191 -0.0333378522453317 0.088741771897512 0.0759168951355549 0.99259765794663
1702924918000890 1.78280237855217 -7.33702829288649 12.2286987705745 -0.0338332876787435 0.0890992047385218 0.0762343897393004 0.992524537823064
1702924919000050 1.80960562756768 -7.39951073829737 12.3469866807327 -0.0344914719182911 0.08987813300483 0.0765867272024323 0.992404520741868
1702924919000210 1.8357887018626 -7.47073669675649 12.4634093224432 -0.0346156308242161 0.0907457253857047 0.0770078152193878 0.99228865146287
1702924919000330 1.85681457653158 -7.52723921339598 12.5518038686912 -0.034146400467483 0.0906627736211345 0.0778758907462091 0.992244743223627
1702924919000450 1.87730454837183 -7.57528856714414 12.6407039773261 -0.0338160518619758 0.0916136014979165 0.0787469799861128 0.992099962604634
1702924919000570 1.89694193369046 -7.62222581742646 12.7253192772829 -0.0339760178188417 0.091555638759447 0.0787790809473159 0.992097299477032
1702924919000770 1.92636270362264 -7.69449198172472 12.8624109926463 -0.0346248186819593 0.0917055211942166 0.079671693556228 0.991989738132215
1702924919000890 1.94559469114441 -7.74018570230924 12.9443064343946 -0.0334084344027845 0.0912803213049048 0.0778512419696522 0.992215180077896
1702924920000050 1.9739540481412 -7.8078825940781 13.0706675588408 -0.0333789118683154 0.0914875504884285 0.076456144799214 0.992305564970063
1702924920000170 1.99493731551823 -7.85267381173026 13.1601415746414 -0.0335641797261291 0.0910993570598619 0.0777294434433474 0.992236104263788
1702924920000290 2.01693221528978 -7.90658754637012 13.2497387953432 -0.03233756975173 0.0901145754039108 0.077938780765326 0.992350336995529
1702924920000410 2.04069902175709 -7.96495776852198 13.3404537650532 -0.0288531980396103 0.0905640718734971 0.0758265381139514 0.992580464227577
1702924920000570 2.07501153283977 -8.03507915634289 13.4695911444875 -0.0279651767044232 0.090426773744269 0.073630930630873 0.992783679124775
1702924920000730 2.09520887789801 -8.09670083073621 13.5844359144805 -0.0272094372156611 0.0894957750908272 0.0732695792742634 0.992915767585686
1702924920000890 2.13127894108065 -8.16612816582217 13.711657322177 -0.02774928161667 0.0892473435303038 0.0712313109494524 0.993071492583976
1702924921000050 2.15400209281107 -8.23128270503608 13.8322457460827 -0.0268043966621559 0.0891179825839157 0.0685353479531462 0.993298754444347
1702924921000170 2.17608380995238 -8.28321988247225 13.9262803839524 -0.0271371432446355 0.0880827960446734 0.0689363144791066 0.993354307910078
1702924921000290 2.1975708885091 -8.32606507802322 14.0283094868348 -0.0304471464852138 0.0875668631545171 0.0705635969512339 0.99318970722289
1702924921000450 2.22523873540792 -8.38607934713418 14.1546596369136 -0.0335917304069676 0.0865364416617974 0.0700260853433294 0.993216686974332
1702924921000610 2.25571279816007 -8.45237019400655 14.2830526415363 -0.0346397549779791 0.086255614629136 0.0692429123770115 0.99326002406498
1702924921000770 2.28222732692446 -8.51498697276338 14.4143952649567 -0.0362944564588036 0.0856523298756629 0.0687801404407096 0.993285297937197
1702924921000930 2.31019257856383 -8.57834990187907 14.5472789010675 -0.0378141174369786 0.085652335976316 0.068441842949785 0.993251974071987
1702924922000050 2.33066094781128 -8.62932971764957 14.6461610829169 -0.0384819159163872 0.0860764423025338 0.0680208232448547 0.99321858411582
1702924922000210 2.36365021942848 -8.6996060044487 14.7751866418887 -0.0384337941305341 0.0860000760555603 0.068328574002379 0.993205938545461
1702924922000370 2.39505957540015 -8.77311895172537 14.9120388228384 -0.0375864614963166 0.0860359224571818 0.0691259496689503 0.99318008489976
1702924922000490 2.41884189883613 -8.8276394900638 15.0120726047145 -0.0369508918056972 0.0862009901320736 0.0687884735302307 0.993213052071102
1702924922000610 2.44097423175597 -8.88147092966688 15.1122273414711 -0.0362688262063694 0.0863623817591702 0.0685566454754921 0.993240201373083
1702924922000730 2.46503001517372 -8.93499024457737 15.2140686687173 -0.0359897858293996 0.0865937341926261 0.0690140084148266 0.99319853360597
1702924922000810 2.48305539970166 -8.96908328812476 15.2809385845844 -0.0353916461747674 0.086502182622206 0.0689667194233405 0.993231289979638
1702924922000890 2.50036991380002 -9.00560420843023 15.3470703895169 -0.0349832851912104 0.0866254559978413 0.0691319695641205 0.993223525151606
1702924923000010 2.52503820688659 -9.05991875741104 15.4474282528714 -0.0346741393994682 0.0868884358256071 0.0690939725626697 0.993214038730925
1702924923000130 2.54956720870138 -9.11357308735535 15.5488830351755 -0.0349268430672721 0.0875077691702718 0.0683186414102036 0.993204444816907
1702924923000250 2.5726144355122 -9.16688129726542 15.649897379998 -0.0352955373175949 0.0882410452294814 0.0677799460790809 0.99316344168107
1702924923000370 2.59838292841174 -9.21984377227046 15.7475653717232 -0.0357948745966543 0.0881229262478589 0.0674758401716696 0.993176765644088
1702924923000490 2.62305365564661 -9.27371000680163 15.8528468131855 -0.036001821491174 0.088564020791073 0.0683744700487142 0.99306858520255
1702924923000610 2.64976852844768 -9.3258092958397 15.9550186190055 -0.0365414419235582 0.0881754515312187 0.0690680520284622 0.993035456042938
1702924923000730 2.67606936092632 -9.37608218998105 16.0588093002423 -0.037358667719045 0.0878692970858745 0.0699840256230221 0.992968052221968
1702924923000810 2.69330809813925 -9.40818744685327 16.1281375631889 -0.0381987597860807 0.0875789024267742 0.0705805608720052 0.992919520921771
1702924923000930 2.71875775308098 -9.45651775269087 16.2324902038385 -0.0390415487913932 0.0873434025350908 0.0715112705926488 0.992840886386025
1702924924000050 2.74645878862079 -9.50412820681977 16.3339569413591 -0.0390673064368433 0.0872214406767489 0.0714551468594857 0.992854635805933
1702924924000170 2.76946234327404 -9.55890702658709 16.4369326275537 -0.0396187578308441 0.0877738461205912 0.0717089146837583 0.99276580194929
1702924924000330 2.80110522027329 -9.62879109003255 16.5722536511202 -0.0400682211498251 0.0876783179575138 0.072090978287781 0.992728533418648
1702924924000490 2.83563025522556 -9.69983599190116 16.7077972625663 -0.0398812034129766 0.0875993333934672 0.0728931936026024 0.992684455771201
1702924924000650 2.87270266967336 -9.77370436944303 16.8418183631033 -0.0394936255367823 0.0873603445068392 0.0734085434406689 0.992683035766969
1702924924000770 2.89687361525281 -9.82777243780109 16.943072541486 -0.0388869713927907 0.0879701886237946 0.0744444502342745 0.992575978552124
1702924924000890 2.92533389876471 -9.8794632034955 17.0425738947706 -0.0385457278173088 0.0874598766683708 0.0749713936924044 0.992594724430876
1702924924000970 2.94263175137165 -9.91423174121246 17.1101892595243 -0.0385384731896108 0.0876065114555578 0.0753783591347848 0.992551252182449
1702924925000050 2.96092703299287 -9.94902105110707 17.1787149778376 -0.0384847940284595 0.087849575506431 0.0756862928510034 0.992508416985165
1702924925000170 2.99014572897599 -10.0012778831685 17.2809201469716 -0.0384587454868626 0.0881182584973928 0.0760571286316077 0.992457258827441
1702924925000250 3.00977143090462 -10.0363210795373 17.3489756588439 -0.0380880714324534 0.0884027257303032 0.0766733427486028 0.992398838879694
1702924925000370 3.03485148690611 -10.0903047158757 17.4532673437821 -0.0381713816580076 0.0895609269918007 0.0777165117648008 0.992210627728709
1702924925000450 3.05528449543177 -10.1234427817166 17.519619946346 -0.0380217738645141 0.0894598802168106 0.077788427571591 0.992219852189891
1702924925000530 3.07241387916534 -10.1590577421722 17.5881256327335 -0.0379949017607361 0.0900424999981869 0.0781026742885809 0.992143491589417
1702924925000650 3.10218835692231 -10.2111164323146 17.6895660632115 -0.0376287322216122 0.0906308308117796 0.0784221446341473 0.992078675432922
1702924925000730 3.12236046069027 -10.2457365620637 17.7573632218317 -0.0373172006671022 0.0908727126898897 0.0787222929365423 0.992044543968448
1702924925000810 3.14151239122538 -10.2803073058037 17.8250985942428 -0.0370882800254827 0.0911706856128008 0.078911829933997 0.992010730116419
1702924925000930 3.16670770863308 -10.3354647720013 17.9284192641087 -0.0372301838684363 0.0923542637970437 0.0794393120570936 0.991853819404616
1702924926000090 3.2061606061178 -10.4033895057018 18.0620947573382 -0.0370096536656016 0.0926646435120396 0.0796408403943838 0.991816961903564
1702924926000210 3.23404386191307 -10.4547596178755 18.1628709454466 -0.0370736418044232 0.0930128216443631 0.0803997917879932 0.991720743744709
1702924926000330 3.26110594249426 -10.5067853832715 18.2632871339236 -0.0373544851016795 0.0935221636690163 0.0811409165801067 0.991601935759503
1702924926000450 3.28867241596366 -10.5561996228219 18.3608647757842 -0.0375169544030155 0.0937448215692971 0.0812534553354534 0.991565561401419
1702924926000570 3.31456967958745 -10.6061323119128 18.4569406647319 -0.0378877548871058 0.0944018285942981 0.0812514999741849 0.991489287153226
1702924926000690 3.34210390262309 -10.6541442782779 18.5522420974905 -0.0379185997692152 0.094754119339458 0.0815574189170041 0.991429384313044
1702924926000810 3.36996888835613 -10.6976685147758 18.6415814645325 -0.0380735795790187 0.0950378163039408 0.0816371085055896 0.991389730895507
1702924926000970 3.40540359010496 -10.761823283178 18.7676025966621 -0.0381896336685103 0.0954475132961474 0.0821996660928199 0.991299419438989
1702924927000090 3.43143572051227 -10.8088275404899 18.8571868739456 -0.0382539124395305 0.0960484039958228 0.0824914933013392 0.99121465677513
1702924927000250 3.4655848796576 -10.8692080262987 18.9762215841815 -0.0382681297543695 0.0963765724047612 0.0828931413615589 0.991148744463627
1702924927000410 3.50161735686281 -10.9286678226898 19.0941050302541 -0.0380717802207975 0.0968059855452195 0.0831095532808537 0.991096333797525
1702924927000610 3.5458733053333 -11.0069237393476 19.2450553761228 -0.0378473325762773 0.0976540992428062 0.0835755955031112 0.990982530700838
1702924927000770 3.58262100482803 -11.0690818580959 19.3654414714676 -0.0376695951130159 0.0980466972659093 0.0839476709533851 0.99091908615223
1702924927000930 3.61671529741318 -11.1316457618339 19.4863609118631 -0.0372064670667962 0.0984968112762616 0.0845801120450502 0.990838161166223
1702924928000090 3.65033580522582 -11.1955118242362 19.6072767317962 -0.0364811381308496 0.0992907502541535 0.0847719001514527 0.990769498127267
1702924928000250 3.68375209810729 -11.2600071881596 19.7287928230827 -0.0358716927480497 0.100072326344209 0.0845858116663415 0.990729020279609
1702924928000370 3.71167282740352 -11.3093370855118 19.8195090080653 -0.0351123924397938 0.100502518939314 0.0845022840168211 0.990719802759563
1702924928000490 3.73862300058248 -11.3569122001978 19.9096228651932 -0.0345549515194798 0.101069471985751 0.0844771154781148 0.990683871938221
1702924928000610 3.7651763032616 -11.4049704945336 20.0010866264504 -0.0341795655254037 0.101578819694895 0.0843540196921311 0.990655288206582
1702924928000730 3.79058856191353 -11.4530822904638 20.0920472345284 -0.0340522215390594 0.102223140752919 0.0839307644985282 0.990629346664814
1702924928000850 3.81813795505627 -11.5017099580571 20.181012429689 -0.0341330754818985 0.10263875314516 0.0836834267046485 0.990604514226501
1702924929000010 3.85449739281479 -11.5640962274954 20.3064790097676 -0.0343463199329958 0.102923213482838 0.0841064788125926 0.990531797902103
1702924929000130 3.88417997423122 -11.6097267026747 20.400264338409 -0.0349381891673797 0.102801391149146 0.0846264038459139 0.990479464041336
1702924929000250 3.91500325084466 -11.6549884059799 20.4916909068269 -0.0354425721969302 0.102784973568948 0.0846044841824404 0.99046512030496
1702924929000410 3.9531726275149 -11.7167981718445 20.6152882031711 -0.0363266168433829 0.103137839242511 0.0843142204673545 0.990421160543373
1702924929000570 3.98845403177295 -11.7729426661442 20.7373946978291 -0.0369502152361093 0.103616894872764 0.0836599591074362 0.990403570234414
1702924929000730 4.02809694076072 -11.8395875409687 20.8665045484328 -0.0378134498887883 0.103911093945169 0.083653057736641 0.990340746154543
1702924929000890 4.06508825039861 -11.902570396181 20.9918526842168 -0.0380078285195443 0.103580237394302 0.0837117655703153 0.990363004002911
1702924930000010 4.09381752092676 -11.9513009975709 21.0843270027413 -0.0380267215237566 0.102893227345324 0.0842106291706894 0.990391600404252
1702924930000170 4.12536712694539 -12.016776273929 21.2103985504493 -0.0378419119835991 0.102568851891662 0.0852830878527325 0.990340555185616
1702924930000370 4.17182816366707 -12.0973518325186 21.366316992857 -0.0375240883101029 0.101928190459225 0.0845191010646994 0.990484279704337
1702924930000490 4.1977067814855 -12.1479541283241 21.4614203544068 -0.0371685019904533 0.101808045916346 0.0836705278229989 0.990582084948189
1702924930000650 4.23310055026026 -12.2165952129489 21.5874742222401 -0.0366081905635146 0.10127644772751 0.0831943944969901 0.990697539233666
1702924930000770 4.25872757876488 -12.2669458254735 21.6829589491029 -0.0361583215728754 0.100799407917794 0.083119555987769 0.990768991519643
1702924930000890 4.28330401402544 -12.3185187219187 21.7813247072357 -0.0359720854210966 0.10032790206491 0.0832956778504667 0.990808836854588
1702924931000050 4.31955589004485 -12.3853424876564 21.9093172106391 -0.0355787542782763 0.0996154599431241 0.0828686227838798 0.990930726005723
1702924931000210 4.35440114398714 -12.4540924776273 22.038564223553 -0.0352983694752506 0.0993154396754413 0.0823982917286068 0.991010085758298
1702924931000330 4.38143546106678 -12.5046024280111 22.1356795315171 -0.0354067289843601 0.099215475502221 0.0821264094600235 0.991038801375961
1702924931000450 4.4081615507587 -12.5546625924714 22.2326806889065 -0.0355558740962148 0.0991667059724536 0.0818815304174206 0.991058605340939
1702924931000570 4.43511916566624 -12.605169568957 22.3304704928855 -0.0355521673473644 0.0993752414225408 0.0813681141895953 0.991080135398922
1702924931000650 4.45002033823766 -12.6394201250103 22.3952717660425 -0.0359816190500646 0.0999233805870111 0.0812486391551303 0.991019323594671
1702924931000770 4.47941087178746 -12.6885648292117 22.4939483466561 -0.0358402790696731 0.0999496988085101 0.0807124259004299 0.991065606511276
1702924931000890 4.50816295818268 -12.7400564989876 22.5911550696683 -0.0358875483427688 0.100086388928784 0.0802291562007188 0.991089340635072
1702924931000970 4.52637223803403 -12.7743850541816 22.6567077201899 -0.0362189202411467 0.100173910404254 0.0800691821817881 0.991081380894438
1702924932000090 4.55384849647281 -12.8229748755611 22.7549423006257 -0.0368247130921238 0.100339032879814 0.0800657295200718 0.991042631748425
1702924932000210 4.58034885399916 -12.8715505156258 22.8526197185264 -0.0373762874883704 0.100303461141137 0.0802812513155147 0.991008148051221
1702924932000290 4.59624825176402 -12.9037067037715 22.9162238295942 -0.0377787111332744 0.100395137513255 0.0803255021252102 0.990980019504498
1702924932000410 4.62276328547971 -12.9508691096114 23.0101487828839 -0.0381629944749419 0.100518388509165 0.0800345420875263 0.990976342551661
1702924932000530 4.64864992305109 -12.9967750537499 23.1041294811045 -0.0383860732994092 0.100498314737759 0.0800723626358194 0.990966707237655
1702924932000650 4.67524761147104 -13.0428881437644 23.1965295043847 -0.038589717105371 0.100282955974176 0.080299505946036 0.990962235314561
1702924932000770 4.70234543924433 -13.0866110034807 23.2854016403104 -0.0383220681900144 0.100566634672274 0.0804574005319212 0.99093106610903
1702924932000930 4.73615151189442 -13.1524811473227 23.4073172433864 -0.0389286804959106 0.100705664249284 0.0799440284257612 0.990934851209714
1702924933000090 4.76926686775434 -13.2143204955174 23.5241017337673 -0.038944122090015 0.100513270192041 0.0798125955066403 0.99096437245162
1702924933000250 4.80196034000739 -13.2748353110408 23.6397834649602 -0.0391784242008012 0.100719662119732 0.0797339540134224 0.990940511492499
1702924933000370 4.82510193145669 -13.3196043301733 23.7262734641567 -0.0394894588078518 0.100722977699232 0.0798057331244516 0.990922050096238
1702924933000490 4.84978377238561 -13.3643138703931 23.8112756854568 -0.0393985289271822 0.100548447964633 0.0800073536310553 0.990927136017191
1702924933000570 4.86692775388389 -13.3939671325631 23.8673223859387 -0.0392762349420756 0.100421404859715 0.0801510111449218 0.990933264265169
1702924933000690 4.8914267815669 -13.4376486764415 23.9522518011526 -0.0392060426690051 0.100060553617937 0.0807182719220771 0.990926502020115
1702924933000810 4.91541689563997 -13.4802120735292 24.036339267526 -0.0392037521513955 0.100030445852085 0.0808420364458987 0.990919543082669
1702924933000930 4.93857920455783 -13.5222645904623 24.1191358388853 -0.039239004243901 0.100057586550598 0.080867704977329 0.990913313166856
1702924934000050 4.9604165861999 -13.5656858401659 24.2002827007978 -0.0391511872083633 0.100371476062011 0.0809543976058267 0.990877962637976
1702924934000170 4.9830473220149 -13.6091925886988 24.2804132372541 -0.0389424474696316 0.100508466166735 0.0805027556458476 0.990909097923372
1702924934000290 5.00652206439934 -13.651628339523 24.3596159071267 -0.0389064729239762 0.100844987911279 0.0804058502557452 0.990884187996983
1702924934000450 5.03726298228069 -13.7059100897357 24.4639591114703 -0.0383091818470547 0.100357804197915 0.0804101238118941 0.990956573070353
1702924934000570 5.059456316852 -13.7489343990097 24.5427574296589 -0.0385848061815717 0.100776607005306 0.0810434456009276 0.990851779095924
1702924934000690 5.08216238208265 -13.7911500561819 24.6204358682158 -0.0381861459901247 0.100791739835851 0.0806795636961186 0.990895378653613
1702924934000810 5.1036914562662 -13.832283178661 24.6982497627144 -0.0378838338526104 0.100862121311183 0.0803411878586092 0.990927313757525
1702924934000930 5.12549733467437 -13.8715860858469 24.7759107277357 -0.0378702774864645 0.100781913800862 0.0803201940765776 0.990937694488021
1702924935000050 5.14632217074439 -13.9109497452313 24.8541904645408 -0.0379038166210046 0.100496589121318 0.080559984346976 0.990945924449239
1702924935000170 5.17237215964586 -13.9501897497339 24.9327230109424 -0.0381189063767647 0.100049763735565 0.0800459381479509 0.991024541340481
1702924935000290 5.18773614155805 -13.9895503190324 25.0112063488478 -0.0383049248479335 0.100803177623745 0.0798905753815072 0.990953554955307
1702924935000410 5.20934096116352 -14.0287653617718 25.0895915633614 -0.0385898176556876 0.100583036041159 0.0797655982776217 0.990974938212595
1702924935000530 5.23177501050811 -14.0674944636589 25.1675261139483 -0.0388336355436641 0.100231319109632 0.0800090173683952 0.990981426949945
1702924935000650 5.25221193334967 -14.1065424878971 25.2455939631926 -0.0388976464072786 0.0998828511419513 0.0804463849205445 0.990978692154854
1702924935000770 5.27256707590727 -14.145230294867 25.3244365451609 -0.0389901947230781 0.0996969564362015 0.0804838439245808 0.990990732782067
1702924935000890 5.29209675765418 -14.1851863300856 25.4031496215627 -0.0391717760676823 0.0997562894056475 0.0798961246345116 0.99102515808233
1702924935000970 5.30475038755112 -14.2118326009853 25.4558516215346 -0.0391803949588382 0.0997086176541927 0.079691611006225 0.991046081346166
1702924936000090 5.32664824431 -14.2512169938054 25.5345421364578 -0.0390913591417138 0.099513128486769 0.0796084229823562 0.991075931444958
1702924936000170 5.34504135866454 -14.2781170983221 25.5861229285893 -0.0392935057551329 0.0984981798962708 0.0794779892979677 0.991179791046884
1702924936000290 5.36255110366921 -14.318415707769 25.6630036536438 -0.0384955865246211 0.0983623378181779 0.0794304455258974 0.991228401853289
1702924936000410 5.38308710727927 -14.3594362264028 25.7407874288863 -0.0382213396974718 0.0982272162555225 0.0788071492006026 0.991302162013831
1702924936000570 5.41016654137535 -14.4131503798378 25.8455740655045 -0.0377406428901964 0.0977655918698837 0.0779756983501897 0.991431956004731
1702924936000690 5.43023331318522 -14.4536212580748 25.9243780506343 -0.0374198842506063 0.0973762275233553 0.0777233637971372 0.991502244725673
1702924936000850 5.45615768494559 -14.5076006259696 26.0300097065208 -0.0370877036161493 0.0966551314823923 0.0775836106949849 0.991596223848261
1702924936000970 5.47657722050092 -14.5473492222028 26.1098694519255 -0.0370911471559231 0.0964087002002435 0.0769601652656975 0.991668665578697
1702924937000130 5.50199397799805 -14.6019543140664 26.2159170013471 -0.036990978191151 0.0957738348688127 0.0765205519755408 0.991767939193611
1702924937000290 5.53090952857738 -14.6554401300251 26.322664004123 -0.0371998852940882 0.094570338610417 0.0768954193311072 0.991846618220333
1702924937000450 5.55641416599283 -14.7095783444176 26.4301254265519 -0.037473450144485 0.0944622757625529 0.0769428183143255 0.991842942053769
1702924937000570 5.57642842338709 -14.75081886767 26.5097059261192 -0.0373431994340718 0.0939814061232255 0.0769455679651298 0.99189332104297
1702924937000690 5.59644957632886 -14.7928965526547 26.5888284861531 -0.0370464681719943 0.0936094828440191 0.076366887556111 0.991984335764758
1702924937000810 5.61566265464096 -14.8347331023697 26.6677361361343 -0.0366022336509305 0.09347003164577 0.0754432995548385 0.992084642673285
1702924937000930 5.63670741253774 -14.8760739724315 26.7461269510361 -0.0362047653126057 0.0932440350882029 0.0749161595695883 0.992160437592869
1702924938000050 5.65896683697829 -14.9171083580946 26.8236622045371 -0.0358471653143253 0.0929267694749349 0.0748534551264384 0.992207919999389
1702924938000170 5.67923601403322 -14.9578811154751 26.9010102724641 -0.0355288360437037 0.0926031359362888 0.0746788946893761 0.992262779566037
1702924938000290 5.69928587023611 -14.9984366281766 26.9793599786073 -0.0353333600155261 0.0923697484693238 0.0746391039386028 0.992294506384556
1702924938000410 5.72025828109073 -15.0396214871416 27.0577923854417 -0.0347299785624562 0.0918492001744543 0.074680145951275 0.992361037534758
1702924938000530 5.7413669864038 -15.0800102464804 27.1332006371841 -0.0344105148456425 0.0911041101810809 0.0746906990136494 0.992440052122557
1702924938000650 5.75950250224344 -15.1222424930699 27.214836824715 -0.034222066632248 0.0909745325830766 0.0750246501046907 0.992433265491125
1702924938000770 5.77910554613697 -15.1622471527223 27.2941153607934 -0.0345543173838092 0.090917451714148 0.074706149815019 0.992451010027075
1702924938000930 5.804640398226 -15.2150421857414 27.4004063216639 -0.0350936615034168 0.090722295286192 0.0744871942341268 0.992466401423955
1702924939000090 5.83113899703325 -15.268535082563 27.5058322692799 -0.0353959140342401 0.0904142498170859 0.0744657719347327 0.992485386043471
1702924939000250 5.85549020938533 -15.3218058551489 27.6119745788256 -0.0356318830498022 0.0900499652828269 0.0744638908114799 0.992510202279101
1702924939000370 5.87464858217117 -15.3618311138095 27.6906073771941 -0.0357917814916375 0.0898686392128734 0.0742811655598744 0.992534575975441
1702924939000490 5.89460923188696 -15.401876080613 27.769610181911 -0.035836866255179 0.0896027325543539 0.0740643068476102 0.992573195178564
1702924939000610 5.91612557379732 -15.4421806326886 27.8500176730166 -0.0359567035995351 0.0895102833733777 0.0738399400861135 0.992593918923923
1702924939000730 5.9375760262455 -15.4817874537576 27.9295237898117 -0.0360861819250404 0.0890433381710568 0.0737340042094486 0.992639092532965
1702924939000850 5.95668411525311 -15.5218377430459 28.0104002884389 -0.0363294287637967 0.0889812164194533 0.0738753414021254 0.992625281595694
1702924940000010 5.9805569776654 -15.5788298405207 28.117172097089 -0.0364110994890271 0.0887111265961621 0.073922206153322 0.992642974734353
1702924940000170 6.00547999177649 -15.6350773799546 28.2244470269289 -0.036127200634644 0.0879923836246451 0.0741242968901254 0.992702248616826
1702924940000290 6.0258840732394 -15.6770710004831 28.3018236704324 -0.0361683100953481 0.0875433076967182 0.0743384143872692 0.992724444530682
1702924940000450 6.04989225334442 -15.7325938482962 28.411517486669 -0.0363140819148183 0.0872945041680904 0.0740487504560945 0.99276268037866
1702924940000570 6.07056067261134 -15.7745878286684 28.4916715772666 -0.0362700691548484 0.0868179886935037 0.0740132327916037 0.992808722914164
1702924940000690 6.09088617848359 -15.8161540086412 28.5726596704713 -0.0362133116091189 0.0862205127032318 0.0743082787443085 0.992840822570039
1702924940000810 6.11165022147579 -15.8579947375434 28.6534933211944 -0.0360116303873955 0.0856915536764861 0.0743625563284241 0.992889888316753
1702924940000930 6.13119680137914 -15.9001688166415 28.7345228095685 -0.0358562169044055 0.0852574257873819 0.0743512230410547 0.992933733282193
1702924941000050 6.15099833371543 -15.943555465728 28.8151870123036 -0.0357289967065459 0.08492518917065 0.0740128789514988 0.992992066830337
1702924941000170 6.17003401626302 -15.9862889393524 28.8962315321674 -0.0358611277807931 0.084740160894092 0.073865134795434 0.993014111937784
1702924941000290 6.18947416767905 -16.028393102208 28.9777662268218 -0.0358877763665838 0.0844156502772578 0.0736690405554238 0.993055354932127
1702924941000410 6.20947871224243 -16.0709649120236 29.0587013696135 -0.035780972711934 0.0842296158380252 0.0735147550725115 0.993086438631701
1702924941000530 6.22941530567169 -16.1134008753929 29.1397670399229 -0.0354302842008041 0.0837484554196023 0.0732925638316312 0.993156126328216
1702924941000650 6.24928729760137 -16.1568380711154 29.2201798425516 -0.0349296446284182 0.0833783957405625 0.0730544089590955 0.993222541216972
1702924941000770 6.26892419187146 -16.1995145630073 29.3005579213625 -0.034673153313962 0.0828714739383428 0.0729426469417125 0.993282166105729
1702924941000890 6.28776080549243 -16.2427138385425 29.3808784733187 -0.0344806626439241 0.0823511308178142 0.0728533509259156 0.993338695720412
1702924942000010 6.30693411612598 -16.2854290462733 29.4608236195313 -0.0342826673539917 0.0819227342040719 0.0729859237203263 0.993371239405649
1702924942000130 6.32575580629496 -16.3269875479489 29.5411351448407 -0.0344520830187927 0.0818044345834828 0.0726081568918454 0.993402810551144
1702924942000250 6.34583053760802 -16.3686362571054 29.6207323135255 -0.0347149112971823 0.081684131070814 0.0723867765305137 0.993419716055785
1702924942000370 6.36396866774394 -16.4096681677567 29.7002949703942 -0.0349635394430594 0.0815634100183484 0.0724187375705986 0.993418586248754
1702924942000490 6.3831818909473 -16.4529307365044 29.7814533272978 -0.0351371712103238 0.081376862189206 0.0723032802957465 0.99343616863795
1702924942000650 6.40605901799 -16.5066498488997 29.8872111460796 -0.0353560650058988 0.0814004905575854 0.0716670293117091 0.993472569180407
1702924942000730 6.41859819052532 -16.5342430916631 29.9407060307155 -0.0355754505916031 0.0812972296174373 0.0715839186893884 0.993479184662067
1702924942000850 6.43649812374251 -16.5753954046759 30.0206897777821 -0.0357663065798046 0.0809705779317167 0.0718921479780973 0.993476751555938
1702924942000970 6.45460269726422 -16.6157442482075 30.1010453384479 -0.0359521957957835 0.080666113634521 0.0720161529816088 0.993485828504007
1702924943000130 6.47830455108504 -16.6688761150732 30.2073821949546 -0.0364225003846108 0.0806776839263374 0.0721253220317526 0.993459838495664
1702924943000290 6.50358929892714 -16.7234405307724 30.3133643034459 -0.0367713461586287 0.080268988605221 0.0720686659430105 0.993484204685294
1702924943000450 6.52819334952885 -16.7772129042176 30.4193454798285 -0.0371154206102743 0.0799042643657974 0.0721449295970943 0.993495275893405
1702924943000570 6.54803453394222 -16.8176540892256 30.4989031028604 -0.0373187164720251 0.0797878281626227 0.0720556189428943 0.993503499569442
1702924943000690 6.56582478084609 -16.8572619686353 30.579780799754 -0.0373671701123006 0.0803514417282102 0.0719708650656083 0.99346239737179
1702924943000810 6.58198541196741 -16.8968313384687 30.6568183843008 -0.0379648145193516 0.0800692445550544 0.071882031409645 0.993468953966513
1702924943000930 6.60007590950687 -16.9367728120085 30.7363835062696 -0.0382140609231486 0.079859494705868 0.0718845222093164 0.993476100427093
1702924944000050 6.61863374533308 -16.9771575216556 30.8158824291651 -0.0383210067961004 0.0796477156446958 0.072210052636422 0.993465374398605
1702924944000170 6.63732324597826 -17.0178988799832 30.8953349175839 -0.038291565544025 0.0794643628168131 0.0723005500305147 0.9934746104031
1702924944000290 6.65613119485598 -17.0583534472231 30.9746353722157 -0.0383160078775455 0.0793517843943657 0.0723260522465202 0.993480810091565
1702924944000410 6.67394360023635 -17.0999380412234 31.0533552294884 -0.0383527348468491 0.0793094452766903 0.0723195137014847 0.993483249761994
1702924944000570 6.69951310284853 -17.1560642367298 31.1576411010889 -0.0380371991772301 0.0788187580122589 0.0724666043416548 0.993523711905935
1702924944000690 6.71705616617484 -17.1975379672525 31.2366597646447 -0.0378167605125324 0.0788993994371548 0.0722091802346433 0.993544468900429
1702924944000810 6.73607223236707 -17.2402916590388 31.314742072178 -0.0374726703355829 0.0786828181556225 0.0719320577355246 0.993594782683033
1702924944000930 6.75715090295504 -17.2826961463931 31.3941648330651 -0.0369927051432655 0.0784296931106186 0.071785187792697 0.993643401738433
1702924945000090 6.78208180955602 -17.3392894003055 31.4999700932609 -0.0365330581030353 0.0781700091962127 0.0715788570563934 0.993695754519664
1702924945000250 6.81496684526825 -17.3958227555122 31.6057112372762 -0.0364706788693953 0.078013344572808 0.0708369006036285 0.993763523764201
1702924945000370 6.82759264622096 -17.4377266947245 31.6860255193678 -0.0360219732077399 0.0782129047784071 0.0707914454398221 0.993767442727364
1702924945000530 6.85177745372505 -17.4922355169973 31.7914168547472 -0.0359441389806647 0.0780920072990298 0.0706585911374439 0.993789223511414
1702924945000650 6.86845585940249 -17.5326404230872 31.8715515886098 -0.0359237081670946 0.0780326243377308 0.0707814128540762 0.993785886559511
1702924945000770 6.88833474864556 -17.5755005889623 31.9538919553266 -0.0361488185621936 0.0786644733914955 0.0705884768076177 0.993741631655118
1702924945000930 6.90902435334282 -17.6281660642188 32.0559032922263 -0.0363283117148645 0.0780380463811679 0.0703653572749988 0.993800298641795
1702924946000090 6.93180651382446 -17.6803381345189 32.1619679553621 -0.0367423325162062 0.0781291772936262 0.0702415032848957 0.99378667925917
1702924946000250 6.95473468184307 -17.734365830875 32.266961932976 -0.0369495413899741 0.07797440910763 0.0701561594666658 0.993797180617994
1702924946000410 6.97805158723515 -17.7876381012415 32.3731452264758 -0.0372813446877716 0.0779753599952177 0.0703774778110063 0.993769065320937
1702924946000570 7.00105950211893 -17.8411759159428 32.479155063631 -0.0377087555331839 0.0778734643921671 0.0701855117884186 0.993774505224751
1702924946000730 7.0242719292335 -17.8946833909013 32.5849078871491 -0.0378867536364193 0.0777630092640973 0.0704638458072944 0.993756687888505
1702924946000850 7.0412767877684 -17.9335743216313 32.6648626431327 -0.0379501508123333 0.0777625495009518 0.0706318376659258 0.993742378816747
1702924947000010 7.06241786492 -17.9859200356038 32.7710587251729 -0.0381016974775885 0.0775988869714756 0.0707111831424627 0.993743730530516
1702924947000170 7.07570715444678 -18.0384221447503 32.8769838878496 -0.0376875438767343 0.0791911345430374 0.0715106506740513 0.99357669059137
1702924947000370 7.11690842975092 -18.1102406402118 33.0069347424188 -0.0372634131240519 0.0777081501979889 0.0701646656431433 0.993805715987959
1702924947000530 7.13896262159281 -18.1639905808921 33.1106545993196 -0.0368372790622544 0.0776525074112926 0.070602653992602 0.993794932676369
1702924947000690 7.16453432716243 -18.2191415063647 33.2154708681066 -0.0366415682885218 0.0775410035521021 0.0705400606144825 0.993815318904874
1702924947000810 7.18238230353068 -18.2600856284645 33.2934603228937 -0.0362870607219424 0.0773504561773974 0.0701279555637928 0.99387233888551
1702924947000970 7.20072457238428 -18.3159312441651 33.4003462260719 -0.0356972792148732 0.0779504113113657 0.0705041830862044 0.993820203960652
1702924948000130 7.23041804267031 -18.368805724547 33.5006861072618 -0.0353461702427643 0.0771391330713798 0.0698001759574215 0.993945741896648
1702924948000250 7.24729950279592 -18.4091231335207 33.5785352511826 -0.0351878930977937 0.0772815596067089 0.0696783564004641 0.993948841426672
1702924948000370 7.2672950169682 -18.4495288499484 33.6563167553669 -0.035239163437904 0.077734264455712 0.0696777143302812 0.993911767520354
1702924948000530 7.29655875858957 -18.5036322116562 33.7596404646205 -0.0353233611439943 0.078325735722399 0.0701858712775954 0.993826585855923
1702924948000690 7.32560456884727 -18.556950548878 33.8626846589861 -0.0355238738576857 0.0788819288845139 0.0704239901958869 0.993758601113214
1702924948000850 7.3538152151649 -18.6119754092903 33.9661799220155 -0.0356919193946235 0.0798584622644277 0.0701977604558868 0.993690589329328
1702924949000010 7.38205735759032 -18.6663559967654 34.069131835749 -0.0360576011131987 0.0802815041162741 0.0704402342419402 0.993626138393476
1702924949000170 7.41089699482689 -18.7191802594416 34.1733317569799 -0.036520928600938 0.08098522294314 0.0708686687279731 0.993521639035456
1702924949000330 7.43832184937738 -18.7732308813114 34.2776934565411 -0.0367798099971262 0.0816460548763519 0.0712026435568056 0.993434120035257
1702924949000490 7.46806559623559 -18.8265697907628 34.3825910192724 -0.0370831701166894 0.0820196786608221 0.0719601767420265 0.993337477280369
1702924949000650 7.49534714797527 -18.879236631311 34.4883394051754 -0.0375706756732397 0.0827454721154282 0.0726657219434001 0.993207593621945
1702924949000770 7.51489105817254 -18.9181476744065 34.5677536227935 -0.0378328576393106 0.0835016739974077 0.0729533500325724 0.993113263450599
1702924949000930 7.54253057698984 -18.9709024765332 34.6721289797348 -0.0382220311993516 0.0843718533709007 0.0735428408717414 0.992981327743009
1702924950000090 7.57151995541307 -19.0231907163383 34.7750593291412 -0.0383748709291751 0.0847708600100885 0.0740256664940177 0.992905570169911
1702924950000210 7.59273584058102 -19.0623410123414 34.8510049776052 -0.0383890559925333 0.0853299805038465 0.074283781387578 0.99283784911232
1702924950000330 7.61436324062975 -19.1017481603344 34.9275113813502 -0.0384299122936792 0.0855149800383211 0.0750105576430948 0.992765705628583
1702924950000450 7.63608533672661 -19.1411471776137 35.0049944831116 -0.0384696145323502 0.0858797154364385 0.0756673064066326 0.992682840576714
1702924950000570 7.65602737432572 -19.1804122297812 35.0809207954896 -0.0383777345421377 0.0862373951404414 0.0760128260540297 0.992628989827561
1702924950000850 7.70368359451201 -19.2714000056449 35.2584880224471 -0.0380168893957427 0.0879938732475668 0.0775011363373521 0.992373603164646
1702924951000010 7.72842637778559 -19.3218960335035 35.3591569914536 -0.0374954134144908 0.0892154797935047 0.0772884672963961 0.992300954832285
1702924951000170 7.75649753839037 -19.3733181228607 35.4606150203032 -0.0374744586458145 0.0896872938217505 0.0781717067670192 0.992190021385654
1702924951000330 7.78425972008306 -19.425102039644 35.560464951225 -0.0371395746579446 0.0906211795418183 0.0785327354198507 0.992089241590771
1702924951000490 7.81546707589101 -19.4758675660257 35.6603905059844 -0.0370181373274001 0.0906119906560249 0.0785267711702425 0.992095091645825
1702924951000650 7.83826824945698 -19.5287779146537 35.760524031687 -0.0366474192212722 0.0918162635519317 0.078791338583181 0.991977149623948
1702924951000810 7.86601689859615 -19.5812139220175 35.8592965947602 -0.0362577914206014 0.0923127090274103 0.0787923759106384 0.99194530988945
1702924951000970 7.89491042647924 -19.6326010092793 35.9588464291433 -0.0360161409530253 0.0928751655637329 0.0790325106660555 0.99188250487151
1702924952000130 7.92228998681496 -19.6843193503861 36.0586893148765 -0.0357520730306156 0.0935887660700929 0.0786805815935667 0.991852961995673
1702924952000330 7.95330634144285 -19.7520978337927 36.1829061138372 -0.0351504859953817 0.0946532666309195 0.0785828516243591 0.991781194559046
1702924952000770 8.02914143391463 -19.8945312147008 36.4553936337754 -0.034074152120742 0.0962784955456795 0.0790364081874835 0.991626265098668
1702924952000970 8.0633843689713 -19.9584052072198 36.5778362728796 -0.0337926748117227 0.0970021029041785 0.0794874050487318 0.991529323620767
1702924953000170 8.09725587946913 -20.0222316270201 36.6991579991521 -0.0334351425894234 0.097566290085677 0.0799866000677491 0.991445941082288
1702924953000370 8.13230189296002 -20.0861330800629 36.8192470287566 -0.033109114971101 0.098249222801778 0.0808528088819718 0.991319171619601
1702924953000570 8.16738161759095 -20.1460239644526 36.9392418750289 -0.0338654335740318 0.0988922707575069 0.0806565713780016 0.991245665154109
1702924953000890 8.22261052259972 -20.2417617874414 37.124857550459 -0.0341622118658587 0.0986473423869245 0.0812786188041667 0.991209075445597
1702924954000090 8.25677342350201 -20.2982341745326 37.2370078077295 -0.0345391622111773 0.0986798524300301 0.0816021742615516 0.991166190986115
1702924954000290 8.28845690685793 -20.3517552151035 37.3449033321271 -0.0352435999359 0.0993110121879422 0.0817056396035459 0.991069825985405
1702924954000530 8.32179243947498 -20.4143525346204 37.4669257330509 -0.0359218404726961 0.0992188149613435 0.0823901183951638 0.990998040626495
1702924955000050 8.38480587986085 -20.532315939677 37.7029431910009 -0.0370576289859334 0.0993661397522758 0.0820170551056279 0.990972403791585
1702924955000450 8.42033332347315 -20.6080943653774 37.8468368706035 -0.0369943879434934 0.0994082270316673 0.0822111587048999 0.990954461639638
