1688725888000890 -0.000256627206017879 9.2112881000196e-05 8.35795179987664e-05 3.23975859121188e-05 6.41138096528536e-05 -5.36844309332371e-06 0.999999997405498
1688725889000170 -0.00710109972973803 -0.145101620165979 0.243049079411325 -9.43441056735561e-05 0.00527510480637838 -0.00298338747820749 0.999981631715116
1688725889000210 -0.00761759470077179 -0.167045602752819 0.275980224193107 0.00014443228646378 0.00558734783686012 -0.00312598599561616 0.999979494237267
1688725889000250 -0.00804167717769258 -0.188950300029045 0.309027384662496 0.000587658858574469 0.00596746608499326 -0.00321110020020714 0.99997686615296
1688725889000290 -0.0086239250547112 -0.211195205974995 0.342176853452797 0.00133559372674271 0.00625490227033672 -0.00305030006962137 0.999974893713073
1688725889000330 -0.00904483016938791 -0.233190366462314 0.375309495810705 0.00199582513675088 0.00649908578573579 -0.0029286735157936 0.999972600343335
1688725889000370 -0.00907036665507079 -0.254959803393303 0.408615753018332 0.00234678770422902 0.00640185249068524 -0.0026573426127028 0.999973223342704
1688725889000410 -0.00939301499911789 -0.27658054679153 0.441903780363567 0.00260493303352176 0.00644850518846362 -0.00228512746854566 0.999973204289584
1688725889000450 -0.00937435488259282 -0.298443489897095 0.475378802628323 0.0031891352565324 0.00631675770306161 -0.00179508231557323 0.999973352478913
1688725889000490 -0.00956407674557011 -0.320169205679931 0.508903265812817 0.00333588819538444 0.00621622405810585 -0.00137028475119921 0.999974176030615
1688725889000530 -0.00954622019055151 -0.342035477941278 0.542355910963364 0.00366059916671332 0.00630478945001058 -0.00118330695736721 0.999972724342207
1688725889000570 -0.0098902146564469 -0.363988665471357 0.575859449402011 0.00388757622170348 0.00648889423498775 -0.00112900630791818 0.999970752746041
1688725889000610 -0.00974423693864821 -0.386087885751399 0.609075814313737 0.0043636904758228 0.0068748040660332 -0.00154699194458783 0.999965650455259
1688725889000650 -0.0102244660621829 -0.407655923313834 0.642607890003655 0.00438820042256757 0.00761501827438999 -0.0023320645300723 0.999958657479778
1688725889000690 -0.0106193280547328 -0.429451807780328 0.676443345472704 0.00429079186067943 0.00816711977071084 -0.00283618720173566 0.999953420566186
1688725889000730 -0.0106356963412234 -0.450952437914761 0.709925743065263 0.0042896195276324 0.00865843293945986 -0.00347515367096093 0.999947275615222
1688725889000770 -0.0108958685067399 -0.472165555179753 0.74347771954217 0.00363816724647314 0.00896044059399363 -0.00377509330667034 0.999946110004921
1688725889000810 -0.0110031595217989 -0.493574800081795 0.777758550787185 0.0033583005923502 0.00919956286345344 -0.00417289771426987 0.9999433367871
1688725889000850 -0.011263585288387 -0.514439090406678 0.811929195761344 0.00270670531360935 0.00954617426118407 -0.00459024461917811 0.999940235192912
1688725889000890 -0.0114563717710317 -0.535416107693744 0.845947116588738 0.00237675559541678 0.00952300079626649 -0.00471997528329531 0.999940690902215
1688725889000930 -0.0112752735657225 -0.556141167060402 0.880106814748072 0.00173720568794802 0.00893772847184234 -0.00357216281524688 0.999952168245553
1688725889000970 -0.0108735771036903 -0.577017237695201 0.914486776572325 0.00101714854991828 0.00809892874411466 -0.00208398846891422 0.999964514247424
1688725890000010 -0.0107261373280905 -0.597908081031566 0.948937568922987 0.000347017550929702 0.00734034343617351 -0.000609383418053189 0.999972813424899
1688725890000050 -0.0101977106283339 -0.619084636390137 0.983142624205675 -0.000158753422902524 0.00641186928099376 0.000950031232085979 0.999978979864243
1688725890000090 -0.00986565371602956 -0.640800057320193 1.01760102537773 -0.000545615631966564 0.00582696320120047 0.00260216735648869 0.999979488553882
1688725890000130 -0.00984312739898493 -0.662003768522103 1.05116878211898 -0.00121339867101234 0.00503045114081639 0.00350841866971974 0.999980456420736
1688725890000170 -0.0102703877202377 -0.683825881080151 1.08470841427657 -0.00129858157189343 0.00475444644559075 0.00337404649120556 0.999982162208493
1688725890000210 -0.0111710891261294 -0.706596294576012 1.11907784332211 -0.00110534217894415 0.0049576729505132 0.00240114958604373 0.999984216964572
1688725890000250 -0.0124635284987022 -0.729761173039813 1.15322811853518 -0.00035734016776642 0.005308362517095 0.000897294826985639 0.999985444122756
1688725890000290 -0.0127536318091872 -0.753246688497673 1.18670618987536 0.000329304860255303 0.00589583231571733 -0.000753323268159097 0.99998228145486
1688725890000330 -0.013974869911669 -0.776450566604773 1.22018686770095 0.00190105866184803 0.00715558083591928 -0.00268209452312067 0.999968994523247
1688725890000370 -0.0146797319100488 -0.799742360529933 1.25332133200755 0.00320708691439544 0.00827513183126802 -0.00414240770669908 0.999952037472343
1688725890000410 -0.0154697869466301 -0.823186024445438 1.28708395731848 0.00497529784774498 0.00930617889495311 -0.00505299465149887 0.999931552002812
1688725890000450 -0.0155253820105215 -0.846451897598807 1.32107724369204 0.00643051999181999 0.0097016862910644 -0.00517616317453009 0.999918863223679
1688725890000490 -0.0149271426578561 -0.869550061368833 1.35524222800913 0.00719444962033983 0.00973368628088702 -0.00448294534816401 0.999916695753727
1688725890000530 -0.014274924076306 -0.89144242744174 1.3890158493173 0.00759885642424733 0.00932016068067942 -0.00292634730475914 0.999923411305777
1688725890000610 -0.0113466081012665 -0.935762600642991 1.45715128499733 0.00766561446090902 0.00730336764028408 0.0020363672874606 0.999941874502872
1688725890000650 -0.00988610280537858 -0.956961304933439 1.49154965313765 0.00749916625780921 0.00671211433452241 0.00374844417800553 0.999942327933388
1688725890000690 -0.00860434129347392 -0.978613905023742 1.52596416075858 0.00722078698441062 0.00619075385151165 0.00504131316653522 0.999942058303196
1688725890000730 -0.00717535136109969 -1.00001516448297 1.5606245138595 0.0063304866075641 0.00617854684676052 0.00523993330439672 0.999947145401765
1688725890000770 -0.00662169468962578 -1.02114711200972 1.59465831555264 0.00552631414282003 0.00641174174675336 0.00476574989859602 0.999952817410738
1688725890000810 -0.00648470907893828 -1.04281309692089 1.62877134600488 0.00493315226831357 0.00733491146657315 0.00352428923571541 0.999954720208799
1688725890000850 -0.00673103957523972 -1.06433916020758 1.66329641867035 0.00419723224197199 0.00850665959443726 0.00213489895421667 0.999952729978026
1688725890000890 -0.00744479137238906 -1.08602259567022 1.6983956564736 0.0035714606638495 0.0094823632421564 0.00053183029418888 0.999948521981311
1688725890000970 -0.00782683437509253 -1.12938411528419 1.76704039843148 0.00241763496835133 0.0113171096621594 -0.00178921647382273 0.999931436036724
1688725891000050 -0.00795884160039669 -1.1726868725117 1.83632135220283 0.00158547725838198 0.0118537059403232 -0.00259259888732124 0.999925124370997
1688725891000130 -0.00608023410507361 -1.2157192537145 1.90675986217228 0.00108192527199701 0.0104276786321077 -0.000855442401129555 0.999944679056971
1688725891000210 -0.00521139098220826 -1.2594868116207 1.97580432595693 0.000723829067492692 0.00942888553679053 0.000999142122437512 0.999954785929861
1688725891000250 -0.00470553228037495 -1.28228920719642 2.01082592841942 0.000928014114841175 0.00864131978329917 0.00219552137224571 0.999959822226928
1688725891000330 -0.00478583202397303 -1.32620704286473 2.0787612982544 0.000580671681770291 0.00935082616798886 0.00157831188025823 0.999954865882447
1688725891000370 -0.00553778030955571 -1.34875158314531 2.11397759254899 0.000235931004498118 0.0097049404120678 0.000720162627602261 0.999952618794485
1688725891000410 -0.00522211737231417 -1.37084676666902 2.14830897901907 0.000546634805327156 0.0103718334549517 0.000295019566937893 0.999946018155294
1688725891000490 -0.00608269945415206 -1.41926274443801 2.21740360201703 0.00188601270537464 0.0104254298971126 -0.000259439742751218 0.999943841452386
1688725891000570 -0.00653247510268099 -1.4670734735641 2.28438821905883 0.00498907403014721 0.0109656654895299 -0.000949934212876307 0.999926977806722
1688725891000610 -0.00711964571668612 -1.49192313405879 2.32034663842842 0.00630984537058161 0.0102063761116167 -0.000376133462160061 0.999927934534127
1688725891000690 -0.00700915820258062 -1.5379998930125 2.38873485510232 0.00770117551485692 0.00925828106695978 0.000109407061577416 0.99992747944912
1688725891000730 -0.00731587180774401 -1.56074507535559 2.42343376285867 0.00859033270382646 0.00872455204216765 0.00104587061307408 0.999924494414634
1688725891000770 -0.00766544459610641 -1.58393181107937 2.45798071541017 0.00885939399982163 0.00846770152158605 0.00138943081758644 0.999923936432617
1688725891000810 -0.00763213060920637 -1.60721094844949 2.4930964687889 0.00916387032227733 0.00831818042952446 0.00142917185146121 0.999922391399891
1688725891000850 -0.00815252891472315 -1.63033924454203 2.52698148144727 0.010200283241372 0.00917898338815313 0.000379599918441114 0.999905773755536
1688725891000890 -0.00836311642429376 -1.65305217325143 2.5613841273835 0.0105237407518818 0.00910954011987508 0.000222180995394677 0.999903104203101
1688725891000930 -0.0089188875543059 -1.67539973217673 2.59635004898915 0.0106067369271672 0.00924246548617518 -0.000412672081711135 0.999900946926868
1688725891000970 -0.00922871770570072 -1.69802089833056 2.63146688898768 0.0101951879772866 0.00883391360511275 -0.000571231432800549 0.999908842748765
1688725892000010 -0.00997323975324103 -1.72017235062973 2.66683827974679 0.0088990590519587 0.00828079913260529 -0.000580171100164929 0.999925946515646
1688725892000050 -0.0101289167238704 -1.74205785868454 2.7021853337559 0.00769265660252057 0.00816873023615261 -0.000626296305835474 0.999936849322827
1688725892000090 -0.0106692202871439 -1.76446611030598 2.73715284224054 0.00711366453532111 0.00803557813289929 -0.000795023267622986 0.999942094922977
1688725892000130 -0.0111584909424853 -1.78651749800318 2.77184643615035 0.0065740265860571 0.00822177018319199 -0.00121192200983135 0.999943856381218
1688725892000170 -0.0114312072296185 -1.80894617237895 2.80708910444524 0.00602495683933447 0.00838680904785043 -0.00159812736209696 0.999945402168545
1688725892000210 -0.0118782695562636 -1.83095098096786 2.84202920387392 0.00598973349978425 0.00807378453159195 -0.00152284243593563 0.99994830768738
1688725892000250 -0.0122532308157522 -1.85314772886484 2.87721921708718 0.00522321939035855 0.00763867904636545 -0.00152607748541152 0.999956018857397
1688725892000290 -0.0127112359403559 -1.8746524847799 2.91233928223812 0.00454371249751642 0.00749406403382167 -0.00146963804311859 0.999960516143022
1688725892000330 -0.0124087623554626 -1.89733426688557 2.94794308959591 0.00405757952908673 0.00720021907169573 -0.00159146560171327 0.999964579438154
1688725892000370 -0.0124047324705488 -1.9195464033738 2.98372556684568 0.00324286330995019 0.00731791903314391 -0.00195040012072988 0.999966063343125
1688725892000410 -0.0121192115915966 -1.94192600994347 3.01936894665199 0.00272440249898944 0.00682441224834698 -0.00179834391784503 0.999971385084414
1688725892000450 -0.0128566712783872 -1.96495719311694 3.0544476493217 0.00298413279450091 0.0069817801005155 -0.0018826102141485 0.999969402270327
1688725892000490 -0.013092076520416 -1.98861394162148 3.08985251093132 0.00283227541805609 0.00698599036693259 -0.00205492237469992 0.999969475258412
1688725892000530 -0.0138086713369768 -2.01206549651957 3.12446395679704 0.00333470506961187 0.006874335799787 -0.00208913510849254 0.999968628889881
1688725892000570 -0.013962363569457 -2.03620748590632 3.15930902532497 0.00464509243961947 0.00709890838071889 -0.00232927575828141 0.999961300796422
1688725892000610 -0.0137754442756066 -2.06021916918745 3.19392415228523 0.00554618025203077 0.00727689943802953 -0.00255838032639301 0.999954869636268
1688725892000650 -0.0141110917761959 -2.08436898021266 3.22897303842587 0.00607343918223667 0.00776588334372276 -0.00325485684767243 0.999946103697241
1688725892000690 -0.0146295663331731 -2.1086130761662 3.2645016775256 0.00740916832332727 0.00798295762344714 -0.00347567605451367 0.999934646008579
1688725892000730 -0.0144317238759851 -2.13213790727831 3.29955118366396 0.00794141547055592 0.00789173595150182 -0.00313767927439554 0.999932402411666
1688725892000770 -0.0144008499658913 -2.15567076328787 3.33481705856421 0.00864612125310556 0.00778695434270158 -0.00283600344031962 0.99992827993503
1688725892000810 -0.0143802717347253 -2.17873443775179 3.36989189123921 0.00902546329688276 0.00776304831835285 -0.0032930321613858 0.999923713106289
1688725892000850 -0.0143955500061019 -2.20082753574719 3.40516609488322 0.00919047670804138 0.00774985833965356 -0.00325207052402029 0.999922446428172
1688725892000890 -0.0141683722579435 -2.22397088598343 3.44074851910619 0.00869857502570793 0.00753328689132699 -0.00252949937316914 0.999930590598196
1688725892000930 -0.0141262501759115 -2.24622275369379 3.47607650025131 0.00893073473889447 0.00755385297095994 -0.00218836550848233 0.99992919366259
1688725892000970 -0.0139032585319511 -2.26929638022127 3.51123085078209 0.00829645747755316 0.00741386793779432 -0.0017048171112794 0.999936646470236
1688725893000010 -0.0138298345236007 -2.2924689499622 3.54628724910586 0.00801488122753786 0.00750791986227948 -0.00152495436931372 0.99993853177704
1688725893000050 -0.0135796588691933 -2.31548873366928 3.58204029903847 0.0075747026645154 0.007766511851632 -0.00151565732899057 0.999940002178162
1688725893000090 -0.0135381600459639 -2.33843556588213 3.61654762905571 0.00693771780142484 0.00819522230255558 -0.00164321039003864 0.999941001390949
1688725893000130 -0.0136632463209823 -2.36175571185808 3.65201938543984 0.0067544693005285 0.00841581045239754 -0.00162511083991779 0.999940453373927
1688725893000170 -0.0129544325784911 -2.38577987870302 3.68791137053009 0.00670314551877815 0.00848563078897082 -0.00177182530188374 0.999939959470251
1688725893000210 -0.0136790795607816 -2.40886266451646 3.72256786067931 0.00666856644439877 0.00900221172976273 -0.00182356002272234 0.999935580442257
1688725893000250 -0.0138065913731657 -2.43280157299619 3.75796445159891 0.00719413163031789 0.00920216496171164 -0.00193766534790794 0.999929902584727
1688725893000290 -0.013187574687886 -2.45728016662009 3.79327179523111 0.00794799269359656 0.00972440411523036 -0.00207115482345967 0.999918984565471
1688725893000370 -0.0130647933888713 -2.50492323974869 3.86434758110756 0.00952905259131984 0.0104645409638949 -0.00258943097318267 0.999896487335745
1688725893000410 -0.012627913370278 -2.52783518973084 3.89947359901681 0.0100659910286365 0.0105864389336834 -0.00209548808978221 0.999891100102896
1688725893000450 -0.0136018810551934 -2.55166977181316 3.93534700788004 0.0100166399952887 0.0109423252641394 -0.000981386789157585 0.999889478552999
1688725893000490 -0.01250619192816 -2.57360308873317 3.97076965311863 0.00939750683328269 0.0101740649672782 -0.000509149627119632 0.999903953404534
1688725893000530 -0.0126047964265001 -2.5958993994639 4.0068416107568 0.00862621084614234 0.0103241938160702 0.000196706208746916 0.999909476310308
1688725893000570 -0.0118575898338654 -2.61885688640719 4.04303640262575 0.0075516911491103 0.0104298383629661 0.000884587103987432 0.99991670049968
1688725893000610 -0.0113036741838593 -2.64121539994628 4.07843313665584 0.00705409414898704 0.0102190510585238 0.00133895315266321 0.999922005936291
1688725893000650 -0.0105274165819994 -2.66405992933341 4.11451874565657 0.00648909929231748 0.0104699495472342 0.00151537870209458 0.999922984721444
1688725893000690 -0.0100243864972938 -2.68667643803838 4.15049273883977 0.00617938728165423 0.0106728742255205 0.00143409497919539 0.999922921179518
1688725893000730 -0.00946720031828524 -2.71043478590359 4.18761268050937 0.00567871401378769 0.0108330572579477 0.000962217499447727 0.999924732774962
1688725893000810 -0.00958545835130081 -2.75562527143554 4.25785201067739 0.00507660848030056 0.0123296658133433 -0.000122567072430673 0.999911092229995
1688725893000850 -0.00933336397587168 -2.77918789394549 4.29374603598828 0.00484526616151253 0.0127941352021599 -0.000486728111155569 0.999906293907583
1688725893000890 -0.00921686148292988 -2.80191824381315 4.33067471573252 0.00441437446546333 0.0128862438193553 -0.000563767901551089 0.999907065773645
1688725893000970 -0.00831415286680515 -2.8475702253704 4.40322538957008 0.0036218677171903 0.0126655558953077 0.000606689007345851 0.999913045067695
1688725894000010 -0.00809724307638174 -2.87095532305896 4.4400161953679 0.00368777803171753 0.0123427190637206 0.00112475388107161 0.99991639275892
1688725894000090 -0.00632271956575912 -2.91723449063635 4.51191874516981 0.00356920155158072 0.012005253151006 0.00224970554287749 0.999919033483229
1688725894000130 -0.0059856684650633 -2.94096384238735 4.54810723982917 0.0034082635477811 0.0119765271389153 0.00256237493273515 0.999919187120631
1688725894000170 -0.00563426422538226 -2.964865869703 4.58391453861127 0.00340312233897098 0.012435138240032 0.00237825817777375 0.999914061298938
1688725894000250 -0.00570335395978829 -3.01221283616309 4.65491378866598 0.00407097563276254 0.0132856563535606 0.00174422187814295 0.999901933282806
1688725894000330 -0.00569071617320593 -3.0614089823895 4.72775720486975 0.00448083707972231 0.0143110385461594 0.00046260723118176 0.999887444800336
1688725894000410 -0.00605408763416348 -3.1065239928631 4.8010769659828 0.00401516783900131 0.0154761348936664 -0.00170338458192797 0.999870724722423
1688725894000490 -0.00578832121966 -3.14949708887847 4.8750930216898 0.001780443454939 0.0142995755074972 0.00178747835828376 0.999894572983836
1688725894000570 -0.00400658627587674 -3.19696381265893 4.94823546310355 0.00184626808159276 0.0133626449378849 0.00298808825931798 0.99990454661582
1688725894000650 -0.00339105752406478 -3.24870965598919 5.01898859423401 0.00468482955340153 0.0135792491231083 0.00370210834643401 0.999889969326175
1688725894000690 -0.00321959159003137 -3.27541796691216 5.05422840307071 0.00669328797862803 0.0138459868063004 0.00331697263201495 0.999876235460146
1688725894000730 -0.00302348616592438 -3.302227349047 5.08959102559638 0.00865542285218873 0.0141110566908833 0.00247482559492077 0.999859908673506
1688725894000770 -0.00367856455498793 -3.32882140453244 5.12522308663314 0.00985138439868974 0.0145282355029148 0.00150871884128605 0.999844790137979
1688725894000810 -0.00442185403037212 -3.35525968583134 5.1611117873296 0.0115606835990364 0.0145592036591965 0.000781241111167218 0.99982686993592
1688725894000850 -0.00403780260117173 -3.38015346524111 5.195635947855 0.0124201519952277 0.0146052435246912 0.000291354178311481 0.999816153999695
1688725894000930 -0.00456163598097539 -3.43180680337207 5.26924365586808 0.0158071987440573 0.015251336327545 -0.000164915419549324 0.999758721897936
1688725894000970 -0.00395680331606418 -3.45608807580727 5.30605070084082 0.0182117239426422 0.0145120394389836 0.000789873002737416 0.999728518110291
1688725895000010 -0.00314388210270598 -3.47998270409204 5.3428626971405 0.0185072427293217 0.0133861966529779 0.00200944553264574 0.999737092356974
1688725895000050 -0.00236488344008135 -3.50237002395747 5.37973592624897 0.0181608803795289 0.0124176086107994 0.00298787607527951 0.999753498626931
1688725895000090 -0.00168839921036017 -3.52391642594618 5.41693614568542 0.0161534422953033 0.0117476168745343 0.00358900211950173 0.999794068227836
1688725895000130 -0.00109830831535623 -3.54327403838881 5.45090625458771 0.0131801269318143 0.0115717772358539 0.00371796685142762 0.999839264556137
1688725895000210 0.000241398162748658 -3.58558378075027 5.52446759454158 0.00782553416637623 0.0116372749314756 0.0031456070884128 0.999896714667683
1688725895000290 -0.00107130233760466 -3.62839824146347 5.59261377339011 0.00388374745446252 0.012411152601283 0.000974156118716917 0.999914961792589
1688725895000370 -0.00305523674168041 -3.67508850350563 5.66457756552917 0.00284276413003439 0.012690020559661 -0.000512811410067775 0.999915305960837
1688725895000410 -0.00342177460391767 -3.70065944980225 5.7012829257112 0.00310216052971233 0.0127571005350564 -0.00111595686659683 0.999913190045145
1688725895000490 -0.00434633250930148 -3.74769701353275 5.77099312423897 0.00389389305675313 0.012269933348622 -0.00137586084502172 0.999916193157916
1688725895000570 -0.00399777345259581 -3.79617128026363 5.84234966227218 0.00549141779303838 0.0111668316582463 -0.000981338296916915 0.999922088553146
1688725895000650 -0.00416318113048066 -3.84496403933321 5.91546783130606 0.00712733218716183 0.0104586066316892 -0.000283895799455919 0.999919865832454
1688725895000730 -0.00512168844673983 -3.89301975665808 5.98705426589745 0.00776289194418414 0.0102368476295702 -0.000550312082965611 0.999917317389735
1688725895000810 -0.00620010480457062 -3.94003664465963 6.05966691366192 0.00773405473072111 0.0105185533335399 -0.00166566780246503 0.999913381240577
1688725895000890 -0.0071579775447828 -3.98771159093734 6.13328699254534 0.00751343267634988 0.00956105015353868 -0.000966012372877076 0.999925597966906
1688725895000970 -0.00710656626580014 -4.03479057421587 6.20384074745689 0.00776610181503932 0.00935849390162856 -0.00120373463395665 0.999925325850597
1688725896000050 -0.00806152528011267 -4.08407020124748 6.27694953157949 0.00860733454710352 0.00903152741309509 -0.00157621133553732 0.999920927304958
1688725896000130 -0.00815983173893151 -4.13175530008295 6.34779068950207 0.00877442386179197 0.00899107146125541 -0.00162284467938358 0.999919765028684
1688725896000170 -0.00870341369194411 -4.15582041598998 6.38392923617441 0.00864489228971795 0.00900072318750325 -0.00188441417874803 0.99992034772906
1688725896000210 -0.00902240172670572 -4.17968131813518 6.42070706185915 0.00883003748458352 0.00899772540825805 -0.00215356344792332 0.999918213425465
1688725896000290 -0.00937182843732723 -4.228598651733 6.49251573979396 0.008617923642135 0.00905898315220992 -0.00188568234370152 0.999920052013382
1688725896000330 -0.00945676284699616 -4.25328094227486 6.52810970506469 0.00941564645625064 0.00912744874437907 -0.00188700528232586 0.999912233394659
1688725896000410 -0.0100022034303234 -4.30190145806037 6.59976869860028 0.0108390067206772 0.00816775179124607 -0.00106591286601531 0.999907329502963
1688725896000490 -0.0101211372876039 -4.34849442832731 6.67249717985722 0.0107024276875608 0.00756913259487538 -0.000592354887332438 0.999913903988259
1688725896000530 -0.0100110656822838 -4.37096913495289 6.70881051545842 0.00994891897734267 0.00729225999535447 -0.000555827353423803 0.999923763599653
1688725896000610 -0.0106371051242335 -4.41771856667384 6.78141801835146 0.00905849863689169 0.00737300722684872 -0.000290707107204336 0.999931746598865
1688725896000650 -0.010440249480444 -4.44179117258916 6.81769883222651 0.00885322351805889 0.007163012581685 -0.000585991098988793 0.999934982035595
1688725896000730 -0.0112854811244742 -4.49005692869483 6.88935388679936 0.00903898085536948 0.00753578990498576 -0.00180519114719715 0.999929122478452
1688725896000770 -0.0115106737372647 -4.51435313282022 6.92567613305246 0.0090936780744624 0.0074167725596543 -0.0018948417707124 0.999929350543597
1688725896000810 -0.011353536100421 -4.53876570238465 6.96182633216495 0.00936720152035806 0.00732405329011829 -0.00205577464598962 0.999927191134277
1688725896000850 -0.0122171328055083 -4.56287348234293 6.99893366870033 0.00921322470408233 0.00725346876687877 -0.00221515528339639 0.99992879584922
1688725896000930 -0.011978862043819 -4.60913991758204 7.07058994333659 0.00863931542580551 0.0065654141678577 -0.00232770218575843 0.999938417787972
1688725897000010 -0.0128632645736668 -4.65598756775237 7.14450347476992 0.00775031798342739 0.00652223639171367 -0.00284060015869893 0.99994466046594
1688725897000050 -0.0138490391616388 -4.67916179123877 7.1814218759428 0.00724233889789474 0.00657148065158504 -0.00320310383604458 0.999947050745763
1688725897000130 -0.0145064364027116 -4.72643872584203 7.25656897479021 0.00629096328537685 0.00673763508927552 -0.00345510068493915 0.999951543992809
1688725897000170 -0.0149954211021883 -4.74976352988819 7.29277221943397 0.00600919540045416 0.0064755600131731 -0.00347154034197265 0.999954951535722
1688725897000210 -0.0156286346787353 -4.77375548195661 7.32973784621693 0.00524989095450014 0.00633604575365548 -0.00357752440528579 0.999959746433977
1688725897000250 -0.0159356699571141 -4.79816946995286 7.36664551838013 0.00495274385910714 0.00625286404170189 -0.00355959244350063 0.999961849932875
1688725897000290 -0.0165196489664961 -4.82242802722334 7.40347653855474 0.00516472104981969 0.00626945146707304 -0.00352356244142407 0.999960801302982
1688725897000330 -0.0173094386015497 -4.84691085318554 7.44061658569111 0.00453004041727075 0.0060584252231382 -0.00400141898673118 0.999963380761379
1688725897000370 -0.0185305503033185 -4.87148294586306 7.47807400364722 0.00443609990553854 0.00566459742318548 -0.00366121490407631 0.999967413898617
1688725897000410 -0.0188071424607718 -4.89603284496529 7.51518617801045 0.00475646779090951 0.00502391713032336 -0.00265903430302379 0.999972532526467
1688725897000450 -0.0185822077094542 -4.92097316689711 7.55219983330483 0.00554290570647959 0.00469068322833802 -0.00253554090201014 0.999970421922326
1688725897000490 -0.0191357418689611 -4.94592607105535 7.58908435979244 0.00647764129327444 0.00480410184694561 -0.00292029153275508 0.999963215656498
1688725897000530 -0.0195783360563548 -4.97120293120616 7.62588292917594 0.00791846730815076 0.00496410572359839 -0.00385262663313555 0.999948905093595
1688725897000570 -0.0198528601856141 -4.99673580694503 7.66270303410648 0.00938102570996749 0.00491699200340978 -0.00428344716298022 0.999934733683489
1688725897000610 -0.021128804435207 -5.02249872423335 7.69970318585885 0.00994717495402554 0.00520069746287926 -0.00481639988163698 0.999925401591796
1688725897000650 -0.0220332887324685 -5.04783987823845 7.73687005507807 0.0108825204290071 0.00491547342212702 -0.00522691330187532 0.999915040514685
1688725897000690 -0.022537701433814 -5.07358915322395 7.773509401239 0.0111788385844161 0.00472131475820788 -0.00546195673431712 0.99991145097128
1688725897000730 -0.0230418382749934 -5.09865808493816 7.81024322919498 0.0112913485481872 0.00419739248626262 -0.00548296954125376 0.999912408358497
1688725897000810 -0.0243178709767818 -5.14736570257174 7.88469688389585 0.0108341211425368 0.00361807937459737 -0.00523775661429354 0.999921045496272
1688725897000850 -0.0251259714963579 -5.17180048983766 7.92210514395973 0.010818209816869 0.00319696925829255 -0.00523443536053614 0.99992267021524
1688725897000890 -0.0257560392378517 -5.19682755270824 7.95972351345864 0.0112682841415872 0.00246281991568704 -0.00438792263050891 0.999923850313391
1688725897000970 -0.0260076583663466 -5.24460195796455 8.03439597306614 0.0106821970802363 0.00124883203533553 -0.00376460897836209 0.999935077294184
1688725898000010 -0.0273894239447553 -5.26922642566591 8.07248251018612 0.0104601254203786 0.00125869425391202 -0.00371748486945172 0.999937588938035
1688725898000090 -0.0298677478202497 -5.3176143466766 8.14737705076882 0.00959520366917225 0.00151910412865125 -0.00417861585395761 0.999944080215858
1688725898000130 -0.0307251128332725 -5.34185880673081 8.18451348729361 0.00909234751482796 0.00152690027298893 -0.00486787569942403 0.999945649312202
1688725898000170 -0.0322773536819083 -5.36627911621185 8.22184054425256 0.00861007052917966 0.0016598256359541 -0.00537317565014149 0.999947118925683
1688725898000210 -0.0330511811727464 -5.39114045631328 8.25919969488576 0.0082584703723486 0.00163585843496468 -0.00581858167307648 0.999947631499572
1688725898000250 -0.0351492080857681 -5.41604751155927 8.29648263670337 0.00801215252292395 0.00183226491875765 -0.00627048853385212 0.999946563167634
1688725898000290 -0.0362218522193792 -5.44182599905049 8.33326680002448 0.00819561777291115 0.00162009499291784 -0.00659959166345089 0.999943324659658
1688725898000330 -0.0378617714658856 -5.46749991612926 8.36991585144151 0.00918721726337677 0.00169629051848972 -0.00697900323366782 0.99993200326387
1688725898000370 -0.03863076548502 -5.4931980322399 8.40642960269336 0.0100360995077233 0.00173022294226097 -0.00701202795810161 0.999923554327608
1688725898000410 -0.0404499314847273 -5.51880458233426 8.44376773177949 0.011084694759167 0.00131470163940941 -0.00686842055821912 0.999914109261756
1688725898000450 -0.041786686455526 -5.54447199834763 8.48093422623548 0.0124098405833701 0.000592780395568329 -0.00641787528244856 0.999902222892297
1688725898000490 -0.0433849817406505 -5.5694953987667 8.51739558684754 0.0127802492585872 -5.70451490232349e-05 -0.00627749792917738 0.999898622358531
1688725898000530 -0.0448436587924339 -5.5947310970313 8.55558262630024 0.0133255724153466 -0.000623922283439733 -0.00586484668906059 0.999893816069537
1688725898000570 -0.0463597795378127 -5.6194824792481 8.59240722703207 0.0131489709952014 -0.00115579197105775 -0.00534319880092354 0.999898604326089
1688725898000610 -0.046866038158188 -5.64375994355655 8.62908659609957 0.0127705152385736 -0.00167001828269587 -0.00484727711190306 0.999905309958937
1688725898000650 -0.0477240975453902 -5.66806066956469 8.66624390805352 0.0122577072858728 -0.00193751762750578 -0.00455332605744503 0.999912627112665
1688725898000730 -0.0506283939165117 -5.71710768527001 8.74096109784184 0.0115653407466651 -0.00180273620684609 -0.00483755590561238 0.999919792327586
1688725898000810 -0.0529696101082916 -5.76353275696493 8.81323094666549 0.0101907091736923 -0.0013375191165876 -0.00644035234700485 0.999926438469749
1688725898000850 -0.0537990452905727 -5.78637694958184 8.84933621060247 0.00943897409932289 -0.00136530286559752 -0.00646957769751137 0.999933590935145
1688725898000890 -0.0550235697064889 -5.80984514150063 8.88526897285383 0.0094260684385937 -0.00171777930124145 -0.00561951182123626 0.999938307874518
1688725898000930 -0.0555406124892118 -5.83494831043897 8.92040025819194 0.00990070239567357 -0.00165751047247391 -0.00547400785413926 0.999934629857932
1688725898000970 -0.0562284784416087 -5.86075736359084 8.95520650484089 0.0110768480221408 -0.0015846924655761 -0.00597512825271941 0.999919541778261
1688725899000050 -0.0583359824823855 -5.91303938293726 9.0238625331446 0.0150248803602183 -0.000570573895911537 -0.00791190976735723 0.999855654131847
1688725899000090 -0.0609197659224953 -5.93999378938073 9.06019010309755 0.0161571593001763 -0.000134002906738944 -0.00871090722611448 0.99983150997649
1688725899000170 -0.0627276590731402 -5.98814791844343 9.12600209267038 0.0181530866135821 -9.83341263003803e-05 -0.00967266610664469 0.999788425271662
1688725899000210 -0.0647246220638569 -6.01165998235742 9.15995523072216 0.0184151475516897 9.55730151907532e-05 -0.0100400616916919 0.999780010986255
1688725899000250 -0.0657939839342256 -6.03480991024513 9.19422978907594 0.0183629916498965 8.48558689162327e-05 -0.0102687734900814 0.999778648315794
1688725899000290 -0.0670255677173433 -6.05733347796018 9.22840259115362 0.0183466884084339 0.000254208535638513 -0.0102907102304516 0.999778693354393
1688725899000330 -0.0681481567461023 -6.07982915518606 9.26272928932839 0.0183713148505109 0.000453980178034325 -0.0102396977450449 0.999778694153237
1688725899000370 -0.0692903393162442 -6.10163540474088 9.29680642447213 0.0182829908170949 0.000342621689087515 -0.0100434662384855 0.999782348135371
1688725899000410 -0.0699899766202706 -6.12325946717012 9.33118947549026 0.0180234058397412 -0.000241332219487537 -0.00951702736451653 0.99979224081348
1688725899000450 -0.0705287645276748 -6.14448680591208 9.36509723156295 0.0178426480308606 -0.00113790647904359 -0.00843728451332615 0.999804559556583
1688725899000490 -0.0711324209611943 -6.16533367934042 9.39901226743867 0.0161754849303018 -0.00147155112935282 -0.00798525534259364 0.99983619854537
1688725899000530 -0.0716921096529868 -6.18539712286485 9.4327229394993 0.0138021057444454 -0.00125855173919098 -0.00788276834702147 0.999872881864353
1688725899000570 -0.0719494384471943 -6.20595526434004 9.46654013501281 0.0119011385301623 -0.000848238575104353 -0.00831532523592077 0.999894243787425
1688725899000610 -0.0730964545611202 -6.22928288539028 9.50286051552208 0.00998246590820562 -0.000548371754899313 -0.00914916438337194 0.999908167010299
1688725899000690 -0.0762919222429128 -6.26888170131917 9.56547282383993 0.00748641188088606 0.00144288175971194 -0.0109174904358306 0.99991133613534
1688725899000730 -0.0779405827241884 -6.29075727276966 9.5976587056353 0.00735898900887001 0.00200414347898081 -0.0119058924034887 0.9999000342113
1688725899000770 -0.0794268226605327 -6.31316261355899 9.62951771065216 0.00768651518562144 0.00222857056030301 -0.0125850179082845 0.999888777955732
1688725899000810 -0.0807515488888842 -6.33514926184969 9.6610885116445 0.00832619233711935 0.0022553668671817 -0.0129082376664444 0.999879475357808
1688725899000850 -0.0819135522938274 -6.35676498964614 9.69323583030049 0.00891979850885801 0.00240116473310163 -0.0130145771120615 0.999872638082011
1688725899000890 -0.0832032952318856 -6.37801891356543 9.72538398570079 0.00898763654080732 0.00228409451810361 -0.0132099430188839 0.99986974287008
1688725899000930 -0.0833308998793354 -6.40094763904098 9.760123958658 0.00904813434617424 0.00193947798292891 -0.0133651786525486 0.999867862114586
1688725899000970 -0.085121699838334 -6.41925718847557 9.78973542710508 0.00887601885026812 0.00186237076185475 -0.0129953908675333 0.999874425955937
1688725900000010 -0.0855521374196138 -6.4400447097761 9.82129806328582 0.00872349330482208 0.00135669193457721 -0.0122392504842672 0.999886123915688
1688725900000050 -0.086382324486652 -6.46039307227809 9.8525139608751 0.00868671426853018 0.000956855634683785 -0.0114774724246379 0.9998959411105
1688725900000130 -0.0884164674079605 -6.50183050989629 9.91412784531076 0.00916361288697741 6.87047307539807e-05 -0.0105965937653191 0.999901863024112
1688725900000210 -0.0910340878284283 -6.54292396044575 9.97481291335977 0.00929261441335116 -0.000722412540002443 -0.0101915650677855 0.999904624171204
1688725900000290 -0.0943240613692276 -6.58349194279655 10.0348879787689 0.0093536925486492 -0.00139020429061561 -0.010738377067597 0.999897626272655
1688725900000330 -0.0944535738365452 -6.60290329244678 10.0641480462354 0.00929020968411416 -0.00251009930954815 -0.0114607385192689 0.999888015168736
1688725900000450 -0.0997271016408278 -6.65962903794977 10.1520600278001 0.00798822806989415 -0.00190844071069375 -0.0116156750348681 0.999898805959804
1688725900000490 -0.100450588146996 -6.67888266481455 10.1810309009232 0.00817601080066624 -0.00208170942845923 -0.0119581481419488 0.999892905278489
1688725900000570 -0.10419685164682 -6.71547366017067 10.2366588543621 0.00785092400520677 -0.0018349360132398 -0.0142225894462581 0.999866348044345
1688725900000690 -0.110452103974079 -6.7624968190525 10.320613799314 0.00553778219102082 -0.00256290553744528 -0.0159096996946008 0.999854812429904
1688725900000850 -0.122829611871361 -6.8198633602044 10.4284039111127 -0.00145532549028116 -0.00669368900699726 -0.011770991846044 0.999907255852339
1688725901000050 -0.134048777045771 -6.89796440816088 10.5602018854669 -0.0049476241582218 -0.0096953957765412 -0.0112333286398632 0.999877658838117
1688725901000250 -0.146125763350134 -6.9933433648479 10.6872587352003 0.00045099002167474 -0.0106345445228486 -0.0183408335169113 0.999775133165802
1688725901000570 -0.172642083285467 -7.11489381328456 10.8690677203855 0.00413883955422499 -0.0211828213245706 -0.0172798245473141 0.999617709802847
1688725901000810 -0.203565377941614 -7.20014610441086 10.993319945198 0.008592964075701 -0.0330151883896438 -0.0216530116186817 0.999183319212161
1688725902000010 -0.244230004317256 -7.25785488742561 11.0877161893686 0.00613241659549486 -0.042260049891016 -0.035633117294794 0.998452183432819
1688725902000170 -0.282848539997595 -7.30174298916785 11.1570743580908 0.00504112776095669 -0.054033930397985 -0.0438109756928231 0.997564794790537
1688725902000290 -0.314329018685947 -7.33650355808664 11.2042139692932 0.00673652574930444 -0.0647653616264859 -0.0486457259151705 0.996691356691933
1688725902000410 -0.352683647611164 -7.36433480179792 11.2501539374306 0.00766437249487056 -0.0757356509323288 -0.0548361535914973 0.995589455966367
1688725902000570 -0.406115902775186 -7.4012345109792 11.3123184632755 0.00739303710355254 -0.0910479991150115 -0.0653704670690459 0.993671126125094
1688725902000730 -0.463940144739407 -7.43695879455641 11.3707597396272 0.00755801941142742 -0.106611816515042 -0.0763594276610547 0.991335480414787
1688725902000850 -0.507087367858228 -7.46289570147244 11.4139143907306 0.00811424794529473 -0.117804876574199 -0.084562267840948 0.989396479119072
1688725903000050 -0.585446498125765 -7.50365343304551 11.4848353762753 0.00813383412470665 -0.137697776212286 -0.0981403277449531 0.985566658952471
1688725903000210 -0.645181448448218 -7.53640190750319 11.5406979566862 0.00751369453540903 -0.154647067024754 -0.107542526564099 0.982070483231871
1688725903000330 -0.694598323425225 -7.56147462198788 11.5799486210905 0.00790361450132635 -0.167524749836003 -0.115944760540882 0.978994281685709
1688725903000490 -0.760013168663403 -7.5960928893093 11.6338627321243 0.00921808868551336 -0.184476087292197 -0.127933000050426 0.974431499673756
1688725903000650 -0.820590372660525 -7.6343046928673 11.6911356551543 0.0107685071990566 -0.202349342822659 -0.14052462038887 0.969118988451112
1688725903000850 -0.913068973392651 -7.66886542722046 11.7500525527278 0.00887300603996953 -0.227692408116409 -0.15318391872068 0.961567534859274
1688725903000970 -0.971046302926278 -7.6911666710397 11.7887863656332 0.00722576416052533 -0.24355897776446 -0.161679273318788 0.956287940560654
1688725904000090 -1.03894080692321 -7.70876436311594 11.8244044956676 0.00698474160953737 -0.257665917920068 -0.171333813289146 0.950896530938491
1688725904000170 -1.08315746353559 -7.72278430588427 11.8460903534123 0.00605082739132698 -0.268213475492494 -0.178403975934122 0.946676787728005
1688725904000290 -1.15271336107143 -7.74713643355051 11.8900967706373 0.00540992615568823 -0.283906373573234 -0.187334504320484 0.940358275996167
1688725904000450 -1.23817328208885 -7.76840779789676 11.9198509599572 0.00507018381257233 -0.30674674564514 -0.199881455894403 0.930552594355503
1688725904000610 -1.33081253700663 -7.78764745540889 11.9565463231357 0.00564557714628805 -0.32757997053302 -0.213801340493333 0.920298037142058
1688725904000810 -1.43944155677779 -7.81134751406979 11.9989193818681 0.00542215656938211 -0.353768323865962 -0.229082374207716 0.906829553485417
1688725904000970 -1.52573558212052 -7.82923853744632 12.0277362509551 0.00444060041841392 -0.37473571711673 -0.239691260578553 0.895601207562383
1688725905000130 -1.61231648119651 -7.84711061408444 12.0527876077032 0.00716204139922117 -0.393892418824831 -0.252922737228318 0.883644474066496
1688725905000290 -1.7006050295411 -7.86166784892219 12.0723868567309 0.0103865021921694 -0.411963469598088 -0.26454328091183 0.871891663461305
1688725905000410 -1.76592650780714 -7.87008339746082 12.085841513248 0.0120353566982816 -0.424432043719509 -0.272444605152078 0.863415616940506
1688725905000490 -1.80918223821365 -7.87446593246823 12.0940701675954 0.0115240834633687 -0.431819000589748 -0.277372301864971 0.858174896153533
1688725905000610 -1.87266493513292 -7.88024500297086 12.1076221866255 0.0087203590055907 -0.441681528428199 -0.285211778179224 0.85058545976991
1688725905000690 -1.91450849628971 -7.88449344310879 12.1157258329482 0.00652160564192382 -0.448030376786417 -0.291000650961583 0.845307560167544
1688725905000770 -1.95646087958546 -7.88823267213057 12.1225712154077 0.00490528447011462 -0.454808395845836 -0.296117836808399 0.839904451694548
1688725905000850 -1.99878313437333 -7.89190263929841 12.1289882698145 0.00382201362490469 -0.461764591325538 -0.300786062208355 0.834437894148511
1688725905000930 -2.04101758559887 -7.89477679305064 12.1341766506931 0.00290473520513977 -0.468453757777583 -0.306120895951235 0.828753664486295
1688725906000010 -2.08352083567088 -7.89715667255954 12.1390022775185 0.00331159972571215 -0.474677891488072 -0.311708748758314 0.823108491383257
1688725906000090 -2.12529631832911 -7.89963733185013 12.1429434804276 0.00371798853947085 -0.481286005801056 -0.316256961240488 0.817515438171181
1688725906000170 -2.16786430578507 -7.90057878408161 12.1461191534866 0.00400567404523642 -0.488123805515597 -0.320564358438952 0.81176203234879
1688725906000250 -2.21182323863947 -7.90043768383465 12.1490718453478 0.00305433448712319 -0.49552841791758 -0.323551518826492 0.806074855545073
1688725906000330 -2.25445273897246 -7.90079167242799 12.1520319884712 0.00126996536274297 -0.502171729225028 -0.327712448767284 0.800266513405424
1688725906000410 -2.29667601448771 -7.89984411576368 12.1546341262294 -0.000217756259490498 -0.508376041344173 -0.332055819825156 0.794539291470021
1688725906000490 -2.33844297470304 -7.89956808179327 12.1563300951783 -0.00155188205744779 -0.514806255090888 -0.336523129655343 0.78849495533475
1688725906000610 -2.40021540693428 -7.89844177598089 12.1578863028835 -0.00107223989332915 -0.523260485935687 -0.343774685371069 0.779753986753503
1688725906000690 -2.44063591504778 -7.90580081745467 12.1670651168105 -0.000766728606352109 -0.529562887167684 -0.348766287903859 0.773255867797738
1688725906000770 -2.48225767880971 -7.8982800798086 12.1571128097195 -0.000219476894808545 -0.535742193111391 -0.352267260654691 0.767390403524132
1688725906000850 -2.52402068260686 -7.89841309970608 12.1568214518553 -0.000236377421803134 -0.542214329500765 -0.355097034308669 0.761517997971774
1688725906000970 -2.58698927589714 -7.89751445191362 12.1565160652802 -0.00109229332243239 -0.550324059956392 -0.358635978888306 0.754004290820177
1688725907000090 -2.6496283775852 -7.89543499619293 12.1556013113795 -0.00118383763146961 -0.558113115693695 -0.362565803833875 0.746360761635708
1688725907000210 -2.71225275126622 -7.89304845267917 12.1546177245788 -0.000591918663906563 -0.564137119735854 -0.367345194644121 0.739463635170995
1688725907000330 -2.77470385041595 -7.89074686237036 12.1539436645153 -0.000244792412821494 -0.569193118709952 -0.371744853346121 0.733365459849715
1688725907000450 -2.83451662587859 -7.89787237570685 12.1628201851802 0.000405053803826986 -0.573195687659707 -0.374853293117948 0.728650497988138
1688725907000530 -2.87931061453484 -7.88825892235663 12.1508619141332 -0.000479140720493348 -0.577717468201848 -0.375617521607904 0.724674944247248
1688725907000610 -2.92042190897498 -7.88797075452786 12.1509326635269 -0.00109428248740524 -0.580975222003491 -0.376390634300287 0.7216624448971
1688725907000690 -2.96177921710012 -7.88721386701244 12.1506933116934 -0.00117056808704354 -0.583373753725501 -0.377383295155583 0.719204798212641
1688725907000770 -3.00343592483281 -7.88648578862897 12.1500633571307 -0.000241754399178945 -0.585562718544387 -0.37873937374117 0.716709655986205
1688725907000850 -3.04475974162869 -7.88509803257548 12.1491778119315 0.000826127247453145 -0.587164598562182 -0.380718851043596 0.714346000317162
1688725907000930 -3.08660526475022 -7.88260755928283 12.1479332352533 0.00104539666468322 -0.588029806293089 -0.382921884636361 0.712453987513063
1688725908000010 -3.12869893008166 -7.88059103958514 12.14707175863 0.000698711411589329 -0.589210961223008 -0.384189093714735 0.710794411379038
1688725908000090 -3.17102664219577 -7.87947251259604 12.1464173000442 -0.00091136995420671 -0.590758117337771 -0.384356235778759 0.709418282977202
1688725908000170 -3.2129112578243 -7.87899292293859 12.1465954742265 -0.0025448313783357 -0.592972258955712 -0.38419971136649 0.707649634867511
1688725908000290 -3.27720497517333 -7.87780026981148 12.1464577506252 -0.00349248843687213 -0.595338482948938 -0.385442654916115 0.704977909594189
1688725908000410 -3.34182624257722 -7.87418272388081 12.1436781334026 -0.00121853934138484 -0.596215381366292 -0.388689166573249 0.702457447802153
1688725908000530 -3.4074025165262 -7.87234071506458 12.1413366041475 0.000225471509514998 -0.597727677838559 -0.390798777589042 0.699998491243541
1688725908000650 -3.47396031646401 -7.87061701569916 12.139244736312 -0.000653827669263521 -0.599266607607628 -0.391666564423755 0.698195107278988
1688725908000730 -3.51853539742196 -7.87043290264665 12.1398836117077 -0.00183487402276078 -0.601231272898637 -0.391680837138046 0.696493870428768
1688725908000850 -3.58430177509531 -7.86991544780615 12.1392305553465 -0.00209423604105348 -0.603835402820274 -0.392289604388139 0.693892849628298
1688725908000930 -3.6280863209736 -7.86902111144247 12.1391490829715 -0.000719378060216146 -0.604597067923909 -0.393631161886106 0.692471209759087
1688725909000050 -3.69429248069209 -7.86684867961177 12.1360534967698 0.00111886284260445 -0.605486051454998 -0.396466849748425 0.690072044564866
1688725909000130 -3.7373332420664 -7.86557366080942 12.1330644784077 0.00164756038326064 -0.604749976159403 -0.397233638691624 0.690275443697513
1688725909000250 -3.80481943386821 -7.86398232800711 12.1328081694567 5.95087614366318e-05 -0.608503742702054 -0.398108393972424 0.686464054576055
1688725909000290 -3.82703578286504 -7.8632277129469 12.1332601468383 -0.000572522541699552 -0.608590121989278 -0.397543060858925 0.686714824652805
1688725909000370 -3.87123956262672 -7.86163737286556 12.1334219663582 -0.00157603095579899 -0.608934309511884 -0.397954501422858 0.68616961286769
1688725909000450 -3.9155808956916 -7.85993199406633 12.1328535580591 -0.000662942324619928 -0.608444768341981 -0.398796667107772 0.686116420652122
1688725909000530 -3.9599643947587 -7.8592243555058 12.1324646644874 -0.00039517090518649 -0.608118692710997 -0.399332008063731 0.686094342456788
1688725909000650 -4.02713710666818 -7.8588082120516 12.1315920641343 0.000359121434765664 -0.607883244829727 -0.399534040858139 0.686185384486324
1688725909000770 -4.09485804655219 -7.85858294176862 12.1306605720738 0.000151136512606672 -0.608333640577263 -0.398271711582483 0.68652006718881
1688725909000850 -4.13391584700031 -7.85344647004689 12.121140120398 -3.3277644813657e-05 -0.60648911341908 -0.395926560598472 0.689502076000791
1688725909000930 -4.18596049498981 -7.85643164730684 12.1278399683402 0.000873489592579285 -0.608148243426527 -0.395210905244628 0.688449919317944
1688725910000010 -4.23213893631968 -7.85487678320794 12.1263341950173 0.00137615175373289 -0.607828817618112 -0.394564780841946 0.68910149353957
1688725910000090 -4.27809402776863 -7.85302437437495 12.1246063494044 0.00167244988166258 -0.607271076379577 -0.394469875991892 0.689646691893121
1688725910000170 -4.32395313954926 -7.85131743052889 12.1224600695178 0.0019954981379534 -0.606893779018709 -0.394138056463597 0.690167480704988
1688725910000250 -4.36995485544065 -7.85009606627172 12.1205168135432 0.00129011199803552 -0.606912538842919 -0.393055180387881 0.690769955177934
1688725910000330 -4.41635930716479 -7.84865446972103 12.1181415301674 0.00135081771937206 -0.607256769961241 -0.391789769696627 0.691186058155685
1688725910000410 -4.46288779022979 -7.84729000997751 12.1159324243827 0.000770132519627128 -0.607289846056938 -0.390913743338105 0.691653739266573
1688725910000530 -4.53150412016766 -7.84406586059124 12.1145739586654 3.54626416179504e-05 -0.606403362319583 -0.391984219703029 0.691826085381082
1688725910000610 -4.57725701737043 -7.84029231062201 12.1133219020916 -0.000227051408307817 -0.605069215426741 -0.393662775204981 0.692041048210609
1688725910000690 -4.62253588237138 -7.83591025104379 12.1124209857715 -0.000391026456097118 -0.603633359164963 -0.395534720991975 0.692227490996518
1688725910000810 -4.68812297819034 -7.82700559315509 12.1040935403463 -0.00167247832551363 -0.602423383563762 -0.396438296302496 0.692762547325282
1688725910000930 -4.76126936095963 -7.83033619995756 12.1086166557643 -0.00296766753269524 -0.603410114061977 -0.396523926584118 0.691849841254184
1688725910000970 -4.78469797506824 -7.82871565791647 12.1058507900038 -0.00282171896823055 -0.603338541321053 -0.39592401139623 0.692256325112719
1688725911000090 -4.85615794380092 -7.82662733914865 12.1020397621918 -0.00203810381843561 -0.603862407373793 -0.39421693862792 0.692776330710269
1688725911000170 -4.90335294941915 -7.8252769151256 12.1001906605432 -0.000797181150967659 -0.603797498698078 -0.394422272018254 0.692718569409046
1688725911000290 -4.97358855030524 -7.82131718810595 12.0978718255021 0.000254960275380979 -0.60294371307166 -0.395933307717792 0.692600627852926
1688725911000370 -5.02030305808493 -7.81867848832883 12.0957383957609 0.00113015860085288 -0.602362334257129 -0.396939122819574 0.692529908224235
1688725911000490 -5.09114848919157 -7.81528298375662 12.0926188427226 0.000433904569545234 -0.60254090170196 -0.396209486822339 0.692793126449008
1688725911000610 -5.16255640419707 -7.81222841006043 12.0901152285318 -0.0011119231605841 -0.60364051434106 -0.394557760792101 0.692777790111424
1688725911000730 -5.23426833702944 -7.80808942578643 12.0870877558282 -0.0015102437534294 -0.603847430380895 -0.394534013482664 0.692610216638086
1688725911000850 -5.30616828319411 -7.80357080268655 12.0838102111234 -0.000254013529670902 -0.603569266413577 -0.395794948956959 0.69213469389871
1688725911000930 -5.35397311090921 -7.80077106329333 12.0810795384484 2.06536496545116e-05 -0.603124806985254 -0.396613178452561 0.692053793754636
1688725912000050 -5.42619150857751 -7.79796378347982 12.0771356147106 0.000688079538996057 -0.603541079772387 -0.396635768151944 0.691677496378367
1688725912000130 -5.47440248583969 -7.7960817216517 12.0742668490187 0.000762689582072994 -0.603730194412536 -0.396261879106253 0.691726675664879
1688725912000210 -5.52271566204909 -7.7943345321885 12.0727666619183 5.10279578284022e-05 -0.604123233833724 -0.395627607280592 0.691747000062787
1688725912000290 -5.57077580137108 -7.79125767742718 12.0711093278081 -0.000494325008820762 -0.603872831746019 -0.395877329787195 0.6918225917693
1688725912000370 -5.61911156341367 -7.78826134051334 12.0698423401595 -0.000860108586925262 -0.603676230657743 -0.396639462798931 0.691557232123744
1688725912000450 -5.65985358938875 -7.78031358816353 12.0586695393153 -0.000271780430311199 -0.603026593531239 -0.397154897324009 0.691828621235826
1688725912000530 -5.71601875960362 -7.78267575864902 12.0654122853145 -0.000997780993142967 -0.60326121732593 -0.398068044084041 0.691098213268297
1688725912000570 -5.74035052914074 -7.78048646278838 12.0642114580968 -0.000175138059183902 -0.603125103304073 -0.398402343415305 0.691025073244311
1688725912000650 -5.78871251608716 -7.77848814388807 12.0619438900519 -8.33208067318281e-05 -0.602797282142565 -0.398810299972939 0.691075809397692
1688725912000730 -5.83741101245192 -7.77738123649222 12.0596270767561 -2.13252108245988e-05 -0.603124180615261 -0.398073893460053 0.691215160169364
1688725912000810 -5.88600863749963 -7.77717127289827 12.0571571543871 0.000349975587402513 -0.603413732647749 -0.397381088816916 0.691360987487638
1688725912000890 -5.93391011463639 -7.77599214346212 12.0552591323511 0.000220575381178994 -0.603673581929975 -0.396590985392129 0.69158784556413
1688725912000970 -5.98171174310447 -7.7742555689008 12.0540589887058 0.00019913464589819 -0.603732128657658 -0.396156311661453 0.691785843959443
1688725913000050 -6.02909683460709 -7.77269705218855 12.0530233141711 -0.00013768124354275 -0.603361156235988 -0.396052847814517 0.69216864847193
1688725913000130 -6.07675660209183 -7.77071997883048 12.051331813876 0.000257363549266618 -0.602933625129515 -0.396156514805302 0.692481763824508
1688725913000170 -6.10038266286719 -7.76949141389198 12.050354005635 0.000392507022142435 -0.602632801953129 -0.396266877518234 0.692680383532194
1688725913000250 -6.14747005558361 -7.76717495071261 12.0490053886954 0.000204669777288916 -0.602287039921029 -0.396532576340435 0.692829124354818
1688725913000330 -6.19417809703661 -7.76479985066703 12.0482200663228 -0.000444803352291523 -0.602080780114158 -0.396641895945693 0.692945699710815
1688725913000410 -6.2406263495125 -7.76305695522802 12.0478328310203 -0.0009728055272191 -0.602001348415075 -0.396677270199099 0.69299392022097
1688725913000490 -6.28739926806187 -7.76175653478734 12.0471149427992 -0.00149115353982868 -0.602033622904385 -0.396521227091878 0.693054261814537
1688725913000570 -6.33484389335728 -7.76061547502686 12.0451063818024 -0.00107129990826675 -0.601747449499028 -0.396307249937659 0.693425859760632
1688725913000650 -6.38159512637054 -7.75884298309811 12.0427586314144 -0.000103160858185256 -0.60128393813356 -0.396346118740561 0.693806435008878
1688725913000730 -6.42804378570018 -7.75683242782124 12.041217939927 0.000233450704346231 -0.601227904280604 -0.396425403879986 0.693809665379282
1688725913000810 -6.47366566199418 -7.75461487050176 12.0404973576107 -0.000215362193534012 -0.601263936499174 -0.396592366184908 0.693683016491321
1688725913000890 -6.51918303757406 -7.75298640898141 12.0391476622669 -0.000519663359672274 -0.601471657662664 -0.396453184161819 0.693582329465274
1688725913000970 -6.56502010424298 -7.75149899290547 12.0379859741268 -0.000696563969894642 -0.601296934377273 -0.396405778578274 0.693760744217256
1688725914000010 -6.5877882708409 -7.75119006822329 12.0365933289183 -0.000419463298384341 -0.601403296688324 -0.396260278997797 0.693751893742673
1688725914000090 -6.63329931510065 -7.75016708922084 12.0349940025295 0.000542787077607048 -0.601352300840524 -0.39628897082877 0.693779624416479
1688725914000180 -6.6787286401754 -7.74838697511423 12.0331964230074 0.000702872514414091 -0.601314183432039 -0.395794327734056 0.694094812620894
1688725914000250 -6.71514470666702 -7.74454001406303 12.0273899428462 0.00131910834869534 -0.600952173909675 -0.395119995102012 0.694791288155649
1688725914000330 -6.76920043225649 -7.74557494083916 12.0297579571016 0.00121665951001072 -0.601922475401982 -0.394583410808938 0.694256282117758
1688725914000370 -6.79153340607363 -7.74471395709422 12.0289476480731 0.000776303088646046 -0.602054282806413 -0.393930225794864 0.694513509669306
1688725914000410 -6.81370195374851 -7.74402971155709 12.0282681392422 0.000898171972966511 -0.602078145797141 -0.393633509889506 0.694660895353014
1688725914000450 -6.83566062485911 -7.74364695608051 12.0273319475736 0.00142237368449388 -0.60200499622928 -0.393719750202686 0.694674542263081
1688725914000490 -6.85768685234365 -7.74337053634829 12.0265857137661 0.00138094792012331 -0.601956932194156 -0.39405238103817 0.694527656587116
1688725914000540 -6.87981285203421 -7.74241793387641 12.0259974510702 0.00135727172443949 -0.601773266249539 -0.394132531878801 0.69464137593123
1688725914000610 -6.9239327846856 -7.74066110277845 12.024801480694 0.00124762589408418 -0.601375593583176 -0.394466902549219 0.694796158355338
1688725914000650 -6.945584480633 -7.73968684621603 12.024518124562 0.00125379418867267 -0.601323099993785 -0.394535221034588 0.694802789845569
1688725914000700 -6.9667106984471 -7.73937410668954 12.0241143707424 0.000941211827767802 -0.601218770300397 -0.394758639410116 0.694766666565005
1688725914000770 -7.01015959549271 -7.73835193316702 12.0235737248065 0.000949125510701399 -0.601167937630813 -0.394250985440403 0.69509882060377
1688725914000860 -7.04664379905452 -7.7341724651152 12.0174908299651 0.00100600142362919 -0.600667295748 -0.393814875684458 0.695778435616939
1688725914000940 -7.09753647843611 -7.73571447841466 12.0222400927205 0.000676401581011449 -0.601134807799954 -0.393661177320466 0.695461977970671
1688725915000010 -7.14177134596808 -7.73469175822112 12.0209861882177 0.000873918983561125 -0.601107712059476 -0.393895839803492 0.695352300746704
1688725915000090 -7.18551199773852 -7.7334649081512 12.0195602527453 0.0013122770502876 -0.601125651481705 -0.393667997086518 0.695465122870679
1688725915000180 -7.22924641983137 -7.73199148117743 12.0183820021539 0.00114354551115508 -0.601027764325842 -0.393650254396105 0.695560059252273
1688725915000220 -7.25092148686612 -7.73110605759569 12.017615762858 0.00137530100767326 -0.600844056511489 -0.393824096261054 0.695619946167533
1688725915000250 -7.27265346351626 -7.73007348705634 12.0167766694264 0.001462389762453 -0.600731703893309 -0.393776691000581 0.695743630210337
1688725915000340 -7.31609279274057 -7.72853801896219 12.0156678535608 0.00141843245828294 -0.600515361152501 -0.393873059301542 0.695875924447517
1688725915000380 -7.33751138325397 -7.72807681811285 12.0149941200807 0.00138167554640828 -0.600391439247149 -0.393861791786888 0.695989295623032
1688725915000450 -7.38109312743104 -7.72673379741345 12.0141940394829 0.00122348016465285 -0.600210126817884 -0.394073406493718 0.696026189921028
1688725915000540 -7.42434255634172 -7.72556542568296 12.0142225740453 0.00107841607108003 -0.600203978891831 -0.394215727251419 0.695951134152986
1688725915000580 -7.44583064175858 -7.72500268149018 12.0148112664035 0.00080595329017254 -0.600076779492477 -0.394329901542259 0.695996507105391
1688725915000660 -7.48826606593043 -7.72409425287595 12.0139787373748 0.00033761920430641 -0.600085972925897 -0.394267156323871 0.696024511461443
1688725915000740 -7.53027679175985 -7.72267821766315 12.0120228677966 0.000301250523724793 -0.600293104805127 -0.393792199372069 0.696114790307785
1688725915000860 -7.59456743210404 -7.72016380654368 12.0099343810602 0.00112949657700391 -0.599662157784056 -0.394496432053414 0.696258993375582
1688725915000940 -7.63749469308044 -7.7184850232749 12.0088954898985 0.00121005807326096 -0.599313979313365 -0.395141737316809 0.696192715696806
1688725916000020 -7.68063047045383 -7.7164155279614 12.0079769770206 0.00117922872004504 -0.599216597103603 -0.395369081331249 0.696147519353828
1688725916000100 -7.72445059843904 -7.71512536664608 12.0083246256316 0.000490805691945329 -0.599240656004633 -0.395269495712732 0.696184186160468
1688725916000180 -7.76668759006253 -7.71423230662817 12.0075798982587 0.000212981439570539 -0.599381510519828 -0.395319191431422 0.696034838475692
1688725916000260 -7.8079216124197 -7.71274728277345 12.0065597109493 0.000215740661024501 -0.599321367142598 -0.395336431135393 0.696076833804592
1688725916000340 -7.84857347350131 -7.71120609913712 12.0062331407072 9.46947558831871e-05 -0.599204814505807 -0.395468194453328 0.696102354888841
1688725916000420 -7.88914516137889 -7.70987476299764 12.0051350999674 0.000749677509867475 -0.598799552467561 -0.395924822833926 0.696191115005215
1688725916000500 -7.92969993512815 -7.7083184528033 12.0040297105029 0.00119082969126693 -0.598600917703173 -0.396101155877695 0.696261012524699
1688725916000580 -7.96941893707822 -7.70686881199879 12.0026018842781 0.000973402166751235 -0.598795962810271 -0.395554818937167 0.696404216404472
1688725916000660 -8.00849648297019 -7.70576702142774 12.0012870870199 0.000500202756321047 -0.59920231128085 -0.395366182127681 0.696162281355915
1688725916000740 -8.04780825744608 -7.70522788163434 12.0008931425407 0.000452100231475717 -0.59908516544424 -0.395192627433214 0.696361649843285
1688725916000820 -8.08593468447747 -7.70399407912286 11.9998578402518 0.00102035632787129 -0.598868076208519 -0.395218817405027 0.696532894083433
1688725916000900 -8.11495742641353 -7.69718782131102 11.9912288983259 0.00206695196747006 -0.598345289858738 -0.395882654171761 0.696602875345307
1688725917000060 -8.19790596396877 -7.70243656204155 12.0019799954363 0.00281036526107709 -0.597894775612263 -0.396029136207234 0.696903768405375
1688725917000220 -8.27459710060673 -7.70865362984145 12.0097573786153 0.00191352415543862 -0.598369336277367 -0.395214885089476 0.696961742445023
1688725917000460 -8.38839115458013 -7.72252399892023 12.0281457546218 0.00230913589209758 -0.597989405827273 -0.394939008867544 0.697442841876307
1688725917000660 -8.48289420248056 -7.72901431643352 12.0510305833559 0.0051410576984436 -0.596737004441491 -0.395363329902548 0.698259517961844
1688725917000820 -8.56697153424342 -7.73368265213437 12.076106803509 0.00513066049939717 -0.595516838803217 -0.394013212116275 0.700062111317617
1688725918000020 -8.65866435312494 -7.74841470566745 12.1106132898216 0.00691370320537721 -0.596062183404227 -0.391894234473616 0.700771705485968
1688725918000180 -8.73952336900851 -7.7605516295854 12.1403015793127 0.0100609190404662 -0.595116133894966 -0.390120477608266 0.702525144060103
1688725918000340 -8.82421055192818 -7.77409926135179 12.1664853445135 0.0146682981214331 -0.591506083095912 -0.38807738609513 0.70661257920612
1688725918000460 -8.89165783333563 -7.79148418111906 12.195885280807 0.0171437921621769 -0.59142163881719 -0.384782944160102 0.708426863841691
1688725918000580 -8.9607814116585 -7.8078480909824 12.2277677859542 0.0183005617889551 -0.590888533562069 -0.381923143544941 0.710387600375898
1688725918000700 -9.02905425946333 -7.82125923543531 12.2578859090618 0.0211196143020198 -0.589123981034357 -0.379555165530163 0.713039110555189
1688725918000820 -9.10022675029146 -7.83894096925828 12.2876823926659 0.0245530577543445 -0.588218522983605 -0.377228849029082 0.714908743850634
1688725918000900 -9.14781803684622 -7.85110513399803 12.3077208224735 0.026471305113697 -0.587384783649353 -0.375221355580577 0.716580295751324
1688725918000980 -9.19779594345896 -7.86006982790271 12.3285528985424 0.0288240407303516 -0.58671239172567 -0.372924249866152 0.718237598523836
1688725919000060 -9.24768806730062 -7.8674989619377 12.3492750505409 0.0311398725183624 -0.58628582728382 -0.369667067845628 0.72017046316555
1688725919000140 -9.30321978351315 -7.87586634892958 12.3681383974869 0.0322997962294546 -0.586080561879199 -0.365177065513654 0.722573185894505
1688725919000220 -9.3476230335381 -7.88916492871701 12.3900877096207 0.0335448689162295 -0.586764327012568 -0.360555353771139 0.724280472732663
1688725919000300 -9.39616467468261 -7.9038918534765 12.4104814857937 0.0359374383684517 -0.586357675852861 -0.35580457614964 0.726839927413816
1688725919000380 -9.44332902350474 -7.91914217808279 12.4291210618665 0.0405454347651523 -0.584896257088617 -0.352383482232435 0.729436986732353
1688725919000460 -9.49053330421902 -7.93467109935982 12.4469394221756 0.0453589648626601 -0.583123866620102 -0.349582098598556 0.731916304521247
1688725919000540 -9.53747673049946 -7.95059265420806 12.4642234427952 0.0497633384333201 -0.581250774863055 -0.34714358213195 0.73427684169778
1688725919000620 -9.59357047703139 -7.96489814134588 12.4843045297288 0.0548634250933047 -0.578857705684828 -0.342493909583911 0.73797810472551
1688725919000700 -9.63272637918256 -7.97921556339031 12.5036986598335 0.057225371543829 -0.578888441113352 -0.33756594054722 0.740042340261349
1688725919000740 -9.65460246017438 -7.98716335742067 12.513949254234 0.0581855657070607 -0.578762223044533 -0.335234746462315 0.741125086530099
1688725919000820 -9.68936683846066 -8.00018011412753 12.5269578562265 0.0577329186398627 -0.573413729253325 -0.329354038218134 0.747923473838417
1688725919000900 -9.72938301825742 -8.01699447801192 12.5457379343009 0.0589331326966261 -0.570754675147648 -0.325132166505166 0.751701444039668
1688725919000980 -9.76866590989738 -8.03310846630605 12.564746832045 0.0608064460830572 -0.56719262454348 -0.31996226601728 0.756451750677672
1688725920000060 -9.80763920535697 -8.04996026025817 12.5843175861126 0.0637049511914616 -0.563357626718097 -0.315377369071794 0.760990787519534
1688725920000140 -9.84496589050172 -8.06721417532897 12.6021774953894 0.0673248059812335 -0.558573620195507 -0.311902266580356 0.765623835459236
1688725920000180 -9.86394136533462 -8.07602565162373 12.6116181016144 0.0687021053020029 -0.555534313694243 -0.309961077513692 0.768495788838098
1688725920000220 -9.88447767893858 -8.0841770420309 12.6223149372828 0.0695555077173722 -0.54970104199178 -0.306844832512284 0.773845620611656
1688725920000260 -9.90070888819601 -8.09411516419186 12.6295772108492 0.0715362888778437 -0.549021284185021 -0.306812152710163 0.774160507798461
1688725920000300 -9.91873978590174 -8.10304781071663 12.6388756604 0.0732099251131035 -0.544858831997712 -0.30436529267565 0.777901618891161
1688725920000340 -9.93639419609014 -8.11215169266828 12.6482794386376 0.0750929239026938 -0.542127022414946 -0.302563021549301 0.780330034240773
1688725920000380 -9.95348713660639 -8.12189477341437 12.6579976579591 0.0769262934956181 -0.539572354602429 -0.300628002740207 0.782666482919929
1688725920000420 -9.97121749343639 -8.13150706415949 12.6675798267599 0.0775663613552007 -0.536376555725149 -0.298240309531153 0.785707558717175
1688725920000500 -10.0036255272505 -8.15236067164563 12.6866683018152 0.0807131652758611 -0.533319829032178 -0.29182136300373 0.789870645743267
1688725920000540 -10.0195701454998 -8.16294744271114 12.6965233522416 0.0824792055264595 -0.531598164344525 -0.288842192513878 0.791941134267586
1688725920000580 -10.0356580275831 -8.17337240869959 12.705310258017 0.0837266844445313 -0.528960915229499 -0.285144800556441 0.794910457339142
1688725920000660 -10.0663298242699 -8.19611839578514 12.725080112978 0.0871414523631599 -0.524236376558235 -0.279061855394609 0.799816897568969
1688725920000700 -10.0836918045387 -8.20555738270203 12.7341810845137 0.087339890461724 -0.518611041009613 -0.275831018650693 0.804569189583581
1688725920000780 -10.1120677102793 -8.22833643713764 12.7524206766094 0.0926474226415475 -0.515618676301046 -0.272116714140141 0.807159420197156
1688725920000820 -10.1271882125081 -8.23904518839532 12.7615225906355 0.0939423403850492 -0.512466924070696 -0.270598048281873 0.809524048242262
1688725920000860 -10.142417454974 -8.2500013894244 12.7704404282376 0.0954424315264258 -0.509383561562087 -0.268761805019919 0.811902840022796
1688725920000940 -10.1687222283203 -8.26975798412066 12.787886274672 0.0984521868551728 -0.501521965837741 -0.26335893895391 0.818183936507404
1688725921000020 -10.1975948024081 -8.29203467345733 12.8044768537703 0.102138258433141 -0.496407356940332 -0.259567094200891 0.822053791273944
1688725921000100 -10.223204023409 -8.31368754118288 12.8204100347128 0.105518033837582 -0.490459276898736 -0.254892211683767 0.826647205682072
1688725921000180 -10.2478109693404 -8.33408229883837 12.8351706962061 0.108244216480452 -0.483577988113977 -0.24922048692444 0.832060495341124
1688725921000260 -10.2745251287283 -8.35402573298225 12.8475516430439 0.109994279893371 -0.477702669875391 -0.242300996531394 0.837252437837332
1688725921000340 -10.2962060010467 -8.3750312880024 12.8627948170567 0.114195119790704 -0.473341521601005 -0.236381899173834 0.840851280719369
1688725921000380 -10.3054981823774 -8.38565677273047 12.8708941215072 0.115899740530601 -0.470118582187705 -0.233463591142758 0.843238116096212
1688725921000460 -10.325404191869 -8.40638164314927 12.8853993870291 0.11999766478709 -0.463360022703804 -0.228225167614427 0.847827413258702
1688725921000540 -10.3437169349373 -8.42519158103464 12.9000660498212 0.125303693726837 -0.456739660387433 -0.224900574882962 0.851532499899386
1688725921000620 -10.362717792837 -8.44100029524688 12.9116660529756 0.129386417213183 -0.448772480398525 -0.219653736088244 0.856513077600201
1688725921000700 -10.3797781216886 -8.4620885461616 12.9269069600257 0.13317435956017 -0.44391451798724 -0.215987353184256 0.859391618495523
1688725921000780 -10.3973564224466 -8.48021775360042 12.9398221646703 0.135901059356249 -0.438430086901627 -0.210053890681436 0.863242332126311
1688725921000860 -10.4143470755861 -8.49851732668732 12.9518195245475 0.137786382332269 -0.433439244434425 -0.20377189842887 0.866961560646488
1688725921000940 -10.4305853850803 -8.5165784183873 12.9636158816174 0.141769347503409 -0.427999239860887 -0.197840909403641 0.870389037932637
1688725922000020 -10.4447737110117 -8.54260999752371 12.980772010686 0.144764122395828 -0.421019969783222 -0.192511470391518 0.874485487402962
1688725922000140 -10.4688536115987 -8.56069090887812 12.9895112415928 0.150070097792294 -0.411560313202225 -0.186066784340365 0.8794749718501
1688725922000260 -10.4906831785337 -8.58616274903861 13.0026675389944 0.156147280695832 -0.40145076428807 -0.179142295194492 0.884513057369008
1688725922000380 -10.5130698729941 -8.61200505770567 13.0146884218955 0.160270711361738 -0.392803609974478 -0.170597742031384 0.889334039315045
1688725922000460 -10.5281068765473 -8.62935444463921 13.0223455578526 0.163306663054392 -0.387896769775261 -0.1648290939221 0.892019282076782
1688725922000540 -10.5437610742769 -8.64715636006078 13.0285779622749 0.165394626706805 -0.382325664013697 -0.159881764858138 0.89493548670217
1688725922000620 -10.5588921906453 -8.6638676594367 13.034357295423 0.168955948216269 -0.375866161078754 -0.155320651370612 0.897805107902639
1688725922000700 -10.5722424352122 -8.67931809023088 13.039886059497 0.173139093387936 -0.367876294385211 -0.150140040945664 0.901192462504566
1688725922000780 -10.5816316960214 -8.69441512393338 13.0463558345833 0.176611082700296 -0.360547120974047 -0.145941343006562 0.904165595135203
1688725922000860 -10.5870963250609 -8.70890576632857 13.0542255610398 0.180942383011811 -0.354186985974539 -0.141086050813043 0.906590403248489
1688725922000940 -10.5912395055729 -8.72253151260968 13.062382300738 0.184998029264481 -0.347716903330593 -0.136645690190937 0.908953595987542
1688725923000020 -10.5931984890932 -8.73770308651207 13.0741886129142 0.190594313338078 -0.340542157091021 -0.1313288827982 0.911294448304146
1688725923000140 -10.6006918801906 -8.75583902526948 13.0809464807661 0.195023680995224 -0.329959064863454 -0.128209188725856 0.914688571750935
1688725923000260 -10.6054183429661 -8.77458112481823 13.0913352442106 0.200546773394427 -0.319263276923838 -0.125384199817054 0.917676824445934
1688725923000340 -10.6083739553927 -8.78639309039775 13.097814200043 0.204244693952735 -0.313509460525145 -0.123015993482914 0.919164288090436
1688725923000460 -10.6135493998938 -8.80391954578799 13.1069357298779 0.20864439265796 -0.305189866819425 -0.11765403959994 0.921674665795338
1688725923000620 -10.6212525505767 -8.82585152745785 13.117923620345 0.213473112189204 -0.293861973307208 -0.111458989176276 0.92501419705216
1688725923000780 -10.6298727085198 -8.84534474612193 13.1248749518405 0.220165467888292 -0.281106860682755 -0.106356882577938 0.928005556640109
1688725923000980 -10.6362697827588 -8.8659952015174 13.1304471893639 0.226853485282331 -0.267258130416025 -0.101661681711982 0.931007782144318
1688725924000220 -10.6426936116684 -8.88636175676562 13.1373091592753 0.231961164020292 -0.256642132599188 -0.0943742013794379 0.933500050495599
1688725924000500 -10.6508875670416 -8.90619400151104 13.1428519692532 0.237653084621902 -0.241440952672476 -0.0931036714328397 0.936247287904231
1688725924000740 -10.6593184374112 -8.92068939840233 13.1451508711616 0.23999264468156 -0.234383564024094 -0.0897311709790893 0.937771929825603
1688725925000220 -10.6721293860065 -8.93823779279213 13.1476288931143 0.24496172818151 -0.216136044322602 -0.0915947471303364 0.940685582099054
1688725925000620 -10.6817018784294 -8.95372228983531 13.149087105806 0.247591130995873 -0.204809508608909 -0.0913626790236986 0.942552151298364
1688725925000860 -10.6882466095065 -8.9649800207282 13.1503062767576 0.250354936996436 -0.195104245563499 -0.0916166599359146 0.94385545848228
1688725926000140 -10.694613444298 -8.97674616102868 13.1522409883706 0.252218918977529 -0.187015821360277 -0.0891645767145903 0.945230330517412
1688725926000420 -10.6984538193935 -8.99006065668902 13.154802488235 0.254582676710858 -0.176336961932865 -0.0887585042976551 0.946686254516175
1688725926000620 -10.69659992933 -9.00143291313952 13.1584479290409 0.255903977386346 -0.168800034594695 -0.0922538085285349 0.947369483090235
1688725926000740 -10.6941772173522 -9.00847407129838 13.1616133819791 0.257570755994342 -0.161222939330695 -0.0924977541584105 0.94821339104957
1688725926000820 -10.691889580016 -9.01313331140644 13.1636832588276 0.258852444296747 -0.157036198422482 -0.0938118593423139 0.948437862758205
1688725926000940 -10.6888935825226 -9.01983746785185 13.1659988281402 0.261085172808172 -0.149863322468568 -0.0937551752802969 0.948991825163194
1688725927000020 -10.6866277231752 -9.02406255520922 13.1674678801616 0.262578029332124 -0.145163349393887 -0.0931409313673464 0.949370921931376
1688725927000180 -10.6820106506737 -9.03151239220331 13.1703518846511 0.264504035353533 -0.137788366545134 -0.0936658383897239 0.949883514987638
1688725927000300 -10.678791745605 -9.0364615663131 13.1725819030946 0.26761192933154 -0.12858914418791 -0.0885395114224066 0.950794111358265
1688725927000420 -10.6763107793141 -9.04111169487354 13.1736989795083 0.267258160476611 -0.128383053171993 -0.0926530955688244 0.950529468874274
1688725927000460 -10.6753442219627 -9.04275487646773 13.1742539230418 0.26768649888852 -0.126048736298785 -0.0928220989817491 0.950704850272106
1688725927000540 -10.6737262511826 -9.04569512892584 13.1754552569338 0.270199399630826 -0.120621638678625 -0.0902352081485623 0.950947060530717
1688725927000620 -10.6719797649343 -9.04889201685598 13.1766634976397 0.272009755685533 -0.114190721118716 -0.0890160350265839 0.951339748738814
1688725927000700 -10.6700752701744 -9.0524436304789 13.1778677175629 0.273554822521038 -0.108467840893466 -0.0882596615460809 0.951636862837482
1688725927000780 -10.6681599105652 -9.05605874302336 13.1789786996559 0.275310306393409 -0.101631279874124 -0.089513147472205 0.951768204225343
1688725927000820 -10.6671687928636 -9.05792097512857 13.1794785185984 0.276479940633612 -0.0969593251256813 -0.0907369509967052 0.951800681562179
1688725927000900 -10.6655762324596 -9.06164099513146 13.1804026092887 0.280028140464004 -0.0859384046883624 -0.0913443786209185 0.95176417018201
1688725927000980 -10.6639111974745 -9.06581488071271 13.1813290442098 0.28233265162117 -0.0762520948293077 -0.0908924185012058 0.951951921118763
1688725928000060 -10.6623261709854 -9.0698838413653 13.1820973437924 0.284817534906637 -0.0656030697755593 -0.0913241290271508 0.951963818904459
1688725928000140 -10.6606210144349 -9.07399009502157 13.1826835004418 0.287939299065094 -0.0555161288099019 -0.0911043537426241 0.951687404679185
1688725928000220 -10.659376420352 -9.07825560289145 13.1831325722872 0.290452670168464 -0.043193042832396 -0.0913616340102645 0.951538049304316
1688725928000300 -10.6584967214989 -9.08244939770332 13.1838876342698 0.293493298868219 -0.0336480028086646 -0.0907104078335887 0.951052636470297
1688725928000340 -10.657140173839 -9.08520256201944 13.1858154545811 0.29672765322932 -0.0282571609276216 -0.0866040622491445 0.950607158119103
1688725928000420 -10.6577755251621 -9.08813027793815 13.1853958358012 0.298432554139549 -0.01685948159874 -0.0880986284019931 0.950206503968298
1688725928000460 -10.6576927260628 -9.08991531713752 13.1858181730128 0.299879651294301 -0.0102380982419599 -0.086336166064856 0.950007074980612
1688725928000500 -10.6573444364202 -9.09186384642341 13.1862937216647 0.301374417100833 -0.00385273485273475 -0.0853463358844232 0.949670795645728
1688725928000540 -10.6571238507412 -9.09369910071793 13.1867021422398 0.302827951266574 0.00300023768962189 -0.0838935506738923 0.949340878010013
1688725928000580 -10.6567946306477 -9.09554115128886 13.1871304501734 0.304596463137221 0.00972344374818155 -0.0820032695478919 0.948895101193713
1688725928000660 -10.6560191061707 -9.09922928179273 13.1878860834181 0.307717355452017 0.0224787461773309 -0.0783370238676322 0.94798103663284
1688725928000700 -10.6554897927408 -9.10107753338296 13.1882177425717 0.309499713886415 0.0284031156314617 -0.0771562356098376 0.947338432363626
1688725928000740 -10.6549301508853 -9.10286398060871 13.188501714667 0.311160211707816 0.0341860971929281 -0.0757315145509385 0.946718211038789
1688725928000780 -10.6543034345734 -9.10465042250748 13.1886786813146 0.312279241815592 0.0401497279983898 -0.0746662424118069 0.94620009866668
1688725928000820 -10.6536428455286 -9.10640180173853 13.188862346206 0.312919760970363 0.046163225191861 -0.0734353627972027 0.94581046057071
1688725928000860 -10.6530690629258 -9.10819025780289 13.1890802066843 0.313891074149553 0.0524832979019141 -0.0720279077149512 0.945267093217989
1688725928000940 -10.6518856057766 -9.11172388261856 13.1893975758317 0.316828279512159 0.0671050898383336 -0.0691949158525926 0.943572367038855
1688725928000980 -10.6512794179361 -9.11349856237881 13.1894816918596 0.31814341424616 0.0744653198278265 -0.0687434477890431 0.942610217693831
1688725929000060 -10.650019640804 -9.11707325384835 13.1895132247347 0.320881261794979 0.0909194869246772 -0.0672044632399963 0.940346969393127
1688725929000100 -10.6493247779638 -9.1188348269828 13.1894968297506 0.322774980831823 0.0992504497531542 -0.0663709528260739 0.938914562989504
1688725929000140 -10.6492778590655 -9.12060327231884 13.191200642226 0.323779546205768 0.0976919477676732 -0.0586854928841891 0.939243898955476
1688725929000180 -10.6490506027867 -9.1224309541194 13.1928444627804 0.325339802162606 0.0957679593013731 -0.0513859835596488 0.939330608355575
1688725929000260 -10.6486354324068 -9.12682618361743 13.1964282074085 0.326212666672726 0.0919383961227548 -0.0368783579268517 0.940091811546757
1688725929000300 -10.6451786891703 -9.12604282607164 13.1986365315407 0.329226823413248 0.0901244533904195 -0.033983366046935 0.93932550933019
1688725929000380 -10.6375919324742 -9.12640059989074 13.1976271608222 0.33086113553201 0.0888814794051137 -0.0324458623598827 0.938923989271203
1688725929000460 -10.6313220683347 -9.13412496194864 13.2012534235531 0.3340807495839 0.091198130952419 -0.0264773038054065 0.937748317008056
1688725929000540 -10.6249596045779 -9.13238494469256 13.1981125851763 0.329994366877339 0.0931795146993748 -0.0260882307143208 0.939010489871018
1688725929000660 -10.6168279156633 -9.13760506036821 13.1977942332401 0.330273432596914 0.0994182675995776 -0.021780514488318 0.938382159344888
1688725929000820 -10.6069640754838 -9.14475324301188 13.1974652109308 0.329206007298841 0.106007387693521 -0.0162549721803831 0.938147970414138
1688725930000060 -10.5952068531162 -9.15555441708181 13.1978227413936 0.326595373447892 0.114442975120282 -0.00647835720400966 0.938187773516575
1688725930000340 -10.5851620734837 -9.16838387489501 13.1978482449309 0.323144996759624 0.122853281461546 0.00641805413297168 0.93831934376549
1688725930000580 -10.5790030208015 -9.17954974205978 13.1984113278867 0.320008865612635 0.126760012420944 0.0171763315577921 0.938739153766675
1688725930000820 -10.5718398679944 -9.19036843245461 13.1992359312473 0.314928272167096 0.131281050891181 0.0207110337299488 0.939764077919874
1688725931000020 -10.5682598152343 -9.19935959348375 13.2009860437461 0.311233901664268 0.132405110467609 0.0248249866446113 0.940736979827514
1688725931000220 -10.5646085867859 -9.20836147231662 13.2030757769432 0.308354502232759 0.13267230481986 0.0275401193821499 0.941571612948792
1688725931000460 -10.5628070978211 -9.21947203096798 13.2057796048109 0.305501719183339 0.132442583627065 0.0298193482250317 0.94246404074089
1688725931000860 -10.5596549055318 -9.23699061062983 13.2117182911795 0.301790942794486 0.130408782883547 0.0336449125129769 0.943813432864802
1688725931000940 -10.5591004957811 -9.24049469171444 13.2130445811503 0.301792944072467 0.130348262336348 0.0352342399693823 0.94376315765543
1688725932000060 -10.5581186094166 -9.24566079817808 13.2149801505477 0.301838439012027 0.130365819557309 0.035529367238233 0.943735118499669
1688725932000180 -10.5571642331424 -9.25075028348777 13.2170575577628 0.300913695347833 0.131241541156092 0.034499052761345 0.943947255510421
1688725932000220 -10.5570095459754 -9.2524236670529 13.2178556253478 0.301160945639216 0.132080624241159 0.0353657250873498 0.943719269174263
1688725932000380 -10.5555204234118 -9.25901710331048 13.2203365309324 0.301146460871764 0.130917658057243 0.0362168950619812 0.943853649897741
1688725932000620 -10.5534660203061 -9.26900238986534 13.2242506831208 0.303266721284886 0.131289833620766 0.0348704142332005 0.943173541592507
1688725932000780 -10.5520959732699 -9.27550500781961 13.2267928296335 0.303936460398859 0.131491201780761 0.0344230209627019 0.942946312110221
1688725932000820 -10.5517667757568 -9.27709214576525 13.2274226991757 0.304232330525152 0.131844082044678 0.0353397052818176 0.942767697963621
1688725932000980 -10.5504176993998 -9.28334313967907 13.2299240812778 0.304242782515982 0.130261240612753 0.035937856994868 0.942961721871877
1688725933000100 -10.5495055680259 -9.28800934868167 13.2317995516253 0.304454023439669 0.130922597874573 0.034677204969821 0.942849146169551
1688725933000260 -10.5482472584763 -9.29407697875916 13.2341603630556 0.304904949957149 0.130901999776433 0.0337713020502261 0.942739167057353
1688725933000380 -10.5470835479071 -9.29842390229967 13.2357931959637 0.305244626298913 0.131517235329609 0.0346703508090659 0.942510955746229
1688725933000500 -10.5460836161601 -9.30261123360212 13.2373512577535 0.306066890106761 0.132319160075801 0.0348595772422757 0.942124996235479
1688725933000620 -10.5450777348967 -9.30660499089584 13.2389251233999 0.306645530034958 0.133279632371621 0.0351716555963139 0.94178979244154
1688725933000780 -10.5436672552751 -9.31167722575312 13.2409933967208 0.30669311794719 0.133046051732037 0.0371964227959768 0.941729528927245
1688725933000940 -10.5422920311398 -9.31661983737202 13.2429269329414 0.307435586517062 0.133402181095659 0.0379038671824664 0.941408792753948
1688725934000140 -10.5406899108313 -9.32259465303572 13.2451361669193 0.307679533848679 0.134230203086757 0.0376296518190233 0.941222378789373
1688725934000380 -10.5392304507384 -9.32943752910255 13.2477400562086 0.306827511248773 0.136453441019817 0.0357715900631862 0.941253276285978
1688725934000500 -10.5384173210084 -9.33262693731211 13.2489725705591 0.306754707180453 0.136234070192687 0.0369461847766068 0.941263410088707
1688725934000620 -10.5376229279589 -9.3356419002392 13.2503054557729 0.30629405315301 0.135712812731049 0.0382598984321768 0.941436224943404
1688725935000020 -10.5354029359865 -9.34528568772833 13.2541927155568 0.305712857991287 0.135528222709532 0.0390861732573011 0.941617767657394
1688725935000220 -10.5342217053655 -9.34986119167444 13.2559940895579 0.305918117903931 0.135042755545414 0.0394101725710175 0.94160734789547
1688725935000420 -10.5332545021848 -9.35418377989397 13.2578390051689 0.304998359279818 0.134831066086867 0.0396745329159322 0.941924899284651
1688725935000620 -10.5322094125051 -9.35836781556955 13.259368511385 0.305573799372515 0.134751107691727 0.0404886772738115 0.941715168788055
1688725935000780 -10.5314960434076 -9.36142471317794 13.2607225055335 0.30487982972595 0.13629147907922 0.0398463885998669 0.941745818930046
1688725936000020 -10.5305550281078 -9.36563803839211 13.2624456815867 0.30375169120575 0.136585594246 0.0393940052525817 0.942086725245756
1688725936000220 -10.5297200950661 -9.36898720930066 13.2635805621237 0.305539510175368 0.135104349544021 0.0408077977764514 0.941661906470002
1688725936000660 -10.5282152711318 -9.37572958762632 13.2663511418057 0.304106657238776 0.135877725153662 0.040335974054129 0.942034709566069
1688725936000900 -10.5274183576665 -9.37913505582482 13.2676430860497 0.304096151064581 0.136899284223191 0.0401001189782061 0.941900258703022
1688725937000180 -10.5265578213882 -9.38276286261705 13.2690699942279 0.303655098848175 0.137393980820773 0.039456448350484 0.941997698331207
1688725937000540 -10.5255499789137 -9.38714150964079 13.2707171868377 0.304629562648964 0.137752587036367 0.0388326912629702 0.9416565596938
1688725937000780 -10.5248724785951 -9.38982136508993 13.2717839013736 0.304802713340431 0.137438868292416 0.0392538897136766 0.941628905442668
