1695209201000480 -1.78025996685295e-05 2.4024483998014e-05 4.15453944843935e-05 -2.55726234239991e-05 -5.21347062875721e-05 -1.98679142809661e-05 0.99999999811664
1695209201000760 -0.00918942699916396 -0.122917873148914 0.208539036108357 -0.00225506758948889 0.00027383315955237 -0.000454570138526836 0.999997316522178
1695209201000840 -0.00665117090058436 -0.152059173546994 0.255313355573784 -0.00316414694633815 -0.000157030275377546 9.10194736015985e-05 0.999994977602913
1695209201000920 -0.00560246701073664 -0.179332056726773 0.303497299114045 -0.00344269439772034 -0.000277763538483282 0.000239667493386527 0.999994006613136
1695209202000000 -0.00523114638595178 -0.207681061521627 0.351142647752546 -0.00381746431861821 -0.000422834314499495 0.00052907460468026 0.999992484100446
1695209202000120 -0.00623467106682446 -0.251987367881311 0.4193279222513 -0.0044006293686058 -0.000733109568671171 0.000978362127048363 0.99998956985514
1695209202000200 -0.00779050710234781 -0.28024951773886 0.466270914444766 -0.00488607558737265 0.000352416668311148 -0.00048720785118982 0.999987882274758
1695209202000320 -0.00967421110806505 -0.326132777089434 0.535194999349151 -0.00541542615780702 0.00061270995154962 -0.000418154819821536 0.999985061334714
1695209202000440 -0.00693285288790838 -0.382372167381335 0.595438183965543 -0.00638863681278447 -0.000626900911434878 0.000914345078091656 0.999978977923036
1695209202000600 -0.00613824491063931 -0.447753824562679 0.687800554774642 -0.00713719933659205 -0.00209219423677799 0.00269293682925193 0.999968715110697
1695209202000800 -0.00726654478402577 -0.519504682493806 0.80484637432703 -0.0084120320950584 -0.00181000927615561 0.0025332915162897 0.999959771199095
1695209202000920 -0.00789228325979885 -0.569496580126286 0.871643328326926 -0.00895380970959586 -0.00140608739011684 0.0021356114731502 0.999956644746947
1695209203000040 -0.0102435549956268 -0.610733174779982 0.942813297901335 -0.00975096640480264 -0.00131503466901578 0.00169507430356666 0.999950156788376
1695209203000120 -0.00862189724994337 -0.63357846666724 0.992282321702412 -0.0101591454301096 -0.001547614883858 0.00205110601185666 0.999945093300842
1695209203000200 -0.00720245021497189 -0.659281807215866 1.04085895954099 -0.0105777969377136 -0.00136883129798816 0.00197659462028464 0.999941163062372
1695209203000280 -0.00816108985962122 -0.687974302043863 1.08714988926689 -0.0111414797591051 -0.00118696979576674 0.00172860697912389 0.999935733159583
1695209203000360 -0.00910643944535285 -0.716825019920615 1.13371728461853 -0.0116438105126623 -0.00140802991101301 0.00185054678596255 0.999929504817769
1695209203000440 -0.00832424098120718 -0.743657905153718 1.1811976746907 -0.0121414556972163 -0.001116828603678 0.00145999595330403 0.999924600237057
1695209203000520 -0.00705695308253018 -0.766279022423726 1.22954503755623 -0.0119277725598395 -0.000987412886556559 0.00138375774351839 0.999927416601855
1695209203000640 -0.0064638160522558 -0.806122817838701 1.30291541008187 -0.0130497371109794 -0.000832177924199478 0.00127784770712256 0.999913685748162
1695209203000760 -0.00936246188563281 -0.849857194421972 1.36940625257241 -0.0134770930417568 -0.000720848995923647 0.00119015970352294 0.99990821171733
1695209203000880 -0.00890040476535466 -0.898550895193683 1.43420687804673 -0.0141498435436681 -0.00128789435738808 0.00161879313052745 0.999897746154383
1695209203000960 -0.00932684066434484 -0.928722623389854 1.47836713223056 -0.0144752149190234 -0.000990341645823684 0.0011006267239709 0.999894132394669
1695209204000040 -0.010195690737393 -0.957714150437618 1.52223206447655 -0.0144636922340833 -0.00112873827093018 0.001523426802032 0.999893597703102
1695209204000160 -0.0112789922624156 -1.00039881809382 1.59335214659008 -0.0150936158773023 -0.00166061075353523 0.00200536349605086 0.999882694944223
1695209204000240 -0.0113605736179865 -1.02568969016792 1.63984941895685 -0.0154507841985101 -0.00165843452259285 0.00204813346205553 0.999877156460686
1695209204000360 -0.0119942820589884 -1.06668600537603 1.7099930668525 -0.0160408914091547 -0.00183932514461551 0.00224887755077174 0.99986711578868
1695209204000480 -0.0124333253094992 -1.1092117726381 1.77777839295278 -0.0162565705770689 -0.00172219024072682 0.00214756151237873 0.999864063737365
1695209204000640 -0.0155068771707371 -1.16341776861299 1.87156773181743 -0.0170962761619636 -0.00179802735310435 0.00214098127570335 0.999849939059961
1695209204000720 -0.0155194207017215 -1.19064166488531 1.91758076655443 -0.0172734616636254 -0.00185158579084446 0.0018996392770991 0.999847283600266
1695209204000840 -0.0173721176377166 -1.23313929251796 1.98844283097806 -0.0179536032329087 -0.0011699825837806 0.000697486885801692 0.999837893252578
1695209204000920 -0.0185298809683202 -1.26283838023866 2.03683084733365 -0.018367680505696 -0.000128447921699823 -0.000348612626461943 0.9998312309001
1695209205000000 -0.0191094496966278 -1.29120190372635 2.08428668625181 -0.0186823750717956 -0.000832121723586397 0.000915382311833209 0.999824703890806
1695209205000080 -0.019367996123328 -1.31329289929423 2.12844604395952 -0.0184708903222826 -0.00156288172090033 0.00215813877272759 0.999825847859749
1695209205000200 -0.0167770614224594 -1.35603060505151 2.2036109258749 -0.0196240767738459 -0.00265383902028016 0.00328461214176369 0.999798511737393
1695209205000320 -0.0197106712616367 -1.39706886138929 2.27480190136922 -0.0202264918966048 -0.00215064349320178 0.00212225043412907 0.999790858035428
1695209205000440 -0.0214243786025436 -1.43797221131208 2.34575930648616 -0.0208273014488612 -0.00093317543922959 0.000622788253404491 0.999782458754278
1695209205000520 -0.022498043883163 -1.46500463616729 2.39599763141735 -0.021586715925503 4.47409062133356e-05 -9.79265376322464e-05 0.999766973901517
1695209205000640 -0.0250261703820555 -1.50336298421877 2.46834187649572 -0.0219595414062641 7.6082709302842e-05 -0.000207069119877486 0.999758835857442
1695209205000760 -0.0231347270114337 -1.5411727716644 2.54244090160218 -0.0224310622410922 -0.00184422031374957 0.00152430155825228 0.999745529023726
1695209205000840 -0.0219755657619849 -1.56780330867916 2.58965391805557 -0.0225604956432016 -0.00233736803516478 0.00243749873005593 0.999739775815158
1695209205000960 -0.0239917111528162 -1.60951315803853 2.66026351767557 -0.022686253573371 -0.00205389024584279 0.0019732436797057 0.999738576700451
1695209206000040 -0.0255910144016583 -1.6390437437133 2.70701780017766 -0.0230698730535482 -0.00141056084332914 0.00105382649165185 0.999732304532131
1695209206000120 -0.0277253585100525 -1.66881121128136 2.7547892239185 -0.0235726374578476 -0.00111463843719422 0.000707847604034712 0.999721254798659
1695209206000200 -0.0276657892510113 -1.69701197757545 2.80324593332717 -0.0240991877185869 -0.000882595150173889 0.000546018701622806 0.999709033689644
1695209206000280 -0.0301659921356316 -1.7212812246365 2.85300590607692 -0.0245847723265956 0.000242560796152114 -0.000970721834919906 0.999697248087154
1695209206000360 -0.0316838322344092 -1.74403425934005 2.90649177184376 -0.0251669772483939 -0.000719850078809854 0.000323853328072745 0.999682949835129
1695209206000440 -0.0310212165310559 -1.76474811447996 2.95333836163494 -0.0248857989826925 -0.00150874891174451 0.000645673449181896 0.9996889535208
1695209206000560 -0.0348760848847759 -1.81936355552919 3.02652769267973 -0.0260887738553385 -0.0012581975668762 0.000766671477494237 0.999658544220202
1695209206000600 -0.0349716488438275 -1.83770253599683 3.04862904702841 -0.0262023551714044 -0.00105807945228024 0.000539255579844663 0.999655953943537
1695209206000680 -0.0381525385867627 -1.87111887464426 3.09330050806175 -0.0265362131368493 -0.000360651400249549 -0.000444411969026352 0.999647688848889
1695209206000760 -0.0419117883926646 -1.90100102214296 3.13976106965157 -0.0270348063554828 0.00024687126701735 -0.00144761068839691 0.999633414169011
1695209206000840 -0.0431057832392319 -1.93014603425088 3.1891620400025 -0.0276478824942143 0.000292449088391292 -0.00145029740650455 0.999616629365753
1695209206000920 -0.0453921520726402 -1.95981659430405 3.23773945184269 -0.027981813272293 0.000345030615132589 -0.00114424833887742 0.999607717945199
1695209207000000 -0.0474309356104053 -1.99141443755531 3.28662234752398 -0.0284538498491252 0.000562558141604934 -0.00120154797424159 0.999594226793836
1695209207000080 -0.0521583430084641 -2.02242832523905 3.33789952660199 -0.0289377227469502 -0.00012855320360196 -0.00048845366797713 0.999581088801358
1695209207000160 -0.0525962055220158 -2.04536538764381 3.39205701237052 -0.0293832163555122 -0.000992579137469894 0.000600069314530498 0.999567547142302
1695209207000240 -0.0515218394230192 -2.06331189630777 3.44547663251248 -0.0296827647129197 -0.00117542440847829 0.000800112272442741 0.999558358314715
1695209207000320 -0.0514803782076061 -2.0840779576942 3.4949070797074 -0.0296639547314556 -0.00176289224487819 0.00111366796887763 0.99955775308097
1695209207000400 -0.0541484532250059 -2.11106930006497 3.54353162972564 -0.0299007291624275 -0.00133341841724929 0.000592261779806562 0.999551808370564
1695209207000520 -0.0585973203820122 -2.15468303179366 3.61816927617805 -0.0305144896155429 -0.000203407046093901 -0.000321685753970695 0.99953425207311
1695209207000600 -0.0580653624963318 -2.18322113879519 3.66761719427173 -0.0309226842364652 -0.000286618177732178 -0.000334537881319737 0.999521682373143
1695209207000720 -0.0584689404096966 -2.22202625057076 3.74263129785225 -0.0312523076883856 -0.00108264950572958 0.000715662124539558 0.999510684766262
1695209207000800 -0.0601283036018075 -2.24876112639197 3.79369686306909 -0.0316428058502142 -0.00173281064335385 0.000874903322342475 0.999497356049218
1695209207000880 -0.0602925089965959 -2.27727495986913 3.8461357817226 -0.0321704236394327 -0.00165046545155655 0.000805925992808663 0.999480710314084
1695209207000960 -0.0603752354716375 -2.30670979465213 3.89167628746975 -0.032363106846691 -0.00113343834515988 0.000501500571386253 0.999475408967086
1695209208000120 -0.064304356197272 -2.36696750784922 3.98513655488052 -0.0328476947415033 -0.000988664949674492 -0.000187241159306124 0.999459862341922
1695209208000280 -0.0588869074452374 -2.42603577936457 4.0883271453579 -0.0334562132556229 -0.00278531493118266 0.00255398033280678 0.999433039777947
1695209208000400 -0.0575635258709117 -2.47390877731769 4.16067954088632 -0.0338585371451431 -0.00317422832489225 0.00324544044508892 0.999416325088424
1695209208000560 -0.0599715120312323 -2.52598559061676 4.24300652219878 -0.0335745354694661 -0.00214768900912716 0.00182170342797861 0.999432248527408
1695209208000760 -0.062599946716589 -2.59859831750515 4.37837178291928 -0.0353135223004192 -0.0021471427418849 0.00235649731527818 0.999371198224757
1695209208000920 -0.0636424800202063 -2.65589739878855 4.46800867916267 -0.0356621064916807 -0.00304410757119502 0.00335238594448067 0.999353645652104
1695209209000160 -0.0629118723916898 -2.72639444919555 4.61673694899243 -0.0371908642188211 -0.0028442508518218 0.00306789748233004 0.999299423526696
1695209209000360 -0.0660578234559459 -2.79668269496078 4.73543732423256 -0.0386892116541681 -0.00269790308012759 0.00309486359232953 0.999242857387479
1695209209000480 -0.0662953191874273 -2.83890286774487 4.81304582533359 -0.0397101110303066 -0.00250588218696551 0.0031846469363323 0.999203025245779
1695209209000640 -0.0708543387655951 -2.89047149432177 4.91765779656477 -0.0404080741091121 -0.00187092421157488 0.0024732811547007 0.999178447560653
1695209209000840 -0.075452512101304 -2.95463773893656 5.04971989479899 -0.041299683239708 -0.00125317003610528 0.00166683035344194 0.999144627872128
1695209209000920 -0.074002402244261 -2.97940109437379 5.09981273566908 -0.0417243175164171 -0.0015241085683762 0.00199290106031772 0.999126011455124
1695209210000000 -0.0728817591875763 -3.00306934494032 5.14836290231013 -0.0422086376185701 -0.00180160470389708 0.00221629272653935 0.999104735839754
1695209210000120 -0.0727755812944806 -3.04177146549045 5.21838359565898 -0.042484742766428 -0.0020296569165895 0.0024877761404558 0.999091956776125
1695209210000200 -0.0758762915047629 -3.06671755930706 5.26369370404269 -0.04251379464691 -0.00112224952961744 0.00109895266413146 0.999094645228246
1695209210000280 -0.0761383596816648 -3.09064871612819 5.30921499863319 -0.0426897199380757 -0.0014401701218719 0.00176147621626232 0.9990857875694
1695209210000360 -0.0771374494345785 -3.11786211265865 5.35576717811889 -0.0431059501230894 -0.00214474524652058 0.00267143916317031 0.999064632816421
1695209210000440 -0.076046005299536 -3.1448969221478 5.39938299394248 -0.0434566966991367 -0.00214221954850704 0.00307591551579475 0.999048279689798
1695209210000560 -0.0776165298187526 -3.18707166372719 5.46970654786007 -0.0437760631659881 -0.00214453713150083 0.00327281868576374 0.999033706094058
1695209210000680 -0.0796726614982492 -3.22752844798238 5.54440077316787 -0.0444659740198253 -0.0024217053501367 0.00324484848979778 0.999002694418761
1695209210000800 -0.0795908769298589 -3.26658684445377 5.61825887064921 -0.0451881038025211 -0.00290917455536556 0.00391025068440662 0.998966607008324
1695209210000880 -0.0798411334405431 -3.29010978062719 5.66046178455419 -0.0453297850694945 -0.00391673742810314 0.00367939198799292 0.998957622638754
1695209211000000 -0.0811105314900117 -3.33048707369407 5.74442722356406 -0.046102961459237 -0.00398454526696679 0.00500515222954672 0.9989162070939
1695209211000040 -0.0848640224571481 -3.34332921030075 5.77002350250657 -0.0465067508772193 -0.00409840363859598 0.00530790907624968 0.998895465657792
1695209211000120 -0.0833790489090294 -3.36653644760313 5.82120619831082 -0.04717787689165 -0.00432938460956741 0.00564372019665521 0.998861177933771
1695209211000160 -0.0802565647182952 -3.37859060160442 5.84512554644954 -0.0472196376948891 -0.00407082545580089 0.005448742003158 0.998861374469278
1695209211000240 -0.0809747505228688 -3.40267649091747 5.89378353278716 -0.0473976012951765 -0.00371464582384366 0.00502111900294094 0.998856574870399
1695209211000320 -0.0845273999086504 -3.42815430912492 5.94238558338477 -0.0477349539139416 -0.00325415669217144 0.00410296375525928 0.998846309663043
1695209211000400 -0.0847843393885092 -3.45356814896865 5.98864407749678 -0.0479274543860328 -0.00326227091786403 0.00428409036293869 0.99883630454359
1695209211000480 -0.0846799943289085 -3.47872271097156 6.03489566583353 -0.0481628890727339 -0.0027573850222925 0.00377363968505204 0.998828560158115
1695209211000600 -0.0858441437805429 -3.51857352964119 6.10585347549164 -0.0487388137094219 -0.00219978431646547 0.00309717630230799 0.998804333433787
1695209211000680 -0.0888701741088141 -3.5441982246096 6.15473323298162 -0.0491855795834143 -0.00186647280578104 0.00248752092841004 0.998784815303046
1695209211000760 -0.0890159863922787 -3.56856049753298 6.20448245133305 -0.0496035432845136 -0.00230896722191972 0.0031796426484069 0.998761256275301
1695209211000840 -0.0892944449663289 -3.59266166721657 6.25344635485155 -0.0500261398237735 -0.00280868904188113 0.00378804598481657 0.9987367757862
1695209211000960 -0.0892711747940179 -3.62879257559226 6.32598574876683 -0.050716852077548 -0.00386702839659293 0.00466686394069212 0.998694681765996
1695209212000040 -0.0908088949317788 -3.65370966989731 6.37335099496463 -0.0511644699982847 -0.00357796982599563 0.00447574952715522 0.998673802003381
1695209212000120 -0.0930621379114221 -3.677493476842 6.42160807559906 -0.0515608734696889 -0.00325272757406526 0.00418178208991254 0.998655800958931
1695209212000200 -0.0946953624966825 -3.70174463793677 6.4707390249455 -0.0518392311491447 -0.00244436811933533 0.00326580779545628 0.998647111685507
1695209212000280 -0.0961487214398433 -3.72490110352765 6.51903573505734 -0.0518441470858597 -0.00185411837144947 0.00255227665262537 0.998650205298078
1695209212000360 -0.0974906943049769 -3.74582858334276 6.56631701962936 -0.0523676055933046 -0.00254041677162886 0.00352712417113949 0.998618415393053
1695209212000440 -0.0966355962969599 -3.77137217507193 6.61406905967789 -0.0526035180064919 -0.0030393092480431 0.00442463661590216 0.99860104900979
1695209212000480 -0.0978729451193199 -3.78422940030863 6.63386899683984 -0.0527222293013669 -0.00288630067493633 0.00407938610317062 0.998596712599701
1695209212000560 -0.100444368296445 -3.81452635568773 6.67987609109385 -0.0529439535343705 -0.0025151522100091 0.0037169173293907 0.998587400440781
1695209212000600 -0.100245130809921 -3.82924452133887 6.70183707385799 -0.0532638034685999 -0.00211790620095443 0.00293779196146181 0.998573908677657
1695209212000680 -0.104254202954486 -3.85526776962635 6.74877825172127 -0.0536488603741567 -0.000558676718269114 0.000757276013847561 0.998559419460814
1695209212000760 -0.108563991070933 -3.8782180128829 6.79662735437714 -0.053950086234616 -0.000189845538830255 -0.000142802371072738 0.99854360533801
1695209212000850 -0.108302598195068 -3.90028549707467 6.84422779914872 -0.0543475179120229 6.92228507718995e-05 -0.000307556418037346 0.998522031761968
1695209212000920 -0.107529559731424 -3.92209391686869 6.89138835936676 -0.0545750124116963 -0.000277726180905307 0.000220477529152907 0.998509610508627
1695209213000000 -0.10823345908147 -3.94412938333049 6.94130017737348 -0.0550294581705056 -0.000350493174896285 0.000320331831602684 0.998484618447131
1695209213000080 -0.108798947147812 -3.96686897192426 6.98708240641637 -0.0549788843341758 -0.000992657142404154 0.000939133150570157 0.998486582252407
1695209213000120 -0.111681215206845 -3.97707855645314 7.01462585229298 -0.0551542725847064 -0.00187899108804964 0.00168382457110921 0.998474656835594
1695209213000200 -0.114260915041779 -3.99705304257311 7.06383245186171 -0.0557259784668576 -0.00248296784374023 0.00217196551218319 0.998440650594922
1695209213000280 -0.114387969372256 -4.01743557249096 7.11459184763436 -0.0560900635190319 -0.0023267624397513 0.00189047115863821 0.998421212249509
1695209213000370 -0.11557342281318 -4.03921147622861 7.1617661871851 -0.0565289517570775 -0.00130045602886191 0.000695340743227488 0.998399871258312
1695209213000440 -0.117231695730405 -4.06152780738161 7.20579788438713 -0.0571017692480555 -0.000373665887432459 -0.00109334731189849 0.998367694246064
1695209213000530 -0.118676994416659 -4.08479448494357 7.25388607577362 -0.0571754159531661 3.93488642639162e-05 -0.0018543794179736 0.998362424943579
1695209213000560 -0.121382455953936 -4.09362769412651 7.27357162105509 -0.0575997625943356 0.000367939833565868 -0.00201248856858588 0.998337659241159
1695209213000640 -0.123279913722917 -4.11526445811336 7.32042062672298 -0.0578087882668176 0.000393467919943095 -0.00150015486291881 0.998326469005758
1695209213000720 -0.125440088313142 -4.13628115513139 7.36522999605106 -0.0579697936860444 0.000520890307829101 -0.00157581156175208 0.998316957940316
1695209213000810 -0.125242580839856 -4.1547011957339 7.40493587452667 -0.0583182650786842 0.000666243300484104 -0.00176168149172338 0.998296264921591
1695209213000890 -0.127481153591473 -4.1726652615939 7.44176940891042 -0.0588122145468586 0.000260777353271735 -0.00100940124484111 0.998268519249402
1695209214000000 -0.132086238858478 -4.20330052387716 7.5038919335057 -0.0592890237200711 -0.00073796131168316 -0.000156511186416431 0.998240573501033
1695209214000120 -0.137960172366773 -4.23501395705678 7.56803486057523 -0.0592275184978243 -0.00141139373518649 -7.04478717137751e-06 0.99824351186005
1695209214000240 -0.143694274485489 -4.26660420904649 7.63464524986509 -0.0592088477217881 -0.00163144285491714 -0.000261912556714459 0.998244249744261
1695209214000320 -0.147714325787541 -4.28691674776854 7.68378741392393 -0.0596291731667651 -0.00183578538755532 4.84694565445021e-05 0.998218908481587
1695209214000440 -0.154153662214303 -4.32058843243099 7.75771203370395 -0.0601098804223317 -0.00184532805322429 0.000332399028206585 0.998190005234913
1695209214000570 -0.170783924260805 -4.35277451322419 7.8314020979829 -0.0606717766188094 4.30742450767798e-05 -0.00229587498024889 0.998155129538792
1695209214000690 -0.196483996219834 -4.36936242461895 7.90845325102849 -0.0616543891865521 -0.000231887022407609 -0.0032999313401562 0.998092076401567
1695209214000760 -0.216123979767407 -4.3748764697814 7.96336749720227 -0.0625618075760564 -0.00159056098897402 -0.00234813041415602 0.998037061752776
1695209215000010 -0.273604710720961 -4.40217285906027 8.10676585696011 -0.0660664998373016 -0.0106187242565713 0.000232069453793868 0.997758691487165
1695209215000530 -0.6299041883757 -4.50883078092501 8.23653933263074 -0.0689244890846501 -0.0136001992130239 0.00342140244271112 0.997523304685716
1695209215000890 -0.992275746507188 -4.53647853751349 8.31826679186752 -0.0703381079926093 -0.0192441474197317 0.0113317418758358 0.997273184729323
1695209216000290 -1.49875698880389 -4.57516642126684 8.41446960524375 -0.072144676217403 -0.0264235327089578 0.020842820911848 0.996826223285233
1695209216000770 -2.16627187216822 -4.67177337633514 8.53934909668511 -0.0747318398427329 -0.0382345293405303 0.0350673482385634 0.995853178921142
1695209217000090 -2.63137297698433 -4.80447208372159 8.6954662529454 -0.0773444079756984 -0.0467396339186906 0.0450578336195909 0.994888456464113
1695209217000530 -3.21821417570806 -4.94827937552877 8.83329432116764 -0.0796107665268759 -0.0529196019501306 0.0510175225605195 0.994112093264251
1695209217000850 -3.57295725454718 -5.04750716127591 8.99054150955816 -0.0815318262126479 -0.0571922560776726 0.0535494604615541 0.99358646450294
1695209218000250 -4.01746055223749 -5.25898961472384 9.21396451758517 -0.0854066414016999 -0.0598331701812919 0.0522852989113654 0.993172666190672
1695209218000570 -4.30606875171298 -5.40172602727416 9.42430092222198 -0.0884427830106955 -0.06453841871175 0.0566170363917984 0.992374514905396
1695209218000890 -4.53773199622256 -5.57253243546293 9.64450122546926 -0.0916661735029492 -0.0661445111726384 0.0553733024147855 0.992046376767105
1695209219000130 -4.68846478801304 -5.69336196741951 9.81402926881817 -0.0946476149100206 -0.0671196702750856 0.0533616278159579 0.991811128960973
1695209219000410 -4.83760171871073 -5.82539038341306 10.0104397791746 -0.0977592212909876 -0.0692504428038009 0.0529270584982801 0.99138601831112
1695209219000610 -4.91297452446903 -5.88643104224294 10.1635687677591 -0.0993659712768245 -0.0714441080697105 0.0536668943428299 0.991030780362513
1695209219000770 -4.95766857932368 -5.93635244906645 10.2914143184058 -0.100502435611474 -0.0711899040970678 0.0520692837442984 0.991019700955116
1695209219000930 -4.98387659544495 -5.99193075808652 10.409699393222 -0.101564813122079 -0.0700956508106153 0.049046921141575 0.991143575875587
1695209220000050 -4.99512322400059 -6.02964396463405 10.4974621370023 -0.102759660463865 -0.0695786981985816 0.0479433629729512 0.991110836831676
1695209220000170 -5.01964454747336 -6.0628551566405 10.5829156133789 -0.103526256174107 -0.0704318810785308 0.0484039323680692 0.990948396104268
1695209220000250 -5.03416040627962 -6.0834064246727 10.6402178048407 -0.104478628533608 -0.071298113653643 0.0487380276214533 0.990770104430255
1695209220000370 -5.04549663507616 -6.12491830971048 10.7234427371714 -0.10521801894531 -0.0725323247335404 0.0501483341496359 0.990531864676745
1695209220000490 -5.064527069391 -6.16341482878791 10.8029898050596 -0.106867843042841 -0.073284420633756 0.0501995347127531 0.990297260690127
1695209220000610 -5.08821663146157 -6.19658509188948 10.8836450823136 -0.108798691775803 -0.0735104019963224 0.0486253837502469 0.990148795647076
1695209220000690 -5.10296983036187 -6.21806286039113 10.9355434210331 -0.109643563185335 -0.0736483266827609 0.0473406720674694 0.990107607180681
1695209220000770 -5.11786889465606 -6.23764640886362 10.9871164004633 -0.110750099733423 -0.0745339794227851 0.0472618515747969 0.989921925560881
1695209220000850 -5.13209132586713 -6.25909650629181 11.0344078995825 -0.110909849798586 -0.0752365648478421 0.047521967863644 0.989838434845767
1695209220000930 -5.13709041492928 -6.27550527655575 11.0874060927861 -0.111491583001428 -0.0755402354356417 0.0480396715473977 0.989724956595408
1695209221000010 -5.14821605209849 -6.29776609735006 11.1374212656908 -0.112193420585506 -0.07557043614365 0.0483652346075449 0.98962748023675
1695209221000090 -5.16713484378454 -6.31531842584 11.1880829031952 -0.113291253229674 -0.0763291130123306 0.0492949316771055 0.98939828590884
1695209221000170 -5.17469916760472 -6.3384358892345 11.235160806807 -0.113677474647531 -0.0770237227947889 0.0504976910697978 0.989239486212116
1695209221000250 -5.18802666105961 -6.35426561333201 11.2868816580819 -0.11486508806116 -0.0773485898002847 0.0506642087006318 0.989068422889614
1695209221000330 -5.19756630159332 -6.36887055161199 11.3384245552725 -0.115650436396828 -0.0777401169026072 0.0500064815583011 0.988979677540116
1695209221000410 -5.21227506928514 -6.38643305083812 11.3853818673186 -0.116129294764336 -0.078150018371699 0.0495561321021611 0.98891392512044
1695209221000490 -5.22054849361092 -6.40266213925823 11.4350374834441 -0.116875930812005 -0.0779977200972819 0.0494914509513751 0.988841225242547
1695209221000570 -5.22932424051584 -6.42538585289097 11.4816996512643 -0.117416948010238 -0.0786244431374956 0.0502820765946849 0.988687599818368
1695209221000610 -5.23270400602756 -6.42821119973187 11.5071870182141 -0.117738464637981 -0.0787545681809953 0.0506274176865597 0.988621381780561
1695209221000690 -5.24559797591218 -6.44811056198819 11.5530218658915 -0.117835350478002 -0.0793019090907718 0.0511238106145712 0.988540537044653
1695209221000810 -5.26214133746292 -6.46972065197107 11.6218855618238 -0.119012535069384 -0.0800459546465407 0.0515787419671956 0.988315888275689
1695209221000930 -5.28125910156988 -6.4912896091209 11.6862072148066 -0.119789657865318 -0.0799507787838946 0.0513901728945515 0.988239526112079
1695209222000010 -5.29203436011517 -6.50837560428898 11.7307845968438 -0.120348043634958 -0.0803880034700714 0.0513272213319773 0.988139480863745
1695209222000090 -5.29304897895987 -6.5216903574163 11.7778653222276 -0.121380124248107 -0.0804728337139294 0.0517031870337483 0.987986725073833
1695209222000170 -5.30679362736589 -6.53692818319863 11.824154349023 -0.121945429883007 -0.0806514650545866 0.051906399966234 0.98789188626982
1695209222000250 -5.31363884487914 -6.55476930642601 11.8652574402742 -0.122583814216181 -0.0811182348497748 0.0517725010917062 0.987781680634835
1695209222000290 -5.3250825763542 -6.56187064834624 11.8898391009236 -0.122592308336306 -0.0813022992691742 0.0515303741418902 0.987778154552488
1695209222000370 -5.33434288240723 -6.57859028666835 11.9305969299943 -0.123053875639455 -0.081209658769269 0.0514823352005626 0.987730886514634
1695209222000410 -5.34000877236784 -6.58563141429621 11.9540408548837 -0.123585441171533 -0.0817930773542859 0.0508626281546466 0.987648482145624
1695209222000490 -5.3502163702766 -6.59971768484221 11.9972585643927 -0.123932189397866 -0.0821638676704313 0.0507337063153178 0.987580883940145
1695209222000570 -5.35758010980037 -6.61460399451631 12.0404220345006 -0.124347726132726 -0.0822764745231184 0.0505172296212271 0.987530371308682
1695209222000650 -5.3687427488761 -6.63145599783779 12.0836130028024 -0.124584614138573 -0.0828344302866519 0.0510775532334706 0.987425042539792
1695209222000730 -5.38017205835221 -6.64670913781715 12.1254622541001 -0.125292217330475 -0.0834004250753715 0.0515576661980838 0.987262901374232
1695209222000850 -5.3951683239736 -6.66976092731105 12.1891048791757 -0.12626265331001 -0.0831846092692733 0.0510102731845886 0.987185907106391
1695209222000930 -5.40087951676449 -6.68682274132276 12.2330795661123 -0.126839130138941 -0.0827590418543856 0.0503034874713652 0.987184043228596
1695209223000010 -5.40633235299327 -6.70202858117891 12.2764571608369 -0.127519083468147 -0.0823336336852857 0.0495646557120162 0.987169388210438
1695209223000090 -5.41422845570033 -6.71555358529361 12.3200999513544 -0.128177720897126 -0.0819898866616456 0.0487694441000029 0.987152304192725
1695209223000170 -5.42435182503599 -6.72964712806589 12.3614274288411 -0.128779048203306 -0.0821017162883366 0.0483300253300731 0.98708635568422
1695209223000250 -5.43503262022065 -6.74261298161654 12.4036317593559 -0.12944177249302 -0.0823421741359891 0.0483466440967702 0.98697882241566
1695209223000330 -5.44588108785296 -6.75605858469934 12.4461847126041 -0.129928284154822 -0.0829899274620614 0.0491213262128767 0.986822379269701
1695209223000410 -5.45651165435568 -6.76701550686736 12.4883747684118 -0.130716268882925 -0.0837352792206976 0.0493533025554818 0.98664376123808
1695209223000530 -5.46693526126561 -6.78875015172131 12.5512324287583 -0.131542970267798 -0.0841098313635937 0.0496666909602059 0.986486291364546
1695209223000610 -5.47607266677746 -6.80311857607546 12.5929742518012 -0.132038268024624 -0.0841976587864737 0.0492021028854037 0.986435909273171
1695209223000690 -5.48517110606534 -6.8171243576264 12.6348680901504 -0.132478953576994 -0.0841743271142403 0.0481634387658655 0.986430074906608
1695209223000770 -5.49311409613207 -6.83136777788182 12.6776468248995 -0.132709477049663 -0.0838565711081969 0.0467090739051705 0.986496088485962
1695209223000850 -5.50291005372709 -6.84524414599733 12.7192001526588 -0.133269403025586 -0.0838385778661164 0.0456189758219143 0.986473146174568
1695209223000930 -5.51044423028214 -6.85847837438124 12.7607208876576 -0.133891137343749 -0.0838131280532928 0.0455540533432748 0.986394115519105
1695209224000010 -5.52166308368826 -6.87153694605575 12.8004437385402 -0.134436164294533 -0.0843213901540185 0.0457968162451605 0.986265416870162
1695209224000090 -5.52972147904229 -6.88541171062833 12.8405003069937 -0.134779580337957 -0.0846624139054468 0.0464325423267558 0.986159601387474
1695209224000210 -5.54238089455505 -6.90597901877446 12.8996447104987 -0.135217893199501 -0.0847344387380774 0.0476639971527553 0.986034654373696
1695209224000330 -5.55418477102851 -6.92702620456452 12.9634407716674 -0.135689285604082 -0.0847172806855007 0.047782987209553 0.985965611093429
1695209224000450 -5.567324967132 -6.94497069194581 13.0250290465278 -0.136403448500416 -0.0847634203036867 0.0473645449517187 0.985883290099356
1695209224000570 -5.58130894987345 -6.96653816985313 13.086873315542 -0.137033410638078 -0.08478444355959 0.0464612614244918 0.985837103017548
1695209224000650 -5.58627659055569 -6.97176992594529 13.1125684314349 -0.136704503222531 -0.0855721292790419 0.0459884954163898 0.985836876860806
1695209224000850 -5.60920250317838 -7.01467396902474 13.2364270726713 -0.138632383083475 -0.0859764805504257 0.0467272922260274 0.985497674940932
1695209224000930 -5.62003065833218 -7.02917664609994 13.2800984664047 -0.138799489033212 -0.0858684298247427 0.0457674569125878 0.985528616779496
1695209225000010 -5.63317413687663 -7.04346752767586 13.3222515964706 -0.139238560630341 -0.0859677368755455 0.0454681441794862 0.985471876470841
1695209225000170 -5.64543452070122 -7.07503920386413 13.4065508920315 -0.140382104961859 -0.0867351661875132 0.0457252404741176 0.985230469451938
1695209225000290 -5.65956275497526 -7.09808378045973 13.4675979123035 -0.141262856936763 -0.0871878504839564 0.0454887851728682 0.985075557711969
1695209225000370 -5.66635494372658 -7.11391805043065 13.5094307386043 -0.141791387197624 -0.0875737251977565 0.0457698285167395 0.984952368375806
1695209225000570 -5.67754387531395 -7.15066619802521 13.6169364545973 -0.143091593185636 -0.0883389084176907 0.0456875741369073 0.984699791199659
1695209225000810 -5.69478934361601 -7.19640696998871 13.7484776982065 -0.144859348551073 -0.0884939775449523 0.0446498369306058 0.984474975374033
1695209226000010 -5.70163596347576 -7.23618289851371 13.8579849701929 -0.146342197424444 -0.0893830393427759 0.0449061468072126 0.984163640615605
1695209226000210 -5.71066916372408 -7.2733350624949 13.9691397919365 -0.147766575380636 -0.0904256757964622 0.044102286986869 0.983891876498409
1695209226000410 -5.72253925952164 -7.29400373130297 14.0947660153327 -0.148970039223545 -0.0910980454383583 0.043270443976773 0.983685286160721
1695209226000610 -5.74251921301486 -7.31739883750728 14.2204870985138 -0.150273275489697 -0.0912884896521208 0.0425267783120979 0.983501818736003
1695209226000850 -5.75950195721003 -7.36066449225059 14.3708455082913 -0.152061682947809 -0.0920558585537574 0.0417201353105503 0.983189907288861
1695209227000050 -5.77998286252006 -7.40769709123605 14.4949386982428 -0.153484774370213 -0.0929289351636811 0.0417380128816142 0.982885840434464
1695209227000250 -5.79801748779918 -7.44578124317326 14.6199347233851 -0.155055046405303 -0.0935543716155208 0.0414510349243667 0.982592145215691
1695209227000410 -5.81989869182924 -7.47478179413069 14.7215634075243 -0.156216450074458 -0.0931331655982133 0.0396194083075348 0.982523758835964
1695209227000570 -5.83103048248991 -7.50867507668149 14.8194127628456 -0.157351624265699 -0.0942897959695495 0.0400724469114263 0.982213876767936
1695209227000650 -5.83795614648847 -7.52648881585974 14.8718426296771 -0.158005890274179 -0.0945270343547698 0.0398609186622379 0.982094641864092
1695209227000810 -5.84371194955872 -7.55512020533398 14.9746264640175 -0.159363911410064 -0.0957783197126238 0.0411061652047928 0.981702572266808
1695209227000970 -5.86477190338063 -7.57952164368101 15.0708429289074 -0.160651526797204 -0.096062882838675 0.0404097695088498 0.981493790100932
1695209228000250 -5.8996371623599 -7.63080553855327 15.2375222376885 -0.162805626948591 -0.0964524451730154 0.0388712100646719 0.981162719777984
1695209228000450 -5.91425906536109 -7.66718069943325 15.3570746421661 -0.164334103365579 -0.0970555588032429 0.0386375443909711 0.980857615120491
1695209228000690 -5.93865108357122 -7.70441143805329 15.5032335549592 -0.165760172642343 -0.098323979003007 0.0382206995619563 0.980507592241688
1695209228000850 -5.95511459116772 -7.72303380774847 15.6015605545646 -0.167207295929188 -0.0981852675706096 0.0380394827891476 0.980282801628832
1695209228000930 -5.97035749151884 -7.73734317020011 15.6469890165801 -0.167349628860909 -0.0982497803109193 0.0370075927646578 0.980291548707188
1695209229000090 -5.98759039070837 -7.76322879581513 15.7424091264654 -0.168481171746888 -0.0984969606022061 0.0363180179436421 0.980098691505895
1695209229000210 -6.00371712768554 -7.78206416121981 15.8131741634903 -0.169230274141062 -0.0991401147897048 0.0359486021692785 0.979918389436437
1695209229000370 -6.01583510443358 -7.81073641377432 15.9071219723168 -0.170144943343017 -0.099748236775474 0.0358401974579793 0.979702234233014
1695209229000490 -6.02466360029548 -7.83463565264047 15.9773321414228 -0.170528545683418 -0.100046411936291 0.0357527462824158 0.97960832565829
1695209229000610 -6.03278554498907 -7.85257490426791 16.0486655958094 -0.171239265239239 -0.100041748001865 0.035056918512157 0.979509966851532
1695209229000730 -6.04600794176575 -7.86977964161055 16.1187196575231 -0.171960016272506 -0.100377202674876 0.0351423614329712 0.979346304643889
1695209229000810 -6.05618787178953 -7.88139157513436 16.1655614534628 -0.172551870689077 -0.100591306125074 0.0347250866788224 0.97923511446889
1695209229000930 -6.07002347162477 -7.89644914419297 16.2331535080332 -0.173413690084489 -0.10096984286747 0.0338977525884241 0.979072890694076
1695209230000010 -6.07779557267376 -7.90467189006197 16.2810947242965 -0.173930778107955 -0.101240771769043 0.0337324727653578 0.978958891291919
1695209230000130 -6.09042851618544 -7.92037292718536 16.3516875941432 -0.17475422611704 -0.101619065946359 0.0343157943371415 0.978752753329172
1695209230000210 -6.09470428739315 -7.93114979865016 16.3975781628987 -0.175465030927445 -0.101741462629756 0.034333031227877 0.978612252462789
1695209230000290 -6.10141780457996 -7.94161077723032 16.4422337216316 -0.175894040786041 -0.102087936762915 0.03469485102705 0.978486385646556
1695209230000370 -6.10757015599607 -7.95300173380121 16.4868242792001 -0.176293311493715 -0.102398852411557 0.034342350727182 0.978394473765008
1695209230000450 -6.11638488990578 -7.9628787934236 16.5321988239587 -0.176660784229775 -0.102276940528212 0.0338807956090227 0.978357034236689
1695209230000530 -6.12628044942934 -7.9714847010376 16.5780722756197 -0.17699648950819 -0.101748854310921 0.032772422139518 0.978389177012553
1695209230000610 -6.13406629825156 -7.98244038929815 16.6225359252798 -0.17725539526709 -0.100986643290009 0.0314256301929895 0.978465457996703
1695209230000690 -6.13912925250066 -7.9918132369209 16.6664249361949 -0.177790124622223 -0.100776601237912 0.03111314695773 0.978400081927703
1695209230000770 -6.14330274567223 -8.00191616491519 16.7104988694167 -0.178367345099199 -0.101273070312213 0.031879660432711 0.978219066816067
1695209230000850 -6.14990495988658 -8.01252948730107 16.753862978938 -0.17812782912728 -0.101923587029373 0.0341328421633834 0.978119117481771
1695209230000930 -6.15773735033082 -8.02237030736762 16.7968571708489 -0.178294805830832 -0.101821478440409 0.034743329316648 0.978077834228928
1695209231000010 -6.16545560488679 -8.03297509173112 16.8389590473094 -0.177803964746243 -0.101192835695213 0.03435083884182 0.978246277782513
1695209231000130 -6.17659951942776 -8.045327575894 16.9021752018591 -0.177707232883031 -0.100152981755989 0.0333665729404379 0.978404922021885
1695209231000210 -6.17713441309977 -8.05222926813646 16.9463410770282 -0.177756397371142 -0.0992607324864259 0.0332558001383678 0.978490685666986
1695209231000330 -6.18601632527466 -8.06760099989649 17.0133610384993 -0.177931439123187 -0.0988581800587947 0.0332570642079308 0.978499581444614
1695209231000450 -6.19170859380698 -8.08178517781831 17.078003082747 -0.178267766295346 -0.0989998205103012 0.0343434070769283 0.97838651331125
1695209231000570 -6.20024034286524 -8.0948266456213 17.1387885185801 -0.178804783958221 -0.0997607254852894 0.0358795631268514 0.978156073351349
1695209231000690 -6.21081562507591 -8.10563297611285 17.1996414593741 -0.178729229548181 -0.0990400945850217 0.0361130961485588 0.978234515060815
1695209231000810 -6.22719710197243 -8.12135257277238 17.2604270837826 -0.178977092899648 -0.0989662697934652 0.0354073868408445 0.978222466833317
1695209231000930 -6.23476019680925 -8.13230204518083 17.3216640866731 -0.179386735922986 -0.0994571029316603 0.0368636073923356 0.978043842627396
1695209232000050 -6.24640260259743 -8.1456973829492 17.3830786747834 -0.179656475344562 -0.0992368636901212 0.0364569124711633 0.978031946965326
1695209232000130 -6.2529222489723 -8.15510547004403 17.4254645369245 -0.179923473876653 -0.0989664941396712 0.0367229804566004 0.97800030638658
1695209232000210 -6.25967719897949 -8.16359990129834 17.4663039458102 -0.180273354358506 -0.0985753087564123 0.0360454925804958 0.978000587257768
1695209232000290 -6.26680343921877 -8.17376030900684 17.5070753706737 -0.180471954141113 -0.0985707252375763 0.0363908357982495 0.97795163119887
1695209232000410 -6.27938508021485 -8.18865024365831 17.5672600817638 -0.180776006155621 -0.0986572859073431 0.0365495938086927 0.977880822354258
1695209232000490 -6.28874578122161 -8.19643624053594 17.6068946837502 -0.181036598416643 -0.0988663688788652 0.0369099864749165 0.977797956654063
1695209232000570 -6.29496237117819 -8.20377902697576 17.6467231770268 -0.180803344799394 -0.0984296377484146 0.0371305760852344 0.977876821098468
1695209232000650 -6.30035508089093 -8.21286038655937 17.6860008283825 -0.180713573069157 -0.098025368413244 0.0372878695085346 0.97792803745651
1695209232000730 -6.30547904618138 -8.22085992656618 17.7247471782763 -0.180862282460438 -0.0972458243535038 0.0371878190448298 0.977982183142258
1695209232000810 -6.30993707113965 -8.22735490884072 17.7642976217478 -0.181568339218508 -0.0971211945669729 0.0364509662580938 0.977891475992182
1695209232000930 -6.31786907356407 -8.24007676820456 17.8224928906929 -0.181800191396696 -0.0968786998353505 0.0367941743125093 0.97785959966807
1695209233000050 -6.3217262919689 -8.25308898062305 17.8811519298152 -0.181999186320986 -0.0965182345234709 0.0367916437261346 0.977858323856222
1695209233000170 -6.32830268154498 -8.26810893438872 17.9400756457279 -0.182005290089043 -0.0963386875341561 0.0369650784403884 0.977868352407263
1695209233000290 -6.33999671874315 -8.27787599441325 17.998439508843 -0.182514328845581 -0.0963280659345277 0.0369886772384539 0.977773624739137
1695209233000410 -6.34675990570787 -8.28935935738884 18.0558755272705 -0.182875413506078 -0.0966295897970511 0.0379065274100949 0.977641243345606
1695209233000570 -6.35627796111307 -8.30494359931841 18.1334743177068 -0.183081481374999 -0.0966341555646872 0.038462713276262 0.977580498395536
1695209233000730 -6.36703281639952 -8.3199268906281 18.2124287747348 -0.18349213239551 -0.0946048681379623 0.0358093491320996 0.977802764768173
1695209233000850 -6.37714442522339 -8.33179902994033 18.2730688313029 -0.183703743995969 -0.0936663273975015 0.0342967030731897 0.977907607963062
1695209233000970 -6.38288549488106 -8.3461664620177 18.333802888023 -0.183736600407711 -0.0942382994404756 0.0366618116916504 0.977760664044464
1695209234000090 -6.38679438496685 -8.35869893547143 18.3946658881703 -0.184002541121009 -0.0946628614542022 0.0383563022911439 0.977604624373711
1695209234000210 -6.39449273860531 -8.37244867890752 18.4549785627089 -0.18403682206028 -0.094796866839002 0.0396635278822942 0.977533020782107
1695209234000330 -6.39955916929798 -8.38525486360381 18.5148810190111 -0.184251852167377 -0.0938602328733143 0.039001680002252 0.977609523590508
1695209234000490 -6.40714637448512 -8.39941568691588 18.5945530971499 -0.184494838137467 -0.0915714999996928 0.0360659669223419 0.977893430348314
1695209234000650 -6.41370819923281 -8.41524143393835 18.6723963515278 -0.184599479620604 -0.0913948966845664 0.0362593960208595 0.97788305087266
1695209234000770 -6.41228713555469 -8.42658087209795 18.7338230178737 -0.184482167459245 -0.0910393514969281 0.0380643852496017 0.977869760726922
1695209234000930 -6.41543866702818 -8.44842968326449 18.8152785396207 -0.18497977803963 -0.091241714298145 0.0385450244920756 0.977738059183159
1695209235000130 -6.4116555929939 -8.47546179498471 18.9133422342915 -0.185324195857729 -0.0913381411049773 0.0395794572485983 0.977622500238758
1695209235000330 -6.41023889304845 -8.48996070936465 19.0134749823775 -0.186041219715041 -0.0903072487905597 0.0365503443597053 0.977700024399103
1695209235000410 -6.40700969114262 -8.49358086781702 19.0547755770483 -0.186383382838324 -0.0903667124374338 0.0370553180904936 0.977610349416476
1695209235000610 -6.39652658028949 -8.50846728010853 19.1566292203931 -0.186652610407706 -0.0899612363942175 0.0375955761570283 0.977575752373101
1695209235000810 -6.40038878940357 -8.52341954145334 19.2706425185644 -0.187680609788483 -0.0885055076045163 0.0388360603631078 0.977463310947558
1695209235000970 -6.38693122051565 -8.53570044847762 19.3496949733276 -0.188356768028247 -0.0859411038894054 0.0384617681822218 0.977576875232081
1695209236000170 -6.37043376832095 -8.56611890045868 19.4524805655654 -0.18895951225853 -0.0819264464868731 0.0372737316777397 0.977851230515086
1695209236000370 -6.34582570869651 -8.55978678709929 19.5619178087224 -0.185785501808747 -0.0759241927796705 0.0391137318757779 0.978871483008458
1695209236000570 -6.31121641777237 -8.55829026554173 19.6728063465722 -0.182300483148724 -0.0672786010617514 0.0409943939283882 0.980081416694225
1695209236000770 -6.27471274647524 -8.53284877102904 19.7903837602019 -0.174774779272666 -0.0580980537327212 0.0474503392090013 0.98174684007213
1695209236000930 -6.23858857777063 -8.50868499208692 19.8862937158564 -0.169511973656587 -0.0495630394698431 0.0514947501887773 0.982933103831871
1695209237000090 -6.19505200384181 -8.49614794882462 19.9983857860323 -0.160860385541407 -0.0388127428119247 0.0560937765059725 0.984617182257238
1695209237000250 -6.14798614230853 -8.48237265397247 20.0794210718576 -0.151971811760543 -0.02591996661586 0.0603674621498333 0.986199013016358
1695209237000370 -6.10827588378095 -8.46277989542019 20.1576130980881 -0.143669477691741 -0.0169706329748746 0.0673463489360691 0.987185670520594
1695209237000450 -6.08286209918698 -8.44502541414262 20.2115944705892 -0.13681214743344 -0.0108906941735024 0.0731519131580493 0.987832286725023
1695209237000570 -6.0405525203981 -8.42497611180779 20.3089706814524 -0.127307153912409 -0.0014101212592074 0.0812803453954539 0.988526380818009
1695209237000690 -5.99475436060071 -8.39155177038261 20.3690207121647 -0.117252432225822 0.00947596379482262 0.0882692719533691 0.98912618450636
1695209237000810 -5.94698955281558 -8.35633292175238 20.4528952540482 -0.106609523543701 0.0194515456388445 0.0954116136218578 0.989521435264602
1695209237000930 -5.89698961551461 -8.32659290505052 20.5428530471756 -0.0972489837916591 0.0302840946163081 0.104028941786441 0.989344979284553
1695209238000010 -5.86204945340976 -8.30128647268431 20.5954703508754 -0.0878929413936347 0.0370244510563952 0.109926525408698 0.989353415058905
1695209238000090 -5.823796337769 -8.28176286279175 20.6515565938625 -0.0799640457648757 0.0447376344126777 0.115005058754332 0.989129987369195
1695209238000170 -5.78826892237489 -8.26947307194853 20.7184378865301 -0.0735767781027001 0.0534538809427295 0.120367204519694 0.98855494354755
1695209238000250 -5.75120830545063 -8.24683612016709 20.7629123645839 -0.0637891426793662 0.0609753302774175 0.126891261560581 0.987983583929083
1695209238000330 -5.70918342802898 -8.22528883517338 20.8164904915115 -0.0551558041109377 0.0688057054788478 0.134074060783068 0.9870398970617
1695209238000410 -5.67113411648352 -8.21165001235635 20.8992449629992 -0.0455135181344318 0.0764235515650753 0.142186444466478 0.985835166467086
1695209238000490 -5.62644888022042 -8.18503626101467 20.9311775811365 -0.0356836260945325 0.0859116153978445 0.148986189101077 0.984453649810704
1695209238000570 -5.58928933067124 -8.16270111910828 20.9939065511284 -0.0241836685147952 0.0950643566681504 0.157298905039404 0.982667274687542
1695209238000650 -5.55145629628545 -8.14022872988495 21.0553737741841 -0.0129913333770274 0.104018581654018 0.165473430435141 0.980627301143406
1695209238000730 -5.51866160334679 -8.12465479414983 21.151691758288 -0.00169676082410767 0.112526169773645 0.174505675570795 0.978203839346564
1695209238000810 -5.47629706769503 -8.10024586215059 21.1760115784943 0.00771953312696697 0.1211867358516 0.182427583282243 0.975691734473413
1695209238000890 -5.43976516865438 -8.08006956458724 21.2317987527096 0.0187637872496637 0.129559757911232 0.191264575105225 0.972769269522763
1695209238000970 -5.40317196148203 -8.06361734931937 21.2889075026127 0.0288242695776408 0.137955692491087 0.201011328032271 0.96939766576742
1695209239000050 -5.3662703182024 -8.04718007512569 21.3440709963367 0.0405620627828326 0.144732217055158 0.21125792043251 0.965804015038057
1695209239000130 -5.33181870853833 -8.03643036780885 21.4159829258672 0.0509963472878597 0.153710570854778 0.221819877843344 0.9615447856259
1695209239000250 -5.27444387912093 -8.00451112206716 21.489860973638 0.0678908474415297 0.163522045871579 0.237461172918915 0.95512489481932
1695209239000370 -5.22266448923757 -7.97822001395246 21.5818145160996 0.0870007349988876 0.175578211100578 0.251037314922156 0.947936406312706
1695209239000450 -5.18906555835316 -7.97187199066829 21.6206165513948 0.0924879185778441 0.183549607222748 0.259940927553473 0.943496815462646
1695209239000530 -5.16480695438065 -7.97184632013348 21.688312178366 0.0985053335063867 0.193155965555004 0.269997879407423 0.938130383985512
1695209239000650 -5.11241512383909 -7.94938811131423 21.7277025732606 0.10838486135957 0.200795174347746 0.288011539021022 0.930044823208789
1695209239000770 -5.06897812555997 -7.93879849910758 21.7902304474514 0.116897802937765 0.211132093092579 0.306306297221381 0.920833641445184
1695209239000850 -5.03965194509557 -7.93440041502783 21.8261994819891 0.119669276148424 0.218522603304523 0.317035193615606 0.915104268485423
1695209239000970 -4.99562696088278 -7.93319981643699 21.8719058936925 0.124379185560559 0.231569079874463 0.331477100620374 0.906106236160913
1695209240000090 -4.95715761078013 -7.92504405491575 21.900824896102 0.131154803568193 0.244287258781892 0.347368792987407 0.895799684280079
1695209240000210 -4.91486523847183 -7.92181026842217 21.9605935303063 0.135360241406093 0.255620359190127 0.362074586456492 0.886136462886137
1695209240000330 -4.87761703886069 -7.91670960825331 22.0054944940706 0.138191610481981 0.266158613094747 0.37876903009585 0.875555077255638
1695209240000450 -4.84208924445227 -7.90980210596932 22.050537591647 0.14134936270328 0.276317393824775 0.395760474209127 0.864316320907472
1695209240000570 -4.80679140967586 -7.90111604234487 22.0879935890207 0.1458873559636 0.28617830410299 0.412118855571394 0.852629407487925
1695209240000690 -4.77255374258035 -7.8916176383797 22.1173996055814 0.148074680221843 0.295531334161361 0.427487005809893 0.841421404214142
1695209240000810 -4.73859956331859 -7.88017363160596 22.1443435497667 0.150379759188844 0.305815466194757 0.442535718101228 0.829472704112088
1695209240000930 -4.70400339041335 -7.86660603307424 22.1688602767628 0.152418458407892 0.314600024118323 0.457264662231467 0.81774352154918
1695209241000050 -4.67092011552384 -7.85432969388739 22.1902593741944 0.153943401557238 0.325032868920404 0.469555264373771 0.806333006230823
1695209241000170 -4.63848850359831 -7.83921818160454 22.2074451781594 0.15332334366354 0.33470231513183 0.481521551730787 0.795363632404701
1695209241000330 -4.59579132717201 -7.81239382121568 22.2344901775052 0.155855872047986 0.343677411103544 0.498652246551476 0.780346539208378
1695209241000490 -4.55215077288758 -7.78001770917543 22.2302147289463 0.158224685393788 0.351592324417855 0.513629937952689 0.766506407788743
1695209241000690 -4.5070515675072 -7.74420829097891 22.2703096110397 0.153591739055128 0.363456845730683 0.529440012169214 0.751000647469619
1695209241000770 -4.48783070127316 -7.7248246874052 22.2762324427071 0.151467089162456 0.366198957647066 0.535935988218061 0.745472106018451
1695209241000850 -4.47255533479227 -7.68982819225331 22.2784634972335 0.149581056801012 0.367936899259041 0.541476495150078 0.740979858572365
1695209242000050 -4.44041684146982 -7.62104571156168 22.2811848503958 0.147413083651159 0.373871881348166 0.552347153607831 0.73034363213967
1695209242000370 -4.40647273180263 -7.54330724609905 22.2839179511426 0.144369367050761 0.386118974237322 0.562731207805614 0.716521605642786
1695209242000730 -4.38634068370625 -7.45340096407086 22.3001172768301 0.143873332209201 0.394317924817631 0.570109372519995 0.706250056149659
1695209242000850 -4.38362080866101 -7.40344721866565 22.300729361265 0.146608234049448 0.395136026327619 0.571061965778822 0.704458499592239
1695209243000290 -4.3801313201063 -7.26726615195564 22.3371007143281 0.14691471748054 0.396315769080389 0.577797616066091 0.698211853117787
1695209243000690 -4.39523656253795 -7.1293616905414 22.3869215112019 0.149973163067601 0.394675060849934 0.582640376287796 0.694456505925184
1695209244000210 -4.41107492221539 -6.9538269762676 22.4765990653973 0.15409993763535 0.390056491215553 0.588392074271885 0.691305945161345
1695209244000730 -4.43051367018981 -6.78617823866434 22.5505837850359 0.157830458013285 0.386350620622116 0.593781053846322 0.687929360153623
1695209245000170 -4.44296366985419 -6.64805750400887 22.6353992070899 0.160753620937691 0.382472293650898 0.598548490653862 0.68528309645053
1695209245000610 -4.46295618627307 -6.4756820297515 22.7091494130845 0.163490933417273 0.376971028785859 0.606336676578908 0.680822585393379
1695209245000850 -4.48384226860476 -6.33722330385875 22.7865831533117 0.165820538866735 0.374324173913004 0.610608040923323 0.677895848987198
1695209246000490 -4.49068981645224 -6.29422168498291 22.8238896403819 0.157312828310623 0.379290765531722 0.606020239913235 0.681271354195065
1695209246000890 -4.50022403279197 -6.23126936221352 22.8555415912629 0.149900243698517 0.384093607154943 0.601543028521857 0.68421341898459
1695209246000930 -4.50397150088388 -6.20345335718816 22.8700418369568 0.14951609398396 0.384237865509908 0.602011297467892 0.683804502814361
1695209247000050 -4.50070736846721 -6.19255032134272 22.8671042664177 0.14600028671183 0.387344931136944 0.601991327418434 0.682828135269463
1695209247000290 -4.49086533465683 -6.16568697488754 22.8588973927225 0.136774661832325 0.39289211293209 0.601512864547609 0.681990288244738
1695209247000370 -4.48989289249045 -6.15878189051688 22.8578259714782 0.134409362253915 0.395568023071685 0.600952560380899 0.681407427779662
1695209247000410 -4.48906600707239 -6.15541655161371 22.8570651328295 0.133663832435022 0.396415003282402 0.601014361028756 0.68100724145092
1695209247000490 -4.4875805956466 -6.14763054786786 22.855018422836 0.131637372012052 0.398038591693342 0.600841441166743 0.680607408414876
1695209247000610 -4.48577506560799 -6.1391358641355 22.8514142725551 0.128820137030694 0.40114615257763 0.600151113073944 0.679930715620102
1695209247000690 -4.4847048595698 -6.13394823481262 22.8492650097059 0.127683922670606 0.4027807713577 0.600255329464999 0.679086154743865
1695209247000930 -4.4809829591662 -6.11801322353257 22.8434040421363 0.122350367316688 0.409260851449488 0.599748122954773 0.676637371197112
1695209248000050 -4.47943235593611 -6.11053973727498 22.8414496898359 0.120890272110015 0.411891149912864 0.600042331086086 0.675041053297798
1695209248000130 -4.47827865705976 -6.10513630709382 22.8400723133944 0.119353247403441 0.414213186223415 0.600086673145374 0.673853265486053
1695209248000250 -4.47614686813575 -6.09776714929457 22.8377842418802 0.118399958301755 0.416867791012498 0.60113465633476 0.67144606607217
1695209248000410 -4.47350435248656 -6.08971447822958 22.8346771532249 0.11606145846489 0.421400258959268 0.601731049428725 0.66848433322066
1695209248000850 -4.46598668575908 -6.06920004411339 22.8272118566301 0.107167547977481 0.435018342499038 0.602626046211966 0.66039079852525
1695209248000970 -4.46398852707182 -6.06460693468827 22.8254584218477 0.105500563175226 0.439134548472839 0.603396845366011 0.6572234981417
1695209249000370 -4.45587465312862 -6.04825747934926 22.8203128105493 0.0989144426923449 0.453507335547976 0.606453702605795 0.645570241125441
1695209249000490 -4.4530705171211 -6.04378423491813 22.8186971875569 0.0957884617355649 0.458537221413867 0.607315141064156 0.641666974848019
1695209249000650 -4.45000078392895 -6.03835835987209 22.8169375469588 0.093784953866727 0.464878389833139 0.609107128913234 0.635673635288928
1695209249000770 -4.44758442118929 -6.03410562076698 22.8154809418139 0.0926437856161175 0.46965493266598 0.610854165337459 0.630633460814684
1695209249000930 -4.44414167810955 -6.02842246780404 22.8133984810938 0.0903666197712 0.47598742269317 0.612892992218744 0.624205116574829
1695209250000050 -4.44159877613381 -6.02448968872128 22.8120093470142 0.0877688581892415 0.480774495769793 0.614211124465997 0.619594388557284
1695209250000210 -4.43805416257727 -6.01958183378617 22.8100903665366 0.0839874209329151 0.48707993100854 0.615946346952284 0.61344058523209
1695209250000330 -4.43545126591909 -6.01557003339777 22.8085318825627 0.0818614691482563 0.491539745503502 0.61735123883968 0.60874036038557
1695209250000490 -4.43225053131231 -6.01069856056228 22.8068706488491 0.0804000257566567 0.497024269964781 0.619530248755073 0.602233328371806
