1703154411000670 1.35141684882325e-05 4.03498759119261e-05 6.54768720889837e-05 0.000105002805945169 2.37134406444708e-05 -5.93852667323766e-05 0.999999992442737
1703154411000990 -0.0203350889703033 -0.0222525480203789 0.0388412682999917 -0.000621535521997223 -0.0162411778400023 -0.00793523378370207 0.99983642157143
1703154412000310 -0.0508000679834949 -0.0443812859263582 0.0784916287168402 0.000105604546784684 -0.0372363216314691 -0.0202176072484032 0.999101943525378
1703154412000590 -0.0883154086947422 -0.0634710491592389 0.109680427191689 0.000667400494219773 -0.0592264110813221 -0.0353286208151603 0.997619003106048
1703154412000910 -0.137328564918953 -0.0824744809350745 0.142033870328819 0.00143219490918702 -0.0885245741465479 -0.0539984191789764 0.994608224034009
1703154413000150 -0.17715801863986 -0.0951037547984948 0.165496911086149 0.00159334653121833 -0.111162815595672 -0.0685243809140105 0.991435675621987
1703154413000350 -0.21184465820917 -0.104297257300396 0.182829957302156 0.00193929848614893 -0.130863841657778 -0.080527152867953 0.988122599538605
1703154413000550 -0.247431179235205 -0.112100920195905 0.199386398229563 0.00166881088504843 -0.151687401259255 -0.0919323340951603 0.984142567577106
1703154413000750 -0.282753757634971 -0.118802196371813 0.213438130142346 0.00193698034600838 -0.172692462640319 -0.10360957545467 0.979509375824685
1703154414000030 -0.333886528869657 -0.126475152401345 0.227520250028326 0.00306655971345677 -0.201389471533924 -0.121640062452337 0.971924159681918
1703154414000310 -0.384900558896577 -0.130844434855756 0.237672517340581 0.00444298645921961 -0.230135812633301 -0.140181873541198 0.962998862899335
1703154414000630 -0.44242634871313 -0.131865604588448 0.243701837163436 0.0047135420105392 -0.263997597474902 -0.160755280307878 0.951020920328428
1703154414000950 -0.498653829172032 -0.126822850512982 0.246400408198598 0.00497557932658681 -0.296907262106347 -0.18174598273927 0.937437848114217
1703154415000230 -0.545003937235145 -0.120538659931726 0.242008015721592 0.00557903620599949 -0.326366430527898 -0.199163370687209 0.92400637398018
1703154415000550 -0.593556829348129 -0.109403328830772 0.230265643132605 0.0056803983426658 -0.359472626917277 -0.217649135148597 0.907400692936108
1703154415000950 -0.649638830974623 -0.0891530336300304 0.209435950182277 0.00778195528165515 -0.396675952134328 -0.241693447730694 0.885534814388666
1703154416000350 -0.689704334547096 -0.0690629044664151 0.18968149222614 0.00869629431061679 -0.428854110311016 -0.261964110515219 0.864513349426474
1703154416000910 -0.728523105700731 -0.0419885609068336 0.166658244240113 0.010037124477694 -0.466375507023241 -0.286270162652671 0.836924450924842
1703154417000550 -0.755060687644298 -0.0121023958972824 0.150547352726693 0.0107868333296882 -0.498861683147385 -0.307060807431776 0.810391464573401
1703154418000470 -0.774210835703554 0.0224245972989648 0.13753232815235 0.0122208175332228 -0.528022841773953 -0.327973486001814 0.783247038081598
1703154419000550 -0.787514982280625 0.0482723113083485 0.130590113892145 0.0110271720068521 -0.55363351633079 -0.342549523820713 0.758965186818828
1703154420000750 -0.795483064859593 0.0731191233394539 0.118255900296327 0.0148462954536489 -0.581620389859746 -0.358299105932531 0.730150025884167
1703154421000230 -0.799593963177131 0.0928701219799874 0.115783427884093 0.0139179785553942 -0.600649899726187 -0.37115603908067 0.70800365993814
1703154421000350 -0.800610825923702 0.100764309333606 0.123657817844848 0.0134552313170991 -0.607817559818085 -0.374814362664164 0.699922113000903
1703154421000550 -0.797701041441681 0.126698830679197 0.0747335758186813 0.0112386272751313 -0.619611267981477 -0.381815819789736 0.685691074468415
1703154421000590 -0.803273717906 0.129397432275056 0.0646544544833049 0.011210886414915 -0.621277424827467 -0.384571874436369 0.682636909944108
1703154421000790 -0.819959611049169 0.139403279361964 0.0481414555267716 0.0122252360599099 -0.637517995270764 -0.395137235716804 0.661277486581321
1703154422000030 -0.83817423124451 0.156638308664092 0.0276416292265131 0.0129124177601648 -0.658324366123898 -0.408071010849073 0.63239255889026
1703154422000230 -0.855579253256342 0.172101467527 0.00672022017524454 0.01281951427151 -0.678389810042976 -0.418987943639949 0.603383815467455
1703154422000350 -0.862699710783426 0.185451999005235 -0.00965278320525098 0.0126753909879389 -0.690935143734615 -0.425251923634842 0.58447306444403
1703154422000510 -0.872756165655495 0.198568448059585 -0.0290445535532018 0.0124917960622976 -0.707749178384308 -0.434667296067384 0.556775895003497
1703154422000670 -0.880881383198486 0.211809571864213 -0.0486597205015871 0.0133064182164997 -0.723631822621751 -0.44454360131274 0.527788699249302
1703154422000790 -0.883739361971585 0.221815090974585 -0.0628159151106815 0.0136109645667096 -0.735045188907128 -0.451224302955677 0.505885303532541
1703154422000950 -0.886327418598103 0.233619786134295 -0.0798102248985333 -0.0150557549887798 0.748870034778095 0.460775785097214 -0.476080530079963
1703154423000070 -0.886140006912625 0.243070392046055 -0.0936437233242182 -0.0162595847746601 0.759121907549193 0.466869756622485 -0.453323489059515
1703154423000230 -0.883393882668511 0.25535265125064 -0.111171881756965 -0.0170978794939143 0.771555940299308 0.474947843532078 -0.422887265627484
1703154423000350 -0.878668026162124 0.267223342409477 -0.126882698649338 -0.0173052689828109 0.780406742661422 0.479897194390919 -0.40045539887701
1703154423000550 -0.869078156987643 0.285247531247287 -0.146746794418839 -0.0168391088251713 0.792172940193941 0.489569014995871 -0.364006396639445
1703154423000790 -0.851562100695649 0.306343990845153 -0.167274689238046 -0.0154034738301032 0.805230118074909 0.497121373649119 -0.322858374214216
1703154424000030 -0.83203017848496 0.323276114221788 -0.182561057082902 -0.0154714167802336 0.815175903852986 0.504521275567559 -0.284090062374528
1703154424000270 -0.813461378357939 0.335290848513532 -0.194740617277503 -0.0188810163412823 0.823794068185343 0.509202800917414 -0.248433789936924
1703154424000390 -0.803369681805877 0.347304830482055 -0.205325751365695 -0.0181197998411556 0.828058313231039 0.509524979888736 -0.23318532889542
1703154424000670 -0.777103227861911 0.359225703710307 -0.214279454218882 -0.0170457738742164 0.835244758657437 0.512249348750397 -0.199188954094105
1703154424000990 -0.749813018533837 0.375129959523243 -0.225519059930257 -0.0142828423570182 0.84020665079847 0.515178459796306 -0.168641450806524
1703154425000790 -0.711017978603 0.39001781473747 -0.229062218384593 -0.0160515408886504 0.844670791468134 0.520614489125426 -0.123426722343129
1703154435000390 -0.64505302942243 0.383874273674202 -0.249587692243013 -0.0118413048222703 0.84441404367521 0.528141407251487 -0.088833328715106
1703154435000830 -0.601830036134222 0.383721854090419 -0.244402026345325 -0.00904993865038223 0.845921134948996 0.531945828148409 -0.0370022698294427
1703154436000110 -0.555157764231799 0.368310901225997 -0.232298170134065 -0.00488444182975292 0.84390494269154 0.536189243684901 0.0173690784272934
1703154436000310 -0.521012537841899 0.349829422808532 -0.218010553659954 -0.00476042050552852 0.840034009967452 0.538458682039017 0.0662000621708093
1703154436000510 -0.497357741522953 0.32315653414722 -0.191550303932683 -0.00310169957982218 0.832093699982854 0.541155542183847 0.121495403502631
1703154436000710 -0.462485528536469 0.287102044620579 -0.163713011430194 0.000124553746222201 0.821451843170798 0.542420864632467 0.176058113840373
1703154436000870 -0.452344532700568 0.258456066758255 -0.134245873407674 0.000651921929389354 0.811007006152625 0.541077992166657 0.222490038792871
1703154437000030 -0.444689442165856 0.231538346411166 -0.113634931491136 0.00192850558166882 0.798900503655804 0.539090207458714 0.266713356146341
1703154437000230 -0.450644711218041 0.18496321665232 -0.0766429564202857 0.00589726569324784 0.780250536040177 0.534056632324958 0.325511653763863
1703154437000430 -0.458947798248522 0.143929676853836 -0.0417284688017929 0.00897748923138411 0.760987199414222 0.525877557769046 0.37982980563624
1703154437000590 -0.475671417157709 0.114598116442593 -0.00911674730555279 0.0112334808993776 0.745888679008564 0.517038464542554 0.419756016773101
1703154437000790 -0.481117378539886 0.0719602829608474 0.0196120323682844 0.0138649642508736 0.729188922928101 0.510453367292294 0.455553111355017
1703154437000990 -0.493877272025722 0.0436393500483648 0.0545555824406787 0.0162574068615511 0.71405684707322 0.503700736015918 0.485946585960857
1703154438000310 -0.522012383665395 -0.00452482676318927 0.0881045346087731 0.0198891582500425 0.692292717328087 0.49223217581602 0.527297544096335
1703154438000590 -0.550766352270581 -0.0164307211813156 0.111930742815093 0.0209045266305861 0.676676873329848 0.483891924548784 0.554544872145948
1703154439000070 -0.568022138042265 -0.0413454342087127 0.147878788894284 0.019008360881309 0.660693573956185 0.477389371884687 0.578983653621718
1703154439000430 -0.61455644051811 -0.0867550206414053 0.167856814948832 0.0272670938913443 0.645966403513124 0.471873168094771 0.599432752154272
1703154439000830 -0.652998342012759 -0.121348658627006 0.200361191839912 0.0337781302855224 0.623885913162909 0.46079224595106 0.630314137032222
1703154439000950 -0.702358808448441 -0.156385706490864 0.221500499326051 0.0391326884961041 0.61145833902377 0.458837736763061 0.643471260936735
1703154440000190 -0.748718590801493 -0.228805021740976 0.256496987510021 0.0465327029769956 0.586507719124465 0.44884003928411 0.672596477909683
1703154440000310 -0.780803094643959 -0.263452338073907 0.280903924691829 0.048982120950745 0.572013146725016 0.442853126899205 0.688681943858345
1703154440000430 -0.831004850436079 -0.247725451153306 0.301920080066908 0.0508504961972812 0.556539189690788 0.428271054775866 0.710114259127345
1703154440000550 -0.876672872199399 -0.280502538989436 0.338545605464709 0.0511059552973705 0.539739962992728 0.418484933336595 0.728655827021247
1703154440000670 -0.934051797394882 -0.311943634344744 0.374035469347944 0.0519410271757943 0.52155187336865 0.407012376365742 0.748082013262374
1703154440000790 -1.00688939767606 -0.352861934096987 0.415952371385441 0.0543303323680443 0.500488483879117 0.394006730552858 0.768972163844835
1703154440000910 -1.0910582881822 -0.423690511701702 0.469020269642288 0.0541981088698105 0.477510692132555 0.381813979301427 0.789470828532653
1703154440000990 -1.16505032506801 -0.481059843608326 0.502317142195296 0.0541504158097638 0.462314957706662 0.373068829918704 0.802590967113016
1703154441000110 -1.20289958700968 -0.561145081690188 0.567261168194108 0.0550961030489711 0.437325027976848 0.355754443316984 0.824105585100653
1703154441000150 -1.33840943038941 -0.568030679689142 0.540566282814144 0.0566063721946761 0.430052033977297 0.346837536180232 0.831597673274387
1703154441000270 -1.5788195025883 -0.669612852882076 0.555899687028354 0.0545161422716184 0.404003910126472 0.330876328685312 0.851075605307819
1703154441000430 -1.79687558199866 -0.737148338972689 0.54916195324885 0.0577144709309087 0.364190867251962 0.30739609605436 0.877235254755512
1703154441000510 -2.00016834419329 -0.761613214142345 0.499408999964983 0.0601755303631628 0.34231964169376 0.294740636763677 0.890125904294617
1703154441000710 -2.4367347196502 -0.76906950381516 0.293880310824603 0.0597681823284766 0.290969105002468 0.26907067848723 0.91616904242265
1703154441000910 -2.89434203930293 -0.783750792606842 0.0585264183148282 0.0598135948403568 0.24354046270912 0.236962189007151 0.938594320181323
1703154442000110 -3.24489733788604 -0.781387249536229 -0.311738443715447 0.0614429456283883 0.19573403021414 0.212478609511541 0.955387771718206
1703154442000190 -3.44594532176255 -0.73679260616418 -0.472433329733293 0.0644676449067579 0.180091737241275 0.204268600603653 0.960044388424317
1703154442000430 -3.5709769576918 -0.593457220452088 -0.816299796798806 0.0644729527701183 0.135728383007027 0.181454050479891 0.971851568899202
1703154442000710 -3.90481412977684 -0.60648035293626 -1.12620056648634 0.0653645289682803 0.101283564580233 0.158350943453945 0.979996988059618
1703154443000030 -3.9821850817032 -0.516800910099728 -1.45884484872424 0.0686131663613634 0.0655249692056795 0.141764210137715 0.985343402340774
1703154443000670 -4.02383326991277 -0.355894687186448 -1.70769423607155 0.0678638717340666 0.0459978289502366 0.131322730811638 0.987943842036227
1703154447000870 -4.00103910918169 -0.469084710512759 -1.4071454214329 0.0627831750273508 0.0574244645028287 0.135137631752657 0.987166918152311
1703154450000390 -3.9554452005737 -0.489996087068759 -1.60149926191949 0.0632427698451876 0.0491240717077639 0.13295997239713 0.987880976323217
1703154451000150 -3.94420080133843 -0.533396681370117 -1.67466601587026 0.06823756252722 0.0397663316841434 0.131406142279997 0.988177463665216
1703154451000950 -3.7140524198654 -0.412488535110338 -1.76106631520364 0.0782901001422783 -0.0186248247777101 0.0893946204851854 0.992739833969616
1703154452000150 -4.60842411433522 -0.115282762226655 -1.41250710550724 0.0808387355053512 -0.0545340857757658 0.0728105874295122 0.992567252476459
1703154452000270 -4.69753610211575 -0.884010282430856 -0.940697094719682 0.0831569902902843 -0.0765989469876155 0.0561802621000665 0.991998636307842
1703154452000470 -5.20909767114529 -1.36522209318865 -0.617237510946809 0.0862916662683769 -0.121630478077727 0.0170819162685876 0.988669804976264
1703154452000630 -5.67416535342869 -1.9391832426551 -0.193538974287362 0.0889082784150865 -0.161183860354271 -0.00724225551523253 0.982884851305387
1703154452000750 -6.18918333086029 -2.2917907638294 0.0836827918469263 0.0927067107414179 -0.193853657166061 -0.0305613462952434 0.976161989374444
1703154452000910 -6.85400560922327 -2.52940474834055 0.256914293112463 0.0966971365673442 -0.231491004610741 -0.0582668585575102 0.966264224608272
1703154453000070 -7.5777758111826 -2.72718920833596 0.356874332406824 0.102409674941546 -0.268677729434694 -0.0850219917284803 0.95398941142274
1703154453000230 -8.26433573332291 -2.82636282139174 0.406990427545534 0.106134960919732 -0.304754445738599 -0.11632827345652 0.939323070443685
1703154453000390 -8.89052977500368 -2.9387976097859 0.359311310022841 0.107803309078157 -0.338534561478347 -0.137374005298452 0.924608663113603
1703154453000590 -9.57093213353335 -2.78909417599259 0.0804335180237672 0.113567944047785 -0.377764221039774 -0.16960791382652 0.90312217941671
1703154453000830 -10.2559788962983 -2.61272392225005 -0.213997723260041 0.117928004924048 -0.415197723402936 -0.203584544990072 0.878781639075851
1703154454000110 -10.8220049221968 -2.4298458087242 -0.570963711312996 0.119229036346441 -0.454886561054838 -0.230103467682323 0.852006483322852
1703154454000470 -11.22278522232 -2.13982533385798 -0.855527498526547 0.122456406198366 -0.485324780204557 -0.263026496710277 0.824791699963511
1703154455000110 -11.5058496506197 -1.92974358521083 -1.11248385065721 0.123544312717598 -0.514072615248839 -0.288187367119976 0.79838223331861
1703154455000910 -11.7204031793495 -1.72147605899421 -1.3935627506515 0.122559700739631 -0.546991085368242 -0.309528370455587 0.768096387288336
1703154456000230 -11.9053301819214 -1.46768822366051 -1.62540735332611 0.124522520154474 -0.577575444247141 -0.337275774240555 0.732902312922759
1703154456000390 -12.0281312302586 -1.22344815334567 -1.57699346649489 0.124356382310926 -0.600891278005629 -0.354757209721246 0.705416532515432
1703154456000470 -12.0785123034221 -1.00513631446002 -1.8377135144018 0.124300637116517 -0.608352083739292 -0.361953049708674 0.695303590979566
1703154456000550 -11.9609032128224 -0.761073968785078 -2.05914279064609 0.122168905861015 -0.621182312815731 -0.372459636825917 0.678587585814188
1703154456000710 -11.9676265908897 -0.375555362226843 -2.50960610060254 0.122992317143873 -0.640551915362816 -0.394761419633802 0.647093158067147
1703154456000830 -11.8769257052285 0.0654348828589866 -2.83594161127964 0.121391522817881 -0.658621070752627 -0.406624719408532 0.621400612257948
1703154456000950 -11.8446635689688 0.3370464264179 -3.13478260900638 0.120788488389248 -0.675354131804781 -0.420430969756353 0.59375477884105
1703154457000070 -11.4767678173681 0.832115256082424 -3.47304452345078 0.119645095743306 -0.688772296978582 -0.436099688645105 0.566652305689358
1703154457000270 -10.9623552534913 1.25181600187485 -3.92895980308638 0.11981823419836 -0.708926962997078 -0.461858645048672 0.519377265466185
1703154457000510 -10.1395540985359 1.79326609498954 -4.24752990398548 -0.113513399188481 0.731767925977062 0.48842359558667 -0.461598095739242
1703154457000670 -9.58982840616416 1.98844633345879 -4.31503455182148 -0.109508113657428 0.745816672579139 0.502501129732323 -0.423388803068661
1703154457000870 -8.98849311221746 2.0029657990316 -4.36984355946066 -0.106279753939269 0.755683130956064 0.521992356579202 -0.381013909410064
1703154458000030 -8.50391992896228 1.94226438485032 -4.34152953635544 -0.103938282779026 0.763898729335573 0.533396577913854 -0.348056971431738
1703154458000190 -8.06013611611041 1.85913376557273 -4.30273052231239 -0.101533962052382 0.771491477489797 0.539992884204087 -0.320779425336957
1703154458000430 -7.59012332314056 1.74642105841324 -4.12495474857702 -0.0957661287581099 0.777465051982769 0.553911539565063 -0.282061957492989
1703154458000750 -7.05655119068644 1.68746727632779 -3.95222147504734 -0.094550927707765 0.781685525698742 0.564955420326398 -0.246684482743657
1703154459000510 -6.58917115364554 1.48157292163501 -3.6569399055365 -0.0909651041323905 0.787022638478878 0.574785190858711 -0.204799171681536
1703154460000030 -6.3240225739629 1.36841044760153 -3.4135916981876 -0.0896543148734158 0.792556236893945 0.572467346568104 -0.189994348069519
1703154460000350 -6.57909885966905 1.46767668677652 -3.55985688082502 -0.0899227989418309 0.790712957295893 0.577193720539935 -0.183123778805805
1703154467000870 -5.31798210611289 1.00587618161194 -3.36500331640313 -0.0747611150566139 0.789989907718601 0.594289324257643 -0.130946250238949
1703154468000070 -5.23597893504904 0.339939847410625 -2.88048858641955 -0.0660794410469466 0.793428701244569 0.599000748315119 -0.0854547074783284
1703154468000230 -4.86227084479493 -0.247291166111267 -2.44928007651232 -0.0581815827677596 0.792566366828393 0.605399617249012 -0.0440994448245033
1703154468000390 -4.24275419664463 -0.843763916946006 -2.14706490836461 -0.0493647718073205 0.788501495093676 0.613044349626846 -0.00226647965922354
1703154468000510 -4.302511504516 -1.61728086959437 -1.52072011333404 -0.0435710481373707 0.788126634364065 0.612619360494015 0.0406877268729428
1703154468000590 -4.14292959343764 -2.04278380370381 -1.38009161128486 -0.0335871667310332 0.782707242711111 0.617293805261462 0.0720391034395673
1703154468000670 -3.60548097335849 -2.51432839886956 -1.16248953159358 -0.0265017453759215 0.77952408429115 0.618735106737003 0.0938441644068645
1703154468000750 -3.94031461780595 -3.04562178657426 -0.805360994885523 -0.0245766504022579 0.774847887138348 0.619360662514256 0.124093149618124
1703154468000830 -3.99752318547706 -3.55175640784878 -0.484425294967502 -0.0191396006071958 0.771069510438252 0.618291425168773 0.151000660011399
1703154468000910 -3.49765169784746 -4.27975807930182 -0.250786991479111 -0.0116573036906036 0.766857560633328 0.617581147825161 0.174319003040759
1703154468000990 -4.09809308977413 -4.59725359035533 0.175411420091217 -0.00833490640882913 0.76306416451391 0.613053839708734 0.204520414111212
1703154469000070 -4.18207914046716 -5.12038914809379 0.468434150085141 -0.00495810939130538 0.756514639796346 0.612058368704918 0.230316239599692
1703154469000150 -4.30985870776732 -5.60255336115359 0.786070549161898 -0.0011649999360902 0.750125938127195 0.61026478310131 0.254728510831152
1703154469000230 -4.48945455825317 -6.05107323671148 1.10433028522918 0.00184573033686488 0.744516618778034 0.606592373351583 0.278814078257433
1703154469000310 -4.41142664654128 -6.54781316314652 1.40038738977404 -0.00272486573563321 0.738724138265205 0.604048968613899 0.299005127326503
1703154469000430 -4.7280811250896 -7.11465471626208 1.95334042110163 0.0053978454615818 0.729036953273384 0.598675680581824 0.331758064719042
1703154469000550 -4.93688846868404 -7.73853774501582 2.36076990479696 0.00700647677403482 0.719335592821664 0.594883215826668 0.358637942374816
1703154469000670 -5.10162365091376 -8.42868406376207 2.77952494490615 0.0130875734618781 0.710604217855433 0.589662476669547 0.38362550044918
1703154469000790 -5.25503606642108 -9.11161149474033 3.2300244854788 0.01522514579245 0.702118429673702 0.584084153038516 0.406993375643158
1703154469000910 -5.52760849762979 -9.66852456510725 3.67618510706661 0.0173943769339513 0.692811367742511 0.579862325490707 0.428333430698959
1703154470000070 -5.91113475127544 -10.3967743410846 4.19332757040845 0.0218080374662917 0.68092813697499 0.573449451463223 0.454991217930814
1703154470000190 -6.21410396505284 -10.8802843095595 4.5046518517903 0.025085570068579 0.674292595512904 0.56749713513001 0.471855074604519
1703154470000400 -6.80337989227794 -11.3111457189923 4.85656274491186 0.0259994665021767 0.665637050545431 0.558465246713892 0.49433583007463
1703154470000790 -7.16676432270213 -12.0752940729635 5.4729961577398 0.0290342593528074 0.650430938508499 0.553814031833054 0.519024685501185
1703154471000310 -7.33937318860731 -12.9329869659107 6.16028486685378 0.032854170077224 0.637869225931548 0.548163265248164 0.539963414270353
1703154471000590 -7.76232670125895 -14.0224465312487 6.96842609468252 0.0317245866636076 0.624479760453354 0.540421162879129 0.562995156371274
1703154471000800 -8.39610154196747 -15.0052173278638 7.85052971421091 0.0377600399265554 0.61130370742556 0.53268293109858 0.584064081748516
1703154471000960 -9.0845440103909 -15.9623788969255 8.90895879246395 0.0388497885142259 0.594939478107059 0.524958092985411 0.607418070138864
1703154472000120 -9.93823728157981 -17.036380372571 10.0348194975799 0.0354371919519641 0.579055225849178 0.513691700908114 0.63210765480371
1703154472000240 -11.0192087898987 -18.1627071460005 11.141712708076 0.0465479626186686 0.564021289958662 0.502057654232344 0.653950597121934
1703154472000360 -12.140359410475 -19.3220612422487 12.1969305196588 0.0468497317818809 0.547963462794447 0.491448176905572 0.675292407398806
1703154472000480 -13.3675071266373 -20.6388375152968 13.2789642643974 0.0548054182342013 0.532245786750858 0.480587247805077 0.694799745153433
1703154472000600 -14.9062533973301 -22.01709246359 14.3601035750903 0.0455040467331382 0.51201719680152 0.472204410989153 0.71609410425782
1703154472000720 -16.3676504095459 -23.8094006220913 15.2557764046587 0.0583190247116138 0.494257511760113 0.463031085414413 0.733423900186883
1703154472000840 -18.7338133072854 -24.9402523621062 16.3072076802333 0.0427600484044513 0.471838273152074 0.449266125626088 0.757429977367044
1703154472000960 -21.0047024556383 -26.5352452243909 17.1056942945362 0.0420831481441422 0.450741897027172 0.43783408185913 0.776763842920869
1703154473000080 -23.4923678309442 -28.720132799699 17.7873256558598 0.0709569650408909 0.431034268990544 0.421795188201005 0.794520853897776
1703154473000200 -26.40507832081 -29.0207706851675 18.1040999952152 0.0596799257290423 0.407534597643786 0.407379767070474 0.815104645778626
1703154473000320 -29.2375002772321 -30.2167143275126 18.0452456964144 0.071630786532174 0.384530722000784 0.392361077732801 0.832501014376975
1703154473000440 -32.4321712300504 -32.7116612038601 17.8522606338725 0.0805995811616229 0.359783138541431 0.382946720154091 0.84700154088471
1703154473000560 -35.8280359869956 -31.4971610253244 17.3767438674393 0.0747624563964222 0.336765273596306 0.362344098188641 0.865855923419733
1703154473000680 -39.1275458811649 -31.9270447039599 16.7999070994708 0.0720528508324972 0.314073219485064 0.346397784672687 0.881007930874094
1703154473000800 -42.2137674876092 -32.836028506046 15.5566774109566 0.0842376196315856 0.291955034078558 0.332539215783658 0.892795582135677
1703154473000920 -44.8100729129883 -31.2416804318899 14.3467302011142 0.0843628673467304 0.268356329501719 0.316496089251627 0.905923844767224
1703154474000040 -47.9962868503154 -32.1524755125638 13.0187153684252 0.0983854227716075 0.246070109231379 0.303498708650523 0.915236769244098
1703154474000200 -52.4215980684684 -32.3317444812967 12.0058119229821 0.0759844780598356 0.224607693758101 0.282772909253836 0.929417680481044
1703154474000360 -55.8446710534389 -30.449025600495 10.8338868533253 0.0943077044125696 0.19780214006319 0.263791325883672 0.939358561287109
1703154474000520 -58.4137939728413 -29.8310455487017 8.76099198095944 0.098885110974007 0.172827370991802 0.250556344035978 0.94740379623846
1703154474000720 -61.9953851495062 -29.0010224219813 6.91571263720453 0.0980278281596099 0.150541601413959 0.232804331752841 0.95578758846678
1703154474000960 -64.2987834620126 -26.5868826475794 5.57332498293604 0.100638001304176 0.130437267006734 0.214483379658885 0.962733084462883
1703154475000280 -66.9825262953709 -26.9796433756068 2.51670395639195 0.106752083533892 0.106068457312195 0.205765909080379 0.966961150039085
1703154475000800 -68.7655148839899 -25.7104666694411 0.252479455037148 0.108922648835178 0.0878544722508803 0.195490227193115 0.97067039686406
1703154476000880 -69.6849995225132 -24.1342655552056 -2.12267436471485 0.110568186322341 0.07039148682516 0.182597113767165 0.974411621851788
1703154482000400 -68.6346723568685 -26.4738941395252 -1.26530263797679 0.108109757452698 0.0860488844278928 0.196204825736749 0.970778829698014
1703154483000280 -68.5561717501383 -26.4217379303065 -1.31309550404397 0.110491917643625 0.0848396066855507 0.1957686392094 0.970705113396945
1703154484000080 -69.4273752847134 -25.4013384147426 -1.8533960321299 0.10715826746345 0.0701382827866024 0.183197659028941 0.974698078754798
1703154484000400 -69.378986620637 -22.6769234733332 -2.30807835256208 0.112209299223769 0.0449958948404239 0.161691845669109 0.979408081271202
1703154484000720 -69.2562376518007 -19.0974285303512 -3.75922649157519 0.116189039073199 0.001202613779704 0.127585180623683 0.984997808426275
1703154484000960 -70.909205407062 -16.1431148481565 -4.85544480989254 0.122099259114902 -0.0386864469869452 0.0931732145460455 0.987377274315282
1703154485000080 -70.9972143156785 -14.2029693047135 -5.61337384201535 0.125380174173734 -0.0618207988169432 0.0721786497812901 0.987546577774208
1703154485000200 -71.201146834801 -12.257353308322 -6.51525976846678 0.126223311006438 -0.0858602405804655 0.0495972041462031 0.98703384551236
1703154485000320 -71.4399468798271 -9.99624413929973 -7.44430829534345 0.128127423703979 -0.113410828429271 0.0248735462648224 0.984937893466476
1703154485000440 -71.7033629688514 -7.70587524395365 -8.6424555675883 0.130150870326571 -0.142433939540507 0.002674438148996 0.981206487545203
1703154485000560 -72.0123705650837 -5.6071195563452 -9.56505293299405 0.132203326682968 -0.168726258391019 -0.0223869777197055 0.976500155336342
1703154485000680 -71.9733756844439 -3.30226366759116 -10.6838220690198 0.13428919507871 -0.194822393224983 -0.0453963999474632 0.970540990404327
1703154485000760 -71.394320594253 -1.68602073294881 -11.1097595210879 0.13645585099523 -0.213248592694717 -0.0629553951884551 0.965371149692985
1703154485000840 -70.5761104585117 -0.239639818043454 -11.5566785160158 0.137275780625814 -0.229398597599857 -0.0792049233136278 0.960342763598328
1703154485000920 -69.7064914490972 1.30326136521138 -12.0515017329839 0.137923390203245 -0.24647937222178 -0.0944930575867418 0.954618310934747
1703154485001000 -68.4159212387285 2.59893140153274 -12.2715858836816 0.139500397437961 -0.264292547077192 -0.109052872419775 0.948048817145561
1703154486000080 -67.1854964862077 3.8340908447953 -12.5211188772837 0.139658941102853 -0.279601404899411 -0.124049936747912 0.941769636238685
1703154486000200 -65.4005830164038 5.23412122225465 -12.8761613001983 0.141647310529783 -0.302163045867012 -0.144633113878129 0.931512101640105
1703154486000320 -63.8287807095119 6.5819136197748 -13.2538013532336 0.142350156425959 -0.322752662907722 -0.164408478931861 0.92116068283812
1703154486000440 -62.0303868173001 8.04616119807646 -13.7923324447579 0.141643567714102 -0.351607561675862 -0.179186477675536 0.907855400664561
1703154486000560 -60.8459995549324 9.14826708985077 -13.9410970759824 0.143037284936205 -0.361069747631597 -0.199675596386223 0.899610264876485
1703154486000680 -59.5025376516234 10.4432540637012 -14.3947625780267 0.144311159560522 -0.377897351447059 -0.217216725319608 0.888360723601073
1703154486000800 -58.085033880394 11.284942719512 -14.6350840252247 0.145319153560162 -0.392987006974222 -0.233405549898727 0.877476726320689
1703154486000960 -56.3743385822308 11.8899285655025 -14.669558190834 0.145668633678053 -0.409874438515568 -0.250277658525725 0.864953575318813
1703154487000120 -54.8970699077004 12.5179951831066 -14.6312178888234 0.145656746627334 -0.428186892392386 -0.262778382281286 0.852283766800074
1703154487000320 -53.2678316693462 13.287767388117 -14.512535024533 0.145732963254704 -0.444908836218297 -0.27933384696545 0.838326089785691
1703154487000520 -51.9795650756002 13.9872842958727 -14.5108911664755 0.14648162738501 -0.456433666788099 -0.292783135226786 0.827338791782293
1703154487000760 -50.7157944274295 14.3651126026731 -14.3217333242312 0.145301011401999 -0.469158065121723 -0.304895300454921 0.815976213977651
1703154488000160 -49.6078618571034 14.7877521563735 -14.1742507657361 0.144904675778927 -0.48012972770944 -0.316000589107113 0.805370540304909
1703154488000520 -48.3488665496761 14.7540851319298 -13.969187989674 0.143281694431696 -0.493397388871752 -0.323123732808047 0.794745510205319
1703154488000720 -47.0082157072724 15.1072757040904 -13.582922773863 0.142145472873316 -0.504045468827511 -0.334843353638158 0.783334384806659
1703154488000880 -45.5636436056753 15.3889016176965 -13.1453004647347 0.14314584405841 -0.516442037881767 -0.348441473207187 0.769015883182225
1703154489000040 -44.2288288256956 16.3809830644113 -13.2060459048463 0.141040399827077 -0.532592063573346 -0.363797458552439 0.751069043820932
1703154489000160 -43.0662016094346 17.9707666260426 -13.611800731428 0.134629943895776 -0.550203684091318 -0.374708903345519 0.733991772414759
1703154489000280 -41.569566047976 20.3746860177494 -14.3460385347256 0.136996689654683 -0.562055542685131 -0.393530642629857 0.71446420993071
1703154489000440 -38.991910019559 23.7081930958362 -15.1009285610159 0.136043588672142 -0.581805890083193 -0.414911848888725 0.686179426897549
1703154489000560 -36.6288714791353 26.9450320668416 -16.6583470032402 0.13492255371539 -0.596150168017197 -0.431736054439619 0.66332862215413
1703154489000680 -33.5887716734177 30.0144739669581 -17.2984880124898 0.131357823887322 -0.619926759162089 -0.441782364476094 0.635030926661284
1703154489000800 -29.9893023200935 33.1455287821478 -18.8071402606582 0.14008974394801 -0.636185280987205 -0.460667621094468 0.602850308759128
1703154489000960 -24.6921684277528 36.291734032689 -18.9430230640904 0.12893871484514 -0.646393160044735 -0.4860947196952 0.573814093540679
1703154490000120 -18.5430534798032 39.7316742711365 -19.713112390634 0.126739706218642 -0.666659741229906 -0.505879036642944 0.532530033496792
1703154490000280 -12.8011069005104 41.1777013897099 -18.5344975004081 -0.122393915892624 0.6862046386876 0.521772707791407 -0.491829405993697
1703154490000440 -7.08270217321215 42.5057151663645 -17.2976065258658 -0.116864944703642 0.69994303651229 0.538407514704201 -0.454466366684505
1703154490000600 -1.65819007685184 43.6142469288927 -15.7383438351725 -0.114722020358662 0.701139631814009 0.559531592974873 -0.426809642823992
1703154490000760 4.20034349726799 45.0101815972303 -13.963651049665 -0.107228084411617 0.716286490992019 0.566075999212154 -0.393692473704689
1703154490000960 10.1422701225957 45.2597749376047 -10.9168417080856 -0.104110519050108 0.728595241585829 0.576080973524294 -0.355584990831879
1703154491000160 15.2064221777057 45.3870221196216 -7.86621070125965 -0.101592844890632 0.733913341101034 0.587320603880597 -0.325737025648416
1703154491000400 20.3687785501874 45.9910263602418 -4.68790904102193 -0.0965460337925291 0.742756334426053 0.593764160522654 -0.294000021611791
1703154491000720 26.7963319014964 46.5849009832742 -2.20212360561982 -0.0966251913964405 0.74388910140914 0.60549849902091 -0.265827283918954
1703154492000160 34.1995178415122 47.0445172628875 1.54781104527649 -0.0851245911482705 0.758620239870019 0.602768766109544 -0.232204543978306
1703154492000840 42.4178884531771 47.1527484376757 5.88093243197771 -0.0888237948337113 0.754659992257457 0.619133757946118 -0.198171691542541
1703154495000600 45.5602817067634 47.9184908215425 11.4190787146687 -0.0859545242520069 0.756620196109302 0.625661378585903 -0.169368054680098
1703154497000440 47.7781418140288 47.1160496769763 10.5619197603893 -0.0876148732867884 0.755050513108367 0.62692577682869 -0.170840355248621
1703154502000120 52.7495506102313 47.4943627908513 14.461381358264 -0.0832570086152857 0.755828247494698 0.632382624941494 -0.147932912083936
1703154502000600 55.6336338310089 44.3543698010226 20.2742728875313 -0.0801101508871481 0.755218652218198 0.640146217935476 -0.115930887728306
1703154502000800 56.9107279555511 39.4383507624894 23.8063971440653 -0.0746795367370244 0.755911164858316 0.644350085929459 -0.0885112670680218
1703154502000960 59.5791151409217 34.1869148634597 26.8317321229727 -0.0707637944320023 0.756552714210463 0.647520679046507 -0.057770634629698
1703154503000120 59.8651761928194 29.0291769421672 33.0643825529596 -0.063853431027572 0.756517194170966 0.650459495164907 -0.0225148710746885
1703154503000240 63.0067750880935 24.3055870307238 36.8221272019946 -0.061052000229244 0.753226295257828 0.654908954269911 0.00413074052294153
1703154503000360 66.6490955575352 19.3839537351085 40.7600343865369 -0.0528954473617157 0.754394259571675 0.653318782488104 0.0355800677622986
1703154503000480 68.6949726153116 15.2500879185772 47.2878095903087 -0.0496881352540038 0.750237268368737 0.655850254108104 0.0673466743939951
1703154503000560 70.3351724988572 11.5726237949114 51.039487931802 -0.0425581224075809 0.748197247625569 0.656291212944569 0.0875872631974028
1703154503000680 72.5537374310501 5.91547528559003 57.0863450501492 -0.0384717183814698 0.743330870310911 0.65680981896789 0.120747694946811
1703154503000760 70.982039966589 2.26826243242679 62.1901204730971 -0.038087311272705 0.738961587947829 0.656363702382641 0.147213513143972
1703154503000840 71.0678503351267 -2.34621892685498 66.5384877911272 -0.0339172292048805 0.735251382533126 0.655347807701473 0.169629823401027
1703154503000920 69.0073014333182 -6.27720144652071 70.901446854043 -0.0283391024283607 0.731831499409084 0.652935962578167 0.193117012503636
1703154503001000 65.7650254728543 -9.99654470840788 74.6489604929395 -0.0294270774794161 0.725749950449045 0.652333569884285 0.216522447187939
1703154504000120 62.9167595162629 -16.6982697647913 80.8748499725881 -0.0235413061779482 0.718400415030349 0.648383609741013 0.250889109382755
1703154504000200 61.5411876358351 -21.3975197654748 85.1502780927525 -0.0193956544554514 0.712713612215681 0.645849752137153 0.273022367609503
1703154504000280 60.2309599979711 -26.239145026523 89.3953664518027 -0.016738803936483 0.706195631528091 0.64356207183982 0.294678472479167
1703154504000400 56.8923396056655 -32.5680333827595 95.5195554106215 -0.0122541146808293 0.696772475236818 0.639337634275313 0.324969758323745
1703154504000520 51.8068490996718 -37.5608526128859 100.878651535209 0.00241034909619646 0.68698646590959 0.633911376862292 0.355246607526151
1703154504000640 48.0703456204619 -43.1858117553209 106.651524581193 -0.00261806869537111 0.677858034891656 0.628240643996762 0.381857726751289
1703154504000760 44.7769481736642 -49.2209480646585 111.774965809288 0.00135899537069097 0.668947657774477 0.622100791359799 0.406814195523135
1703154504000880 41.65186414642 -55.3520989491117 116.823069593506 0.00405597647232329 0.660061077053938 0.616880207032904 0.428674391332504
1703154505000040 36.6245592509 -62.3348316684097 122.763810664219 0.00925529155516831 0.649043829845175 0.608773268489054 0.456126686449379
1703154505000200 32.2563398561201 -67.3602489603713 127.406823230729 0.00425320633013312 0.638887018743164 0.601902670068217 0.479080852552194
1703154505000400 27.051637919793 -74.5020284113623 132.263922151737 0.0160998388822926 0.628880110563286 0.594907620856928 0.5003354118711
1703154505000680 19.8216316135999 -77.9757062328785 135.261633509778 0.0182944456223026 0.619761402105022 0.586862901712387 0.520723585325178
1703154506000800 17.1936587218407 -87.0315730317431 141.512796042738 0.0265351296089904 0.606129925503393 0.582605934548048 0.540807475295305
1703154507000440 11.393107571151 -93.1077502011377 144.523284708342 0.0301912995622724 0.59574524547177 0.576009061476145 0.55891828474822
1703154507000760 5.68683344274836 -102.33810827231 151.73077969109 0.0367841018482746 0.582314182352114 0.56697978364975 0.581455972379068
1703154507001000 -1.17875243559936 -113.511057979781 158.442223653117 0.0306080663564267 0.566738360147928 0.55962083586103 0.603900072430001
1703154508000240 -11.027525475764 -127.66107738614 167.469710078624 0.0340581232182973 0.547656755056959 0.548488698007011 0.630929687874888
1703154508000400 -19.8252129495079 -137.954469264948 177.678938628081 0.0357243435968174 0.534488280999299 0.539576563503305 0.649540746117559
1703154508000560 -30.2287473353966 -151.767191606994 186.653980514466 0.0416673412709837 0.51934673481972 0.52963650097083 0.669348921372761
1703154508000680 -40.2456663890523 -161.72409262191 193.993463287826 0.0430640277892715 0.506377306427658 0.520118496410909 0.686443197021349
1703154508000840 -53.8143094730492 -176.061042615262 200.988761326817 0.0244659592287492 0.484808881821099 0.510023652859645 0.71009692188468
1703154508001000 -74.7782529615649 -202.43965764625 217.209699660404 0.0542695987868398 0.467328130717993 0.495285678131863 0.73030906192146
1703154509000120 -91.3441238396492 -222.304229800375 227.671458163519 0.0580792361577309 0.453003503655698 0.484801999428483 0.745909947214234
1703154509000240 -110.625350587154 -245.303012958557 238.120702896144 0.0590464487222174 0.436562823529216 0.474665770219763 0.761983480521181
1703154509000360 -129.503426995162 -270.684211718484 245.205116360724 0.069218511141392 0.422737865410756 0.467662088774626 0.773171174828887
1703154509000480 -156.40191057455 -303.085709880351 258.76219346514 0.0650681535760705 0.40630896610044 0.454119839897928 0.790224227968032
1703154509000600 -186.689127772034 -339.790972588613 272.19390984844 0.0308450801591232 0.381570978723797 0.446465773597949 0.808777152392008
1703154509000920 -274.930795776146 -422.478856123349 295.763861609398 0.0746128228996419 0.348687075220105 0.418345576065554 0.835366523880252
1703154510000120 -343.504684742795 -478.003106727778 307.376329846622 0.0806486834803896 0.32412516568557 0.401324359321061 0.852864247953753
1703154510000320 -414.089363507579 -533.300754876207 308.975803067732 0.0858946161041825 0.300307318452901 0.386421079315156 0.867822780796202
1703154510000560 -499.735544124895 -574.824864914865 308.334529734592 0.0938716906616223 0.275046042403939 0.368006830035028 0.883237653917579
1703154511000000 -630.885063107721 -628.728608007111 263.837752156589 0.100779138035229 0.227383694820539 0.337697078730919 0.907800035075588
1703154511000280 -712.313915282757 -648.988029685581 238.873381796852 0.100381201483386 0.202882303346435 0.319454241922564 0.920169208730262
1703154512000000 -869.966526695396 -666.428703683995 157.275652113388 0.107420389366551 0.150336486142821 0.282713066792287 0.94124020459576
