1688726083000640 -0.000142670314276217 -7.00191253159167e-05 0.000171169247823042 -2.85261081145945e-06 -0.000103833795996177 -5.56061991347988e-05 0.999999993059178
1688726083000920 0.0511688412751467 -0.0919649974991496 0.142469644179326 0.00108821636348306 0.0260963777949173 0.0167165060003958 0.999519060987968
1688726083001000 0.0655065469143124 -0.118891186802188 0.181415832352024 0.00266407431492241 0.0338093984526092 0.0210220367335372 0.999203633528167
1688726084000080 0.0798638367487314 -0.145617256379165 0.220136390668591 0.00380789278128711 0.0404115260815672 0.0264230995846828 0.998826425521804
1688726084000160 0.0956238792491651 -0.170562686763626 0.259729081483805 0.00454249372439606 0.047265682726885 0.031131505692131 0.998386773921042
1688726084000240 0.11303369935669 -0.194835717085073 0.299506654505583 0.00395523403015003 0.0534299238583229 0.0359451972101154 0.997916600802786
1688726084000320 0.12924930562724 -0.218107790739344 0.339512493850745 0.0027870470710843 0.0595480042713724 0.0398159370568775 0.99742716962804
1688726084000400 0.143843067854563 -0.24194102887937 0.377982095454189 0.00187501837874507 0.0655110125506106 0.0435147263096848 0.996900827632752
1688726084000520 0.165740667493395 -0.279562601657728 0.436729264148999 0.00209213392759282 0.0741258993409289 0.0478275383762789 0.996099141950937
1688726084000640 0.18700547936294 -0.317724610675218 0.494735328919096 0.00197457835724971 0.0811530993967909 0.0521370257887469 0.995335122479112
1688726084000720 0.200941618532853 -0.342426004929324 0.53432022054499 0.00131049343007251 0.0850430825657118 0.0555946838070176 0.994824199467971
1688726084000840 0.222496344669202 -0.379679674755749 0.593616904405976 -9.46484137611001e-05 0.0896741386137479 0.0608464098834685 0.994110785732583
1688726084001000 0.250373521948976 -0.431274957325837 0.674438321221909 -0.000754711512078316 0.0951770269636255 0.065351093011593 0.993312638896279
1688726085000120 0.270648912903528 -0.471352452266165 0.735146707316797 -7.5984693099178e-05 0.10005662014046 0.0661277195600858 0.992781844968056
1688726085000200 0.283377766186443 -0.497736924090652 0.77625002919 -1.73727457846335e-05 0.102466346932995 0.0668943350250892 0.992484657506576
1688726085000280 0.299390482172801 -0.524035909592335 0.818255357898828 -0.000320007068955425 0.105045359199568 0.0676526084042417 0.992163542306515
1688726085000400 0.321361778707463 -0.563834085036358 0.880379546644623 -0.000669374281722311 0.1070575127022 0.0711766471931678 0.991701631442859
1688726085000480 0.337033848486019 -0.59133031207195 0.922173336045878 0.000122153927651785 0.107874084251145 0.0732930828683498 0.991459172648601
1688726085000560 0.3517329030463 -0.618929724258889 0.963665292899817 0.000947808773497355 0.108663793231628 0.0752511881306236 0.99122577669468
1688726085000640 0.365681660212793 -0.646773326216028 1.00586206969659 0.00150052669963708 0.110359550422447 0.0751963171015334 0.991041892123913
1688726085000720 0.380375278056498 -0.674273416503907 1.04826988445074 0.00178933411387961 0.111649484723296 0.0747669618918799 0.990929408310153
1688726085000800 0.394380775309531 -0.701232504335832 1.09083541995113 0.00177332088389345 0.113081311139037 0.0746790749684993 0.990773691700566
1688726085000880 0.409511615724802 -0.727733188457348 1.13367594329864 0.00131162236301116 0.114779245272917 0.0747591668811973 0.990573102536398
1688726085000960 0.423921978516049 -0.755628960183799 1.17660057808149 0.00113109920028049 0.115750310789867 0.0752684379938537 0.990421752794542
1688726086000040 0.438796330071726 -0.783625576901087 1.21890441732975 0.000929093365590584 0.116433637657676 0.0756997540839362 0.990308988164275
1688726086000120 0.453699169498032 -0.811154272459528 1.26270272529247 0.00105328341872039 0.117190469998142 0.0762893794336393 0.990174335620392
1688726086000200 0.468114580664664 -0.838036733049637 1.30532292627742 0.000752576252051809 0.117300868100927 0.077657208625869 0.990055199430917
1688726086000280 0.48309703791165 -0.865040579802369 1.34815386152316 0.000676578772930007 0.11717012773578 0.0792026411217789 0.989948304229509
1688726086000360 0.498735886360349 -0.891851257328875 1.39143055120154 9.79849169556714e-05 0.11790120949542 0.0802076172050893 0.989780800652728
1688726086000440 0.514145407900679 -0.920095956767363 1.43450606838143 6.9358872141909e-05 0.119007550744583 0.0800833430521518 0.989658454326903
1688726086000520 0.52888955506833 -0.950153009288451 1.47793748274169 0.000571096259517984 0.120050687834799 0.0795523454949745 0.989575126266673
1688726086000640 0.549819374189781 -0.991092973956671 1.54115469300336 0.000336665014728583 0.121402340505698 0.0796877918726319 0.98939942096348
1688726086000760 0.574602471708465 -1.03052931715154 1.60799584541289 -0.00113085203172799 0.121758920769957 0.0808984488943141 0.989256755020208
1688726086000880 0.600012171140503 -1.06999802956027 1.67549503707199 -0.00223787861264017 0.121859211036751 0.0825288537105342 0.989107836835823
1688726087000040 0.630341473188886 -1.12549152540661 1.76241001710388 -0.00279077460085259 0.122917179452072 0.0820902171933142 0.989012019549727
1688726087000120 0.646004776139892 -1.15355424767034 1.8068129452759 -0.00293363051113476 0.123603797994191 0.0820951955581184 0.98892561590835
1688726087000200 0.661565692685445 -1.18150155174688 1.85116633889316 -0.00363007137117892 0.124220268754565 0.082226210689958 0.988835172153557
1688726087000280 0.677842378509059 -1.20827042422596 1.8961041660606 -0.00446322339184394 0.124616670112584 0.0822330760353558 0.988781313725522
1688726087000400 0.699952039559313 -1.25033100478665 1.96082420250482 -0.00489721437741181 0.124921952587891 0.0828053838995168 0.988692971275827
1688726087000520 0.722374195545538 -1.29093223147972 2.02579539742078 -0.0041808117378817 0.125131581523611 0.0830880413736798 0.988646036506139
1688726087000640 0.745991167217313 -1.33262116466949 2.09121049025727 -0.00309402843926599 0.124689753589229 0.0838607706491742 0.988640613915897
1688726087000760 0.768133330246427 -1.37446675830081 2.15429249612632 -0.00238003731145818 0.124893987566735 0.0845996557448043 0.988553855659841
1688726087000880 0.791568691689821 -1.41742779053356 2.21817572234356 -0.000771684635197396 0.124854297786364 0.0847778196569221 0.988546169949242
1688726087001000 0.81453429949571 -1.46142357985508 2.28220654927347 0.00121825828359644 0.125194783525833 0.0839427634955472 0.988573919583865
1688726088000080 0.829733312941958 -1.49027969595476 2.32485794829783 0.00235474344767714 0.125766860950448 0.0831209427163327 0.988568692985932
1688726088000160 0.844896267968731 -1.51912005172544 2.3682800191815 0.0029883948878789 0.126089442993223 0.0821875608677992 0.988603928123015
1688726088000240 0.859597820827776 -1.54735795062021 2.41107676398009 0.00376913767703834 0.126239898643246 0.0818149352588956 0.988612966716651
1688726088000320 0.874420265013073 -1.57553443784868 2.45387497462686 0.00464479637045923 0.12590249211259 0.0817938966763885 0.988654007635132
1688726088000400 0.88863505348517 -1.60404794359999 2.49752905732382 0.00512597845018437 0.125185377892173 0.0816566720051681 0.988754030800362
1688726088000480 0.902521547910263 -1.63189812009266 2.54119467985292 0.00485802435275938 0.123774777772599 0.0825339933155822 0.988860123543323
1688726088000560 0.916217165394865 -1.65959792350105 2.58500328478629 0.00443326027466236 0.122631418493645 0.0828572538206812 0.988977531034385
1688726088000640 0.929779341199221 -1.68815543728002 2.62879813453094 0.00427052189534934 0.121093753260689 0.0833164682804361 0.989129127908614
1688726088000720 0.94230309900546 -1.71640408093622 2.67244069666479 0.00449290778750682 0.11929448850173 0.0830934558935861 0.989365512022925
1688726088000800 0.953987481233669 -1.74598668570784 2.71666010752863 0.00450213439839773 0.118081791412304 0.0816042999661539 0.98963486172919
1688726088000880 0.964228754105005 -1.77489162768153 2.76110129118617 0.0043633814524646 0.116477615351509 0.0796009848166454 0.989988691471042
1688726088000960 0.974134661656668 -1.80384611754143 2.80606722610275 0.00390155655497601 0.114412399070888 0.0771972347789284 0.990421712069045
1688726089000040 0.982777327022666 -1.83347704106799 2.8513031273713 0.00384580728381414 0.112271192394103 0.0751517386700636 0.99082420504326
1688726089000120 0.991397078597443 -1.86296423363192 2.89666726039788 0.00372373163940538 0.109346159698407 0.0734398447471698 0.991280051441266
1688726089000200 0.999077601468693 -1.89216398290927 2.94245128683028 0.00370723540697019 0.106196672973613 0.0721061678234891 0.991720335385326
1688726089000280 1.00718323042321 -1.92099650648946 2.98750235657258 0.00381807552341969 0.102239931556991 0.0709947186438033 0.992215787326127
1688726089000360 1.01460798634458 -1.95059879835364 3.03382235343797 0.00412132767360473 0.0992664899185616 0.0702233078430225 0.99257134034438
1688726089000440 1.02220158538745 -1.97923145146786 3.07986327047728 0.00330392895342689 0.0958358545283153 0.0693729082242736 0.992971284904455
1688726089000520 1.02918757557403 -2.00792816583858 3.12578524696199 0.00283843806704097 0.0918739728522169 0.0695482459473764 0.993334866934275
1688726089000600 1.03645304001575 -2.03682547687796 3.17094476999277 0.00208866386944867 0.0891561056587105 0.0677194001007087 0.993710676785257
1688726089000680 1.04140472434815 -2.06538238683476 3.21717859848527 0.00150086838247841 0.0868494184780516 0.0646467295660596 0.994120579336599
1688726089000760 1.04592205343286 -2.09373421173814 3.26294489437212 0.000814477398556895 0.0847045634716699 0.0617046752063813 0.994493341662636
1688726089000840 1.05124029303106 -2.12210471672413 3.3083615772419 0.000358049656511942 0.0821593459577073 0.0594956559019729 0.994841686199889
1688726089000920 1.056620961692 -2.15082946957647 3.35320719291991 0.000204798122653584 0.0790643747708624 0.0588656812231115 0.995129948435862
1688726089001000 1.06210480596428 -2.17975261489313 3.39710632106885 0.000266179643583439 0.0763607506526512 0.0581807827270693 0.995381314587242
1688726090000080 1.06665064679198 -2.20777048621606 3.44112806465961 0.000394588666780311 0.0734051864522376 0.057276818554999 0.99565600935158
1688726090000160 1.07141271901368 -2.23577246124516 3.48478346372268 0.000602510726798955 0.0708578619254679 0.0557573742336836 0.995926661759158
1688726090000240 1.0758855239143 -2.26352285975207 3.52779462354391 0.000743142915551003 0.0686029362944405 0.0540737787923271 0.996177248945943
1688726090000320 1.08032905298656 -2.29070938265495 3.57023999011946 0.000617596858478203 0.0661631975116903 0.0530842095499536 0.996395562297226
1688726090000400 1.08560317663834 -2.31842529171268 3.6139694061189 -0.000156472076395446 0.0649863477550951 0.0514320307781134 0.996559830783873
1688726090000480 1.09057278623512 -2.34557437231508 3.65511419817798 0.000332596728894699 0.0639417738314931 0.0506299405707044 0.99666842433003
1688726090000560 1.09537638265592 -2.37295084935561 3.69723363194861 0.000724356678776566 0.0628767532748867 0.0489133199747106 0.996821687331321
1688726090000640 1.10023581097276 -2.40009547165901 3.73927161877333 0.000480118611628909 0.0615960810478833 0.0475652477241337 0.996967020264263
1688726090000720 1.10548626757505 -2.42564341119769 3.7816303627105 -0.000393671417843643 0.0606430506618828 0.0467552312623859 0.997063796243167
1688726090000800 1.11112009398237 -2.44940065885108 3.82455629939947 -0.00230794183655902 0.0593272704223713 0.0469662267885133 0.997130443788555
1688726090000880 1.11694872917292 -2.474689011712 3.86712833651058 -0.0034911273184657 0.05787548090275 0.0472280290117633 0.997199956887276
1688726090000960 1.12179748039598 -2.50257571785804 3.91036092305966 -0.0028918930046665 0.0570948273687225 0.046458753237991 0.997283009927552
1688726091000080 1.12907674377738 -2.54755110998233 3.97022109984731 -0.000126585825587224 0.0564403490735982 0.0444979875415348 0.99741385596814
1688726091000200 1.13616692872326 -2.59418623086248 4.03023699520216 0.00429176021776226 0.0555513092288006 0.0433045118132261 0.99750706869366
1688726091000280 1.14134958207775 -2.62262082854195 4.07094749825046 0.00563187757323901 0.0546456381875003 0.0432171205768263 0.997554217409324
1688726091000400 1.14853650489011 -2.66215061381294 4.13329688886923 0.00584919715562775 0.0528023944312142 0.0435647206771864 0.997637112956051
1688726091000480 1.15359996003678 -2.68787855042695 4.17553417033277 0.00539960537411964 0.0523733260893293 0.043308099469336 0.997673437301254
1688726091000560 1.15789055678762 -2.71510136824775 4.21752884660081 0.00579967053824223 0.0523358963862285 0.0418545010418491 0.997735194585034
1688726091000640 1.16182616276786 -2.74363191558097 4.25906574703888 0.00840625454458397 0.0513990164517543 0.0408746444234009 0.997805962818215
1688726091000720 1.16663511881876 -2.77025848858059 4.30074444989709 0.00944645883161505 0.0502070320812999 0.0405018868918749 0.997872544718677
1688726091000800 1.17199155050734 -2.79593345108926 4.34187082391083 0.0086988794718829 0.0495052161728358 0.0402502780668716 0.997924585418735
1688726091000880 1.17616009931062 -2.82153256846886 4.38298969482388 0.00678548318979673 0.0489805242282641 0.0393717198496204 0.998000367304686
1688726091000960 1.17956256390721 -2.84692449917807 4.42399950888623 0.00413301893862468 0.0476693953720204 0.039424507073697 0.998076277215983
1688726092000040 1.18460477085172 -2.87319283864029 4.46514179134221 0.00250672343927894 0.0469531733564335 0.0386609703868558 0.998145503029547
1688726092000120 1.18814575750838 -2.90069754215651 4.50662593349119 0.00243789360237112 0.0466560091454531 0.0378172383394287 0.998191930427101
1688726092000200 1.19227988987971 -2.92773401115637 4.54826191570476 0.00274596407910733 0.0460609874586151 0.0369360926445878 0.998251756910933
1688726092000280 1.19603102063772 -2.95348713311937 4.59056430530741 0.00251905848214087 0.0446393189384047 0.0367633187066681 0.998323316339326
1688726092000360 1.19990992337632 -2.97860048787275 4.63299093183541 0.00158500897304298 0.0439088963271187 0.036457399351221 0.998368846971116
1688726092000440 1.20407082617905 -3.00376969023341 4.67523966899146 0.000337044737598366 0.0436328763562398 0.0361960203598142 0.998391659927024
1688726092000520 1.20776524110096 -3.03063350475735 4.71772410652124 -0.000406153666096407 0.0425876724663222 0.0356881350027012 0.99845504766771
1688726092000600 1.21207528802248 -3.058049220888 4.75997809098448 -0.000495247524645546 0.0417388196015334 0.0348728288528553 0.998519660034773
1688726092000680 1.21614290061086 -3.08298293913691 4.80296788006185 -0.00153793248113025 0.0416176604238954 0.033844891833383 0.998559025997618
1688726092000720 1.21729276078504 -3.09463686723341 4.8246925578722 -0.00274283924830606 0.0422552589148503 0.0326401031110097 0.99856977402473
1688726092000800 1.22008186678396 -3.11844922827302 4.86879991914838 -0.00518400722478899 0.042965915994731 0.0307266883462122 0.998590469990127
1688726092000880 1.22434284202663 -3.1448900134061 4.9117204878206 -0.00671765443684358 0.042737929385655 0.0304969210265634 0.998598157578209
1688726092000960 1.22838827523725 -3.1760231134655 4.95316225870996 -0.00485559871070026 0.0418994788597432 0.0313063824570225 0.998619430639068
1688726093000040 1.23289112758984 -3.20941001562802 4.99310461011134 -9.3449187090344e-05 0.0404967112399162 0.0334243595059327 0.998620458351229
1688726093000120 1.23752360439579 -3.24081458951811 5.03345184181576 0.00362820213381532 0.0398440335684379 0.0340567705509114 0.998618758845394
1688726093000200 1.24252805578129 -3.26877688870557 5.07472066805182 0.00484789945979805 0.039466847587589 0.0340222974171518 0.998629735733312
1688726093000280 1.24524695278227 -3.29504733984719 5.11676347665971 0.00459429669938899 0.0396986379322924 0.0330862303841248 0.998653199035144
1688726093000360 1.24815366150105 -3.32040768650464 5.15933101153438 0.00383248197777338 0.0399138588733256 0.0319137676143173 0.998685990383559
1688726093000440 1.2513808643406 -3.34651892934038 5.20239731360324 0.0029841811927474 0.0402439460643882 0.0310174364316333 0.998703879087783
1688726093000520 1.25492968170089 -3.37444260515668 5.24496093945968 0.0045478803809578 0.0405383812561821 0.0300106952788862 0.998716834041585
1688726093000600 1.2588515977595 -3.40278868679239 5.28699192798119 0.00747975438534603 0.0409511563661766 0.0288721430102552 0.998715903260083
1688726093000680 1.2625964825448 -3.42923036677363 5.32831802521893 0.00840198181460988 0.0399105080566324 0.028862496124695 0.998750977153815
1688726093000760 1.26740642092115 -3.45351749893242 5.36942951670837 0.00556195609807607 0.0384766209041822 0.0302329827978273 0.998786554294412
1688726093000880 1.27361068298661 -3.49095291760612 5.43182416914642 -2.48898015612055e-05 0.0360336086414187 0.0343031043527135 0.998761671000916
1688726093000960 1.2770031704556 -3.51841680544192 5.47262006410567 -0.000698599662128954 0.0356564410011064 0.0346748232693052 0.998762127237957
1688726094000040 1.28067018421048 -3.54707331982135 5.51353359735392 0.000861806079880135 0.0354855749789005 0.0336308347490472 0.998803783639599
1688726094000120 1.28548575939852 -3.57615136688993 5.55618329114709 0.00313141807347753 0.0360835705197738 0.0316220198059631 0.998843440196102
1688726094000200 1.28905495028288 -3.60411326103831 5.59740452575768 0.00403835174032839 0.0362599458877919 0.0307779303912654 0.998860163906974
1688726094000280 1.29235909454946 -3.63124774921481 5.64013008922189 0.00394225348382265 0.0364826362170194 0.0300181691036034 0.998875560525831
1688726094000360 1.29529953028484 -3.65730559273084 5.68345543231965 0.00364680291915446 0.0365085554998089 0.0297984058311816 0.998882315998089
1688726094000440 1.29905124856887 -3.68472705100203 5.7260494728187 0.00292161536562509 0.0359366961756147 0.0298366913726092 0.998904294654684
1688726094000520 1.30297939656385 -3.71198958090789 5.76905207188662 0.00278381743885304 0.0353543561377191 0.0302625946867872 0.998912656454696
1688726094000600 1.30786389290326 -3.74000618794202 5.81172828590205 0.00305863912556268 0.034471027916749 0.0310489642938654 0.998918592667761
1688726094000680 1.31083427076435 -3.76814069611881 5.85461597390719 0.0033795321822112 0.0340625604694883 0.0316583370115116 0.998912443827865
1688726094000760 1.31732611816945 -3.79570751750468 5.89739907805395 0.00314896229414506 0.0330978900395247 0.0318495382334534 0.998939548033672
1688726094000840 1.32064615621363 -3.82329978432428 5.94059373384769 0.00284598854069909 0.0332238734713687 0.0312930091619902 0.998953863878794
1688726094000920 1.32325601615817 -3.85046902991579 5.98432069604865 0.00231068567824122 0.0337751338008477 0.030213594428009 0.998969989429198
1688726094001000 1.32521981526104 -3.87737625210624 6.0283757040177 0.00189472915358918 0.0347310620888819 0.0295952607686671 0.998956597589529
1688726095000080 1.3307864820645 -3.9057367868597 6.0721372761884 0.00136783641516264 0.034744004197735 0.0292721261238522 0.998966528882744
1688726095000160 1.33526888580932 -3.9342556828355 6.11554389868359 0.00173207835865117 0.0354735721406219 0.0291835437170201 0.998942914465216
1688726095000240 1.34025945399487 -3.96286053856358 6.15916222386091 0.00193442828413612 0.0357281018683754 0.0292864112744268 0.99893046146304
1688726095000320 1.34454539139373 -3.9900689500401 6.20224244568228 0.0021261424964194 0.0362302167519293 0.0294644498407618 0.998906750957152
1688726095000400 1.3495408271196 -4.01882469212325 6.24784019255104 0.00147215437617878 0.0364022805116997 0.0298508431989137 0.998890201120901
1688726095000480 1.3544227087321 -4.04665874936511 6.29237258106305 0.0010300790375228 0.036694565580586 0.0302240621851522 0.998868837164849
1688726095000560 1.35904294388972 -4.0751431075356 6.33681269315317 0.000758989943002872 0.036590629985422 0.0307794063672822 0.998855934494667
1688726095000640 1.36391944679665 -4.10448107140732 6.38140624744516 0.00095498073500198 0.0366704155562718 0.0309783831081535 0.9988466891444
1688726095000720 1.36871414754658 -4.13387598273793 6.42595003911166 0.00126680670128559 0.0368946548085642 0.0308290362858296 0.998842705419139
1688726095000800 1.37343821322647 -4.16257599894303 6.47068558366103 0.00118754601675729 0.0368716032277837 0.0307553479582961 0.998845925647111
1688726095000880 1.37713781626715 -4.1905364977505 6.51626525730689 0.000775581259236962 0.0370143381647491 0.0302875464537778 0.99885534577022
1688726095000960 1.38076082468978 -4.21821495297009 6.56230801170453 7.93978204779501e-05 0.0371482820780535 0.0296183702690587 0.998870737872144
1688726096000040 1.38484043478412 -4.24758079047568 6.60701411922682 -0.000142784288107346 0.0374470998697838 0.0290734608878145 0.99887558194001
1688726096000120 1.38795333756234 -4.27767292928621 6.65157252361409 0.000728771194175596 0.0376271075022681 0.0282178158791571 0.998893099656099
1688726096000200 1.39218407694936 -4.30736424532878 6.69549287365456 0.00147801604081828 0.0375360899885364 0.0278819290493794 0.998905128352758
1688726096000280 1.39595899349649 -4.33652206326663 6.73968755255041 0.0014916285000366 0.0373472982238818 0.027848148653379 0.998913126841556
1688726096000360 1.40008160285368 -4.36531448437028 6.7840603283553 0.00145687734615318 0.0372464608715293 0.0275857129231115 0.998924224905707
1688726096000440 1.40344029145849 -4.39424901338234 6.82852013618365 0.00166963101900043 0.0369141366083598 0.0274933888130268 0.998938773109892
1688726096000520 1.4069680702308 -4.42381844046154 6.87308634628721 0.00210490129808319 0.0363368271826803 0.0274688643914309 0.998959791918507
1688726096000640 1.41309935698273 -4.46763337874167 6.93983748872127 0.00281991441458268 0.0359101633201489 0.0273358836686265 0.998977105702163
1688726096000720 1.41627765437464 -4.49671503920775 6.98484298229123 0.00315635004364203 0.0360205978351289 0.0268609171516206 0.998985007452953
1688726096000800 1.4193571939065 -4.52572475612995 7.03158281398047 0.00331716094475873 0.0357346550631262 0.0263387250962088 0.999008659837888
1688726096000920 1.42444419207894 -4.56619750500781 7.09673594041666 0.00212646452835524 0.0353299965908095 0.0266788815248186 0.999017270506415
1688726096001000 1.4283261436844 -4.59485263181974 7.14133739081697 0.00188322705483547 0.0351205942726728 0.0266491876559386 0.999025934653887
1688726097000080 1.43075618354997 -4.62347319900002 7.18554453818758 0.00182667671502081 0.0350443815197589 0.0272599359234469 0.999012237397283
1688726097000160 1.43408487054071 -4.65196897312287 7.23022205643925 0.00164808712709858 0.034466596538402 0.0268601226796641 0.999043478203784
1688726097000240 1.43736801920127 -4.67996510382882 7.27427378174917 0.00123710597270823 0.034442271837726 0.0268659519843785 0.999044753804073
1688726097000320 1.44022558464573 -4.70777642189326 7.31809770098416 0.000763589512015739 0.0343414093609705 0.0264369319674727 0.999060144917365
1688726097000400 1.44251772769953 -4.73538782934612 7.36210504738054 0.000342697035394076 0.0342837516816851 0.0259823465643668 0.99907428382297
1688726097000480 1.44530636432838 -4.76318153879721 7.40590353504398 0.000159393116329379 0.0343590481167399 0.0255190227014054 0.999083685126882
1688726097000560 1.44856091551837 -4.79127487038277 7.44861732211063 0.00018401826617658 0.0348020717925164 0.024374911262667 0.999096915037357
1688726097000640 1.45101752330005 -4.82032120630121 7.49073925012909 0.0008428566295723 0.0342415406722868 0.0244912963941895 0.999113098145561
1688726097000720 1.45416036760648 -4.84936200896932 7.53283310844798 0.00212773950243377 0.0335189823728297 0.0246453804748502 0.999131901085412
1688726097000800 1.45772306229263 -4.87779234159462 7.57448113121715 0.0029972264427346 0.0335486599418939 0.0246026173085495 0.999129728949811
1688726097000880 1.46191823101374 -4.90522383875356 7.61626219722437 0.00333150220380324 0.0335139066714084 0.0247992600855262 0.999124975091653
1688726097000960 1.46466088078532 -4.93238225699264 7.65859499312575 0.00361329023557509 0.0339620682598873 0.0248603674566512 0.999107343673894
1688726098000040 1.47016892780662 -4.95956129919585 7.70001839927911 0.00395898236763024 0.0331291016159509 0.0247775210662839 0.999136058569874
1688726098000120 1.47431579166023 -4.98693080635018 7.74188646919395 0.00408548513491392 0.0336835564693549 0.0247261253553247 0.999118284068358
1688726098000200 1.47864357847636 -5.01422262969205 7.78368719962061 0.00415167440941054 0.0347433544766277 0.023945418095716 0.999100735597533
1688726098000280 1.48305224488091 -5.04140387012371 7.82522858838994 0.00455105113889581 0.0358778372070049 0.0233726320851563 0.999072464238851
1688726098000360 1.48843335907837 -5.06828798803067 7.86664702569024 0.00473307535875222 0.0371063218133028 0.023904760978202 0.999014154695373
1688726098000440 1.49486748567012 -5.09509328022857 7.90796313099596 0.00429030570525127 0.0378442913643802 0.0256425939530539 0.998945374013736
1688726098000520 1.50100241505394 -5.12362301797674 7.94792217174835 0.00495980355967789 0.0380508577294576 0.0278138152562314 0.998876330811575
1688726098000600 1.5058836818577 -5.15413931876366 7.98599298696038 0.00767933554109009 0.0395050377924511 0.0282764967646287 0.9987896773222
1688726098000680 1.51191844548419 -5.18454388510583 8.02600566168881 0.0102336268786865 0.0405919844483969 0.0281060656599197 0.998727997380953
1688726098000760 1.5164327953094 -5.21287666588563 8.06562198653714 0.0119070509664637 0.0418737752069547 0.0276221332341679 0.99867002900998
1688726098000840 1.52153734427963 -5.23932849471682 8.10574437753003 0.0123252403161287 0.0428956320603759 0.0275722733920659 0.998622963355682
1688726098000920 1.52725074500428 -5.26510013628496 8.14604024934868 0.0121504537634882 0.0435278324121283 0.0280139663637997 0.998585455515656
1688726098001000 1.53231660767876 -5.29117632901486 8.18660317821409 0.011952188765545 0.0441498865689289 0.0277647241182667 0.998567500369554
1688726099000080 1.53640125656318 -5.31768168960225 8.22698491110588 0.012052141843776 0.0448604044613954 0.0272789119680213 0.998548021354195
1688726099000160 1.54020178142213 -5.34474819891917 8.26731444438189 0.0124729465817864 0.0454674998874341 0.0260403463702491 0.998548462729011
1688726099000240 1.54393567541712 -5.37169750861072 8.30645987369232 0.0127224489590292 0.0453739454374453 0.025375007374907 0.998566699509176
1688726099000320 1.54851922992782 -5.39911568982786 8.34778081748932 0.0134956149407963 0.0452021094384236 0.0258943331639584 0.998551010810004
1688726099000400 1.55342628862889 -5.4238874686365 8.38798559537091 0.0109651013762042 0.0446711289484776 0.02723042578697 0.998570358413336
1688726099000480 1.55820953511738 -5.44829288926709 8.42886725006142 0.00849224396700958 0.0447483508558296 0.0274952069660494 0.998583737341032
1688726099000560 1.56164895669587 -5.4733116169506 8.47002783780441 0.00688679802297235 0.0447011760151932 0.0271835876181965 0.99860674413908
1688726099000640 1.56508222531896 -5.49908853038149 8.51094038226283 0.00617527711988417 0.0446827742776451 0.0263387156247348 0.998634862046476
1688726099000720 1.56889842067325 -5.52480120768404 8.55187068939208 0.00532705734471014 0.044919242353696 0.0258269645499359 0.998642504617419
1688726099000800 1.57318504433675 -5.5502670285544 8.59299216026779 0.00445308119533925 0.0449970346634574 0.0254349988484327 0.99865334214278
1688726099000880 1.57637051589342 -5.57565801721494 8.6342219356111 0.00343769938516739 0.0447438724346419 0.0252069366027563 0.99867451076394
1688726099000960 1.57992094273894 -5.60159003455265 8.67557403322224 0.00246837930762297 0.0443879580082518 0.0248423319049465 0.998702395527805
1688726100000040 1.58359207606315 -5.62767874444865 8.71683549065645 0.00174681745432454 0.0439966803187223 0.0244256138864357 0.998731510535231
1688726100000120 1.58725341747555 -5.65427505328817 8.75814312194584 0.00118810363355024 0.0435469406597344 0.023944432336787 0.998763694038286
1688726100000200 1.58987875165968 -5.68135758813437 8.79922731930424 0.000920887395726785 0.0433022511259672 0.0236641834546367 0.998781294095586
1688726100000280 1.59333936747431 -5.70859267105786 8.84053600591201 0.00112579948468889 0.0428157146703708 0.0233563936813724 0.998809304135172
1688726100000360 1.59641876820233 -5.7362357463429 8.88218688633511 0.00186535458596483 0.042146692403323 0.0231148951415601 0.998842269026658
1688726100000440 1.60016077525456 -5.76417475223178 8.92410561069865 0.00280339003616985 0.0415033450953549 0.0226861815378691 0.998876844519599
1688726100000520 1.60353068116097 -5.79180576387705 8.96592646291848 0.00360859993501132 0.0409471158418288 0.0223001759316546 0.998905908413882
1688726100000600 1.60695305818264 -5.81937254460879 9.00799259542697 0.00396788611018821 0.0403748966799178 0.0218664794627764 0.998937425804943
1688726100000680 1.60971966807738 -5.84650052879955 9.04993256140314 0.00393969146649579 0.039827210455488 0.0217158227119769 0.998962809709363
1688726100000760 1.61290811320368 -5.87379304463295 9.09185821074463 0.00403576988403474 0.0392452908238718 0.0215552547667438 0.998988934223765
1688726100000840 1.6154314650259 -5.90055054174957 9.1329271447779 0.00429088086618329 0.0384710387864057 0.0214730850312695 0.99901975662913
1688726100000920 1.61916465901767 -5.92869530357467 9.17544461466294 0.00462747066247335 0.0377170347744784 0.0211562777378917 0.999053764176566
1688726100001000 1.62183845370031 -5.95587819817254 9.21687686796372 0.00502834623662982 0.0373694090442609 0.0208253435339553 0.999071843296817
1688726101000080 1.6244016881513 -5.98279121093159 9.25784456785247 0.00529699920947305 0.0369719091599487 0.0201675904210294 0.99909873787782
1688726101000160 1.62669046227587 -6.00964809858532 9.298517143432 0.00513571412671948 0.0367617845342573 0.0194692192253205 0.999121186413851
1688726101000240 1.62853685764384 -6.03622598800636 9.33879328892091 0.00519446937321189 0.0365181793200089 0.0185106622516166 0.999148034802696
1688726101000320 1.63088326391151 -6.06296104597447 9.37923990576866 0.00512852670829724 0.0361090078411351 0.0178549726264914 0.999175178694426
1688726101000400 1.63246699703686 -6.08889449718339 9.41924148900828 0.00528752336599189 0.0355400047760459 0.0173759534558437 0.999203195750831
1688726101000440 1.63399056822788 -6.10182028142612 9.43908484233146 0.00517810055965436 0.0352435191478707 0.0172846131816269 0.999215854447791
1688726101000520 1.63682495944244 -6.12841313846602 9.47961805236325 0.00471210729238812 0.0344107994890036 0.0172637179512657 0.999247545388975
1688726101000600 1.63916240910593 -6.15299908763503 9.51899235394007 0.00445531821768732 0.033790588400217 0.0172646892358524 0.999269871846808
1688726101000680 1.64144865036056 -6.1781856005791 9.55880460483234 0.00388435646786011 0.0331093094513653 0.0172813771520319 0.999294771029156
1688726101000760 1.64265596815714 -6.20265502094152 9.59861265773369 0.00293761695311343 0.0324700630816471 0.0175655461526789 0.999314023217161
1688726101000840 1.64550925145017 -6.22649744541362 9.63846623514685 0.00188042351041315 0.031631404355305 0.0177826456910132 0.999339629844709
1688726101000920 1.64748091104512 -6.25015339491551 9.67813360691891 0.00072235353255103 0.0309497389976419 0.018203481844112 0.999354904480937
1688726101001000 1.64852373459071 -6.2731942656925 9.71585132027174 -2.11175491912499e-05 0.0305038961594909 0.0184582906903608 0.99936419956787
1688726102000080 1.65113847852839 -6.29869403657873 9.755789438492 -0.000729123364082377 0.0299016254671974 0.0181524981006214 0.999387736559863
1688726102000160 1.65287210680812 -6.32334641275047 9.79389156867817 -0.00108772867313993 0.0297031148045411 0.0177908015087705 0.999399834500145
1688726102000240 1.65453862720268 -6.34759033944166 9.83197670945755 -0.00138229278763545 0.029605352576226 0.0174361377723376 0.999408621868488
1688726102000320 1.65604219322426 -6.37131822934815 9.86899851655048 -0.0015695753888792 0.0298075795962792 0.0174100370473753 0.999402789290544
1688726102000400 1.65815178818224 -6.39627742494303 9.90722325919283 -0.00161686015946381 0.0288493092211443 0.0173970015791119 0.999431061883082
1688726102000480 1.66041432839562 -6.42047779603301 9.94462013814402 -0.00138756983291268 0.0283541829584212 0.0175138145011835 0.999443535803968
1688726102000560 1.66194180641121 -6.44487290373157 9.98168387233592 -0.00117025055945707 0.0278781323914878 0.0177036467742558 0.999453861435776
1688726102000640 1.66344172520537 -6.46921489182777 10.0185681404943 -0.000512177183384171 0.0272074386335328 0.0179582058790172 0.999468356577207
1688726102000720 1.66531195069067 -6.49362200757829 10.0553229715147 0.000177831076689302 0.0266333789092269 0.0180597244125892 0.999482104821355
1688726102000800 1.66769286703763 -6.51768971528399 10.0918778052934 0.000991867956968679 0.0264547408023823 0.018382244907499 0.999480493035855
1688726102000880 1.67035765542863 -6.54143132178122 10.1284971684097 0.00172545523279151 0.0264022278515708 0.0188451075763893 0.999472264292085
1688726102000960 1.67320616879528 -6.56505613768905 10.1648540638186 0.00195250499077072 0.0263371894673941 0.0193734976342463 0.999463459944702
1688726103000040 1.67641317817381 -6.58843813415181 10.2012497613261 0.00188773465036836 0.0265419857293239 0.0197602603473993 0.999450594858214
1688726103000120 1.67918964213068 -6.61185643875861 10.2374615197707 0.00179287437542874 0.0273483553984686 0.0202969203224487 0.999418274839868
1688726103000240 1.68373558654706 -6.64633819293237 10.2906655144047 0.00182457638958445 0.0267999300064735 0.0207329141689756 0.999424124655148
1688726103000320 1.68712726365356 -6.66974091707401 10.3263833981906 0.00225884399748628 0.0269710045383093 0.0211511118934951 0.999409872376523
1688726103000400 1.69057171511044 -6.6930605221287 10.3617238675989 0.0026829355242095 0.0270296346752427 0.0217594616806831 0.999394179757748
1688726103000480 1.69362166581825 -6.71646410026267 10.397369154015 0.00297060415383925 0.0271874991230776 0.0222210079620293 0.999378928238706
1688726103000600 1.69864696591074 -6.75140341123993 10.4506471832626 0.00310139595051528 0.0275187606204297 0.0226364042620029 0.999360141470111
1688726103000720 1.70341127440702 -6.7866667885931 10.5044878773041 0.00312557192966524 0.0279084149399986 0.0228502480729449 0.999344393759556
1688726103000840 1.70797251443564 -6.82218485272167 10.5588954773649 0.00340716730133128 0.028319465201262 0.0229838820333595 0.999328844909608
1688726103000920 1.71164241856237 -6.84595412190268 10.5952520970423 0.00381830429694959 0.0290660801263913 0.0233837392737663 0.999296644783699
1688726104000040 1.71680095763901 -6.88170094000622 10.6497425494621 0.00403596997672279 0.028889186208491 0.0233076232914974 0.999302697165909
1688726104000160 1.72109586581531 -6.91780058015848 10.7043131888155 0.00430036707877914 0.0293092366314309 0.0234223986787409 0.999286678952144
1688726104000240 1.72387707773712 -6.941913255227 10.7408596795972 0.00458492350004351 0.0294459864815381 0.0236866810617997 0.999275164054879
1688726104000320 1.72703727522289 -6.96625870539009 10.7778322875948 0.00471410071889729 0.0294572090357416 0.0240210095216108 0.999266251402397
1688726104000400 1.73019447240686 -6.99056986039519 10.8149745435595 0.00480302691390403 0.0295132618844343 0.0244329456063146 0.999254186618402
1688726104000480 1.733722945217 -7.01471422236325 10.8524228194811 0.00479679380767833 0.02972709419341 0.0246754862316342 0.999241918165574
1688726104000560 1.73724780120514 -7.03907143545433 10.8898413504769 0.00479237840497905 0.0298445819692262 0.0249301411465112 0.999232116226616
1688726104000640 1.7401991094499 -7.06368507880886 10.9274851523773 0.00484766352018052 0.0301117107652452 0.0248891140706659 0.999224858094494
1688726104000720 1.74346675728582 -7.08835740751721 10.965356714569 0.00486191800865253 0.0302794989093063 0.0248631034010919 0.99922036597957
1688726104000800 1.74703193808636 -7.11333998989576 11.0035190142165 0.00482577255019825 0.0303609165050505 0.0249891949252155 0.999214925231432
1688726104000880 1.75034731875255 -7.13815807089124 11.0418136115025 0.00467034855574141 0.0304359951572812 0.0252309559113844 0.999207304270216
1688726104000960 1.75330547266478 -7.16346561387338 11.0801862046128 0.00444050028546719 0.0304256084639111 0.0253388770349733 0.999205937541117
1688726105000040 1.75641168825359 -7.18878160576315 11.1187466677202 0.00427698868201377 0.0303911950657048 0.0252547991077122 0.99920982668923
1688726105000120 1.75949410503883 -7.21396599515897 11.1580272636026 0.00429738483573115 0.0305109724035909 0.0251922414313124 0.999207668114205
1688726105000200 1.76243903435112 -7.23927350018781 11.197344722232 0.00414260788274854 0.0305778269833016 0.0250578846287876 0.999209656536024
1688726105000280 1.76572700175298 -7.26485528851376 11.2373932838703 0.00397830720403697 0.030378440356747 0.0250353043594909 0.999216971917966
1688726105000360 1.76857579773586 -7.29092203823028 11.277846249665 0.0038586086131631 0.0302071370350039 0.0251331738729615 0.999220177730009
1688726105000440 1.77140867717327 -7.31698488908591 11.3187209543229 0.00372006708859809 0.0300754737447294 0.0253050040934678 0.999220337937392
1688726105000520 1.77538372689552 -7.34326307243625 11.3599272785205 0.00357974805650344 0.0300402999710383 0.0253564342323353 0.99922060478381
1688726105000600 1.77854680933467 -7.37109611657634 11.4022225751424 0.00360319820535699 0.0297495019839323 0.0254186811278621 0.999227639101382
1688726105000680 1.78209997521955 -7.39840284554389 11.4439606016917 0.00385526411385746 0.0295587083100505 0.0254994938381505 0.999230301539966
1688726105000760 1.78559784957922 -7.42640939161469 11.4864460617494 0.00409468002483934 0.0294582829595447 0.0255996138354736 0.999229754827209
1688726105000840 1.78857166825531 -7.45423494789789 11.5290052431036 0.00408524469050057 0.0293809210814705 0.0256286406716002 0.99923132708575
1688726105000960 1.79341997807153 -7.49674895216452 11.5938237656688 0.00417297491388252 0.029401182155924 0.0256749266884137 0.999229180372424
1688726106000040 1.79660614677446 -7.52595527593361 11.6373988466625 0.00446942101634686 0.0293063996763343 0.0253937861737166 0.999237866995418
1688726106000120 1.79978748241213 -7.55533430608752 11.681550773991 0.00527687507671002 0.0293588745193125 0.0252560867449396 0.999235878638631
1688726106000240 1.8041363858494 -7.60019873853985 11.7477892968959 0.0060518174786007 0.0292652796214243 0.0249861830557586 0.999241016757313
1688726106000320 1.80765058245645 -7.63025945508117 11.7924956321101 0.00657205278150681 0.0293134985391278 0.0246920630522236 0.99924362842495
1688726106000400 1.81111054155805 -7.66119388825129 11.8389030162382 0.00728427405182966 0.0291893313594281 0.0245366143315435 0.999246154280051
1688726106000480 1.81405686739647 -7.69112190081953 11.8829582364044 0.00772604496937368 0.0294174531176355 0.0242148298748908 0.9992439960767
1688726106000560 1.81717709857039 -7.72157917050306 11.9288195580267 0.00807252244121557 0.0295501102768751 0.023877724518315 0.999245455148978
1688726106000640 1.82050970779129 -7.75219692957052 11.9751008220559 0.00837285446945422 0.0297159471883726 0.0233029064685816 0.999251636146195
1688726106000680 1.82215571215324 -7.76752311683351 11.9983468529505 0.00864248895921389 0.0298826414570604 0.023010877438815 0.999251136923864
1688726106000760 1.82543412276367 -7.79835032807189 12.0450615506256 0.00880455756932044 0.0299146080880185 0.0226168494604393 0.999257761595792
1688726106000840 1.82864638964954 -7.82978635083004 12.0931205996837 0.00843658688327509 0.0297936392356689 0.0224142721570962 0.999269114636554
1688726106000920 1.83196848999231 -7.85982781288112 12.1400892816531 0.00765437223805041 0.0296104420270893 0.0224411971097257 0.99928025347291
1688726106001000 1.83479812947583 -7.89014163759665 12.1879833535599 0.00693145804201523 0.0295122408029549 0.0228603708220169 0.999278933020245
1688726107000080 1.8386102799883 -7.92044093638296 12.2358135610648 0.00628644978988689 0.0294242440954043 0.0230090216104769 0.999282382178822
1688726107000160 1.84188051861443 -7.95180276926406 12.2848708324521 0.00560872903302092 0.0296168756011783 0.0225917502630503 0.999290245953752
1688726107000240 1.84512212005421 -7.98278530851552 12.3337515682502 0.00486998870983148 0.0297854685997201 0.0220637208306104 0.999300906280671
1688726107000320 1.84812722373614 -8.01379571574837 12.3828834578276 0.00403118182602032 0.0301464023346234 0.0216174829230564 0.999303571709536
1688726107000400 1.8512779637492 -8.0452715384983 12.4321196304661 0.0033731087809322 0.030436179669164 0.0213041174392983 0.999303955603314
1688726107000480 1.85473299808639 -8.07670558779023 12.4813412901952 0.00285524105760988 0.0304419580980778 0.0215456754415157 0.999300214477825
1688726107000560 1.8588013033028 -8.10877301206397 12.5309462304865 0.00259464370032888 0.0302480385006414 0.0222209759657724 0.999292025495081
1688726107000640 1.86290449105562 -8.14091023601057 12.5807197322067 0.00280563524632708 0.0299447173185819 0.0229249117181281 0.999284689534614
1688726107000720 1.86648425810014 -8.17333963202161 12.6307179484974 0.00291147099509649 0.0298077928577898 0.0234645751068216 0.999275954147126
1688726107000800 1.87014911777953 -8.20601644726746 12.680703963687 0.00307521294115499 0.0295258440587155 0.023625840714916 0.999280034449053
1688726107000880 1.87391434628609 -8.23894701006349 12.7304088564167 0.00330414651070128 0.0296158327733324 0.0233708528695287 0.999282636845617
1688726107000960 1.87762545021687 -8.27224770566227 12.7805863079524 0.00371810857229386 0.0298897982927311 0.0230505882223267 0.999280464138707
1688726108000040 1.88144060534562 -8.30562886772818 12.8308498009185 0.00432049134779782 0.0300316719775851 0.0226867993357772 0.99928211290338
1688726108000120 1.88502423858342 -8.34046407834932 12.8820823328643 0.00485618624111113 0.0300904491099482 0.0225489802697592 0.999281004430859
1688726108000200 1.88910196164605 -8.37311019925607 12.9315780157432 0.00564139814384709 0.0300434161250701 0.0225421370988959 0.999278449597275
1688726108000280 1.89290818191918 -8.40675335093758 12.9819616511187 0.00620233906633422 0.0297112441809397 0.0228514858213297 0.999278030657677
1688726108000360 1.89682442733253 -8.4405678043716 13.0327401116494 0.00665958994816611 0.0297072545364304 0.0228536933995489 0.999275156094471
1688726108000440 1.90052610415985 -8.4744178724555 13.0838975424112 0.00705381545241061 0.0297495148508496 0.0229383859300914 0.999269253256911
1688726108000520 1.90520481863354 -8.5083067572719 13.1348213599304 0.00709821999934861 0.029840152436139 0.0226624892884379 0.999272531472111
1688726108000600 1.90857779551251 -8.5423777648786 13.1866369242417 0.0073905393970967 0.0299758460997039 0.0225918616996399 0.999267950233055
1688726108000640 1.91094889646354 -8.55935801679077 13.2121041255797 0.00734908830508591 0.0302122451328595 0.022437108889281 0.999264623255425
1688726108000720 1.91526030784536 -8.5930818035014 13.263536446696 0.00702509020129382 0.0303717827502814 0.0221061714115675 0.999269493232809
1688726108000800 1.91911067119203 -8.62666478381151 13.3150986302275 0.00663529932972409 0.0309366077050203 0.0217646739250501 0.999262326956964
1688726108000880 1.92282448688465 -8.66062623346672 13.3668629342621 0.00636848799880206 0.0312572816102201 0.0213508427969166 0.999263011533405
1688726108000920 1.92439631005869 -8.67760993526145 13.3928704077103 0.00627708188041818 0.0313468312053204 0.0211785019814467 0.999264452219868
1688726109000000 1.92838173352375 -8.71202105636457 13.4452150473945 0.00653911386748641 0.0315860572532403 0.0207732974514809 0.999263744508934
1688726109000080 1.93180403084314 -8.74652519529653 13.4979266525721 0.00671518285373866 0.0318284503811087 0.0204101489625354 0.999262368892627
1688726109000160 1.9353040547313 -8.78085907794498 13.5509366998278 0.00639160216235987 0.0317895809979513 0.0205008891033173 0.999263870810781
1688726109000240 1.93917628226801 -8.81510803701376 13.604160018878 0.00589185160913978 0.0319269440231478 0.0203137562968676 0.999266384721847
1688726109000320 1.94319810889394 -8.84957870236849 13.6576876916378 0.00541024224050253 0.0319663342593602 0.0202722286892823 0.999268692342999
1688726109000400 1.94703036667044 -8.88417545150292 13.7111059003583 0.00495427807406022 0.0320219571158609 0.0200753599862257 0.999273250573965
1688726109000440 1.94896011025723 -8.90123275507151 13.7379406615478 0.00473777789515397 0.0319533845839794 0.0200470566610741 0.999277063778346
1688726109000480 1.95086894264533 -8.91823218354165 13.7647134306317 0.00447465564198944 0.0318552575773139 0.0200401668554516 0.999281547780191
1688726109000560 1.95507254745824 -8.95251388047056 13.8182286507405 0.00399806971059466 0.0317687983676819 0.0202541558544721 0.999282006272246
1688726109000640 1.95955562883242 -8.98712659144088 13.8725928248964 0.00365258100309867 0.0316781085851805 0.0204735483216024 0.999281737002936
1688726109000680 1.9615657376473 -9.00487969004179 13.899494182804 0.00349899579978849 0.0316751521884452 0.0203733491376707 0.99928442818206
1688726109000760 1.96544052341765 -9.04030319546777 13.9534678430349 0.00356794065930441 0.0319529209732789 0.0202140580139645 0.999278576023391
1688726109000840 1.96903938440307 -9.07608891043965 14.007683905701 0.003806907653191 0.0320073648359601 0.0199090366696837 0.999282075446799
1688726109000880 1.9706641752122 -9.09418728537328 14.0352380042151 0.00404959095982935 0.0320649571407833 0.0197787578322882 0.999281862176648
1688726109000960 1.97412036662309 -9.13024509383608 14.0898231447572 0.00417846508866004 0.0321377399138022 0.019664215401248 0.999281254069838
1688726110000000 1.97612210141043 -9.14833609647867 14.1180549442629 0.00421396237593409 0.0325054977663962 0.0197875300041175 0.999266775587175
1688726110000080 1.97943286530054 -9.18386823334446 14.1723027547396 0.00417948707132958 0.032020228683579 0.0199779764328932 0.999278798584519
1688726110000120 1.98145445388123 -9.20186908441152 14.1999052305213 0.00419077877901553 0.0317995646529497 0.0202198254922097 0.999280933330649
1688726110000200 1.98554753935573 -9.2377428837012 14.2553891565551 0.00446967254527384 0.0313823367800678 0.0208797018767314 0.999279344835617
1688726110000240 1.98762450305332 -9.2556573774421 14.2831757056629 0.00450262936584867 0.0312195602179891 0.0212206001688264 0.999277114476792
1688726110000280 1.98972211252631 -9.27372025429681 14.3109134810294 0.00437497073452353 0.0312025909267758 0.0214591724407817 0.999273116754716
1688726110000360 1.99384149171488 -9.30953452042498 14.3662522362239 0.00410407865613447 0.0311707023270422 0.0217999461668933 0.999267885104862
1688726110000400 1.99623743945236 -9.32768931016432 14.3940370181664 0.00400843072391868 0.0312899768281871 0.0217012798532109 0.9992666932736
1688726110000480 2.00054762151293 -9.36413276189854 14.4490723550869 0.00402396873392828 0.0315786337059037 0.0211859020431932 0.999268610096161
1688726110000560 2.0047661468926 -9.40006569102021 14.5037552245834 0.0042245830160914 0.0317257451123391 0.0208087981489129 0.999271046270733
1688726110000640 2.00862680240406 -9.43590110999608 14.5582004552199 0.00448105188731498 0.0317190803798868 0.0206782475116107 0.999272850723808
1688726110000720 2.01270496039293 -9.47120587299698 14.6117881170762 0.00491732607642413 0.0316398513888841 0.0210945967714354 0.999264608447331
1688726110000800 2.01671625933711 -9.50686670751511 14.6650571387408 0.00542901854008351 0.0317035985010493 0.0212520226804964 0.999256603246515
1688726110000880 2.02156323941863 -9.54244613700475 14.7181429141122 0.00619671902292011 0.0315340474517922 0.0211973500059867 0.999258663648899
1688726110000960 2.02536593620475 -9.57751995859461 14.771191418826 0.00648188622048781 0.0315580751133629 0.021059800429559 0.999259004388768
1688726111000040 2.02940011955587 -9.61164433700928 14.8236935681693 0.00619517519060302 0.0317201194209482 0.0209727037334555 0.999257524127983
1688726111000120 2.03357600005801 -9.6446047983552 14.8760132224307 0.00533764609364321 0.0318910008478845 0.0207934553103551 0.99926077968434
1688726111000200 2.03665572771236 -9.67677136286542 14.9272555428036 0.00434975058771492 0.0321209840171168 0.0206148502944302 0.999261902607587
1688726111000280 2.04031457329176 -9.7082960897494 14.9775705228401 0.00353399644323258 0.0321433571831439 0.0204419998444947 0.999267952103185
1688726111000360 2.04383556401586 -9.74007163248622 15.0265263204401 0.00313928608796833 0.032221816559688 0.0204435908858083 0.999266710649437
1688726111000440 2.04734453699219 -9.77254163805505 15.0764958734161 0.00330207414223657 0.0322512406771692 0.0208011319280706 0.999257857958422
1688726111000560 2.05268683469865 -9.82039328555237 15.1490431094709 0.00293550203012646 0.0322526553622402 0.0206128240979879 0.999262858577572
1688726111000640 2.05613891663807 -9.85113196410388 15.1965893570513 0.00273099908522682 0.0319827423454086 0.0207614377070788 0.999269037116831
1688726111000720 2.0594469827469 -9.88150334967289 15.2435829793191 0.00257994872385736 0.0318647976734512 0.0207944977988136 0.999272519083312
1688726111000800 2.06290895762269 -9.91223852663173 15.2894995878419 0.00283079047394529 0.031789818434788 0.0209615297381717 0.999270738258762
1688726111000880 2.06660577692075 -9.94241550429232 15.3343857980073 0.00335832711274169 0.0320544209098813 0.0209374995366941 0.999261155480532
1688726112000000 2.07186676878563 -9.98633429181239 15.4003544370519 0.00386371027395085 0.0325713329987902 0.0206113866068791 0.999249393670941
1688726112000080 2.07508869265786 -10.0156298307249 15.4437128370256 0.00421603504082193 0.0323530928284314 0.0203626587964832 0.999260158597203
1688726112000160 2.0785165944211 -10.0439718789179 15.486239537405 0.00461779992242964 0.03236291430559 0.0204310989578462 0.999256667676979
1688726112000240 2.08127677415671 -10.0718574228623 15.5283499229859 0.00494742188606488 0.0323688375818779 0.0206736959246884 0.999249908514928
1688726112000320 2.08420145691198 -10.0995679369012 15.570314013385 0.00534197051522996 0.0324219883705318 0.0207358277090881 0.999244866621958
1688726112000400 2.08729261751138 -10.1283499755325 15.6137010623032 0.00572605833319652 0.0326312304519645 0.0207911513546945 0.999234778758477
1688726112000480 2.08978810440657 -10.1553224859727 15.6539071555402 0.00613599679526291 0.0324941461995013 0.020793884735707 0.999236755911076
1688726112000560 2.09276730660031 -10.1822688453358 15.695764214952 0.0061538689570977 0.0325277749028082 0.020927265003919 0.99923276734512
1688726112000640 2.09596837300645 -10.209277302382 15.7375379642028 0.00573963993436491 0.0324736161636313 0.0211281828683126 0.999232766013687
1688726112000720 2.09953542542582 -10.2364451695625 15.7792029778133 0.00548566917349018 0.0322182111921315 0.0213602378137324 0.999237526588068
1688726112000800 2.10271095796948 -10.2639228646538 15.8206144692604 0.00544150269498148 0.0321861622697599 0.0214407428888745 0.999237076749626
1688726112000880 2.10611325216003 -10.2915692502108 15.8613278023036 0.00577789278318993 0.032438095997941 0.0212550005164828 0.999231009745023
1688726112000960 2.10910764658916 -10.3192339775376 15.9019240590754 0.00633930678586919 0.0326427534341946 0.0209271859814119 0.999227860262417
1688726113000080 2.11405996750189 -10.3610354294445 15.9639033877307 0.00677126398331614 0.0328891056626841 0.020492893921622 0.999225949428604
1688726113000200 2.11780847874245 -10.4007384556953 16.0227471215384 0.00756300325318401 0.0330029875154428 0.0202080505993587 0.999222316848369
1688726113000320 2.12215729150989 -10.440810195792 16.0828176878189 0.0079156180473375 0.0329134179442576 0.020200569147277 0.999222691353775
1688726113000440 2.12691025349613 -10.481482525967 16.143308773484 0.00880761827932464 0.032795740695853 0.0205565083344709 0.999211837008325
1688726113000520 2.13006345732583 -10.5084638411944 16.1836571455755 0.00923147537911793 0.0325342987937917 0.0209348827681884 0.999208701897558
1688726113000600 2.13319994160483 -10.5352406561298 16.2240727614497 0.00942548279880426 0.0322038287920896 0.0213823428307949 0.999208121013939
1688726113000680 2.13681434698341 -10.5616847942389 16.2644214989811 0.0090336915951126 0.0321969824189514 0.0215035759717267 0.999209358923197
1688726113000760 2.13989092835189 -10.5876560890538 16.3049023788868 0.00839957844935934 0.0323282546721286 0.021416693318148 0.999212518075631
1688726113000840 2.14294363667711 -10.6138896711204 16.3454842659606 0.00774905929812223 0.0325426611140767 0.0211749667225353 0.999215966681832
1688726113000920 2.14605531798024 -10.6402596729805 16.3859848452781 0.00738027439576608 0.0327085197734264 0.0211002361250941 0.999214923987597
1688726114000000 2.14893815334305 -10.6668678980857 16.4263507776474 0.00722819212677777 0.0327358613700394 0.02109880434371 0.999215170558477
1688726114000080 2.15216869107343 -10.6932702511373 16.4668371252817 0.00700952503664416 0.0328431057514772 0.0212030990517999 0.999211001517676
1688726114000160 2.15479316847696 -10.7199886185664 16.5075501604724 0.0069648078142361 0.0327056526231807 0.0213745343955172 0.999212170171069
1688726114000240 2.15747524734489 -10.746566189265 16.5483535532098 0.00691948192347741 0.032693634647046 0.0215388513047338 0.999209349890176
1688726114000320 2.16082104199594 -10.7732153042285 16.5890480336537 0.00675978503420905 0.0325245526601319 0.0217583198770118 0.999211206050392
1688726114000400 2.16424907975495 -10.7995790897087 16.6298346794388 0.006582190761819 0.0324459337607295 0.0220356432651701 0.999208870343463
1688726114000480 2.16859155444162 -10.827220861591 16.672264921785 0.00621073994793752 0.0324239027610136 0.0222491146942742 0.999207232827287
1688726114000560 2.17143287967659 -10.853509656241 16.7125583096126 0.00616561663134122 0.0320748907090327 0.0222733410352167 0.999218236841526
1688726114000640 2.17501294440432 -10.8814814422209 16.7541271129994 0.00619770658860689 0.0321436867782238 0.0223993765139577 0.999213010206098
1688726114000760 2.17940150153948 -10.9233809104715 16.8170880201125 0.00679520124117537 0.0319224719088741 0.0226828169918706 0.999209823230653
1688726114000840 2.18277613280144 -10.9512511136091 16.8589695823979 0.00701244058814039 0.031680571801835 0.0230358730524573 0.999207944123753
1688726114000920 2.18603411272129 -10.9789882619666 16.9011696642882 0.00705446316420283 0.0315284452744699 0.0233214735055075 0.999205834931708
1688726115000000 2.18955367886479 -11.0068939562591 16.9435027520301 0.0069253978158158 0.0314476775322789 0.023507366351249 0.999204927014547
1688726115000080 2.19311645050923 -11.0350551992665 16.9865778618346 0.00694673635603256 0.0314114444944579 0.0234826685090152 0.999206499322571
1688726115000160 2.1969111159673 -11.0631614204009 17.0295699131773 0.00709069371629672 0.0313452038987041 0.0236931400209981 0.999202599761988
1688726115000240 2.20040808876898 -11.0915280710758 17.0726986604112 0.0070572669864533 0.0313280881740507 0.0239944166197711 0.999196183862367
1688726115000320 2.20387491378603 -11.1197828810403 17.1158149252127 0.00717287587831858 0.0312759802297133 0.0242415734376186 0.999191027296369
1688726115000400 2.20712032040234 -11.1488419127954 17.1594514879926 0.00752814409776546 0.031267894856733 0.0244340851786897 0.999183977693374
1688726115000480 2.21029206588565 -11.1780780490389 17.2031368646918 0.00771567643976747 0.0312192941781184 0.0242708067051864 0.999188046340616
1688726115000560 2.21448375136442 -11.2073720990106 17.2469956842568 0.00772409426164717 0.0312992219839293 0.024266351526809 0.999185588994665
1688726115000640 2.21813472761375 -11.2366361838736 17.2911133700916 0.00766097072363506 0.0311822474850799 0.0242192256426763 0.999190875698242
1688726115000720 2.22191842157611 -11.2661967862093 17.3354706507169 0.0077481457401557 0.0310646369064726 0.0241445102821459 0.999195675128097
1688726115000800 2.22477161999946 -11.2959289951508 17.3802476598911 0.0079775906066606 0.0311567077970874 0.0240653497073754 0.999192912580359
1688726115000880 2.22840448380696 -11.3263015303175 17.425190266308 0.00851500254019007 0.0311583911545165 0.0238755852171291 0.999192977268627
1688726115000960 2.23144107003651 -11.3565287574642 17.4700823671569 0.00908218512300239 0.0312209320399329 0.0238953517555331 0.999185558082396
1688726116000040 2.23579517027874 -11.388273171567 17.5175103037868 0.00950553508116423 0.0313170036691318 0.0239832934321189 0.999176506789545
1688726116000120 2.23849783804556 -11.417403562776 17.5610192412476 0.00992336578595105 0.0311373702403842 0.0241106030653784 0.999174994585941
1688726116000200 2.24212855013756 -11.4478926384953 17.6070358508035 0.00992383985562161 0.0312007461775702 0.024122874003896 0.999172716696305
1688726116000280 2.24604140892705 -11.4785231699331 17.6532775650812 0.00974230657598455 0.0310108228215419 0.024294148357077 0.999176266074267
1688726116000360 2.24959530850147 -11.5091110529527 17.7000030516121 0.0095409444901742 0.0311744180884782 0.0241512838272351 0.999176581753484
1688726116000400 2.25163307834765 -11.524371689961 17.7235085213699 0.00941217679039443 0.0310647640768447 0.0240019738729989 0.999184816043116
1688726116000480 2.25544038567901 -11.5552400807062 17.7706416127345 0.0092339766026691 0.0312142978967102 0.0235140283480741 0.99919342059171
1688726116000520 2.25721438255775 -11.5708949503644 17.794396775031 0.00921073560868445 0.0312440322166249 0.0233507189979042 0.999196535583803
1688726116000600 2.26081524000404 -11.6023682656352 17.8421088763422 0.00916498734186254 0.0311744671713212 0.0230773116711971 0.99920548101461
1688726116000640 2.26260707468808 -11.6181338402065 17.866062998221 0.00906597855753154 0.0313211713684144 0.0230382068608883 0.999202698796165
1688726116000720 2.26656242592419 -11.6494605387732 17.9138280613031 0.00886071710689577 0.0312834705751461 0.0232648096059389 0.999200470774071
1688726116000800 2.27101569989671 -11.6830343895127 17.964582849991 0.00821900892461979 0.0313288916689882 0.0236652165109703 0.999195129074686
1688726116000880 2.27391394449293 -11.712465818992 18.0110062781875 0.00789472758803011 0.0312304280467555 0.0235519304962813 0.999203502901299
1688726116000960 2.27751067351911 -11.7442770253618 18.0599889340622 0.0075568823661564 0.031145491664449 0.0234371377147505 0.999211465333352
1688726117000040 2.2814157506708 -11.7764140483563 18.1092865860116 0.00726818507177774 0.0310568214580579 0.0233696546905241 0.999217947480093
1688726117000120 2.28507450181442 -11.8085579010606 18.1587084861343 0.00691041302046985 0.0308631902317755 0.0235195766329733 0.999222967708214
1688726117000200 2.28943064126087 -11.8419933284615 18.2107485695541 0.00682735799495977 0.0311934464938085 0.0237992223995868 0.999206661853203
1688726117000280 2.29247253724753 -11.8728307112966 18.2587097914003 0.0061425974759509 0.0306726761596683 0.0236462377915692 0.999230859647438
1688726117000360 2.2957933509129 -11.9049502266626 18.3092977651393 0.00569934700307633 0.030833790628496 0.0234663114251377 0.999232769192101
1688726117000440 2.29956928950384 -11.9375989005687 18.360041218815 0.00549973260125739 0.0309349400479147 0.0233836561124038 0.999232699150885
1688726117000520 2.30404414456571 -11.9708795972598 18.4109818721995 0.00547837299229527 0.0309181246419546 0.0236626509285871 0.999226769031441
1688726117000600 2.30839384416282 -12.0046946125545 18.4619087517228 0.00558599489868294 0.0308446735703317 0.0239723727016976 0.999221060686965
1688726117000680 2.31265918256833 -12.0390057282591 18.5128680605927 0.00577120148765345 0.0308243149484289 0.0243752152839772 0.999210890513714
1688726117000760 2.3170730368506 -12.0735948862594 18.5637518633722 0.00606720642262063 0.0306248966430761 0.0246671403632465 0.999208104900138
1688726117000840 2.32223289854121 -12.1085642020684 18.6150262027678 0.00630875922200549 0.0306532715538762 0.0247651325368978 0.999203315001783
1688726117000920 2.32722179617956 -12.1433359940131 18.6661865091184 0.00684286083783091 0.0305803615286635 0.0249218270797992 0.999198138148453
1688726118000000 2.3320066956739 -12.1784291291419 18.717734366288 0.00774053727255327 0.0308333432264255 0.0248760317188454 0.999184953886985
1688726118000080 2.3366001929136 -12.2136391676689 18.7697343269477 0.008517981500198 0.0313120127042352 0.0245522601174606 0.999171751189302
1688726118000160 2.34084266357169 -12.2488292374268 18.8217677943367 0.00919766789043775 0.0325267067249468 0.0247823856640329 0.999121238697189
1688726118000240 2.34644645734366 -12.2854279896117 18.875384067347 0.00988912911311899 0.032829860778079 0.0246968483269282 0.999106836654315
1688726118000320 2.35223779429044 -12.3217148045538 18.9292988707464 0.0104424067202696 0.0332859449007984 0.0250929772083154 0.999076245593284
1688726118000360 2.35539896587685 -12.3398015419016 18.9568192533428 0.0106896799312239 0.0334734146077869 0.0254118692643673 0.999059306626966
1688726118000400 2.35832656508727 -12.3579503009097 18.9845726160995 0.0107307798007738 0.0336867879058813 0.0258629706681195 0.999040118030138
1688726118000440 2.36130625140875 -12.3762757763288 19.0122457406698 0.0107476506318401 0.033929374339837 0.026173157483231 0.999023649064506
1688726118000480 2.36445945748906 -12.3944460532734 19.0400759558236 0.0106085267765349 0.0342555163973524 0.0263950838996734 0.999008167284888
1688726118000520 2.36701078484102 -12.412460552519 19.0673811276058 0.0104489868226564 0.0349979954885652 0.0268697475825699 0.998971458877085
1688726118000600 2.37472869944414 -12.4497021538201 19.124527504692 0.00990383338627687 0.0351876231551964 0.0268139698334495 0.99897184959473
1688726118000680 2.38116164161769 -12.4865077442096 19.1818810738743 0.00916170406819918 0.036137687106776 0.0268155554994712 0.998944971823971
1688726118000760 2.38755035447248 -12.5239067920055 19.2395283937036 0.00846186802682932 0.037024773587529 0.0271006130089004 0.998910966855821
1688726118000840 2.39448851682091 -12.5614618272159 19.2975651028565 0.00791890056545242 0.0377713207853947 0.0275747168238577 0.998874493283338
1688726118000920 2.40148839813525 -12.5995747111764 19.3559493548398 0.00730156317801165 0.03837340955687 0.0280568623236735 0.998842821013741
1688726119000000 2.40839643743462 -12.6382981720198 19.4152572178614 0.00711005468312703 0.0386918554797278 0.0284367325847874 0.998821175026761
1688726119000040 2.41034920376785 -12.657729027077 19.4446413104876 0.00706832297241904 0.0385462620500149 0.0286880458837292 0.998819913956316
1688726119000120 2.41777907890533 -12.6966929556882 19.5051443593453 0.0065451563354773 0.0387553683951304 0.0289574587937162 0.998807613071362
1688726119000160 2.41970912748144 -12.7161410052074 19.5350306300727 0.00627025918301709 0.0391549760141636 0.0290973622113365 0.99878972522521
1688726119000200 2.42358278420494 -12.7361608482531 19.5657751076782 0.00615616415571138 0.039208132428725 0.0291573128379504 0.998786601383103
1688726119000240 2.42658145190165 -12.7561093501625 19.596041000574 0.00616358364859276 0.039344741141962 0.0291013832814843 0.998782814766145
1688726119000280 2.42971026770265 -12.7762650306894 19.6264103432403 0.00624967651278981 0.0393050031423131 0.0290086461676363 0.998786542119481
1688726119000320 2.43227069277716 -12.7959886436914 19.6560194673067 0.0064937543486499 0.0391836023968176 0.0292416887050497 0.998782959455829
1688726119000400 2.43884166245459 -12.8380432724295 19.718147518878 0.00706549060815109 0.0387651427363071 0.0293595105400128 0.998791951154969
1688726119000440 2.44161992636254 -12.8588084381514 19.7489053902069 0.00728790793202613 0.0386994858071262 0.0294833737509332 0.998789250477047
1688726119000480 2.44469021034186 -12.8796037351668 19.7798732005617 0.00751756483402406 0.0384007247130287 0.0296672542345726 0.998793634634633
1688726119000560 2.45053333648729 -12.9210388867998 19.8424653487613 0.00791909356438852 0.0380465374854591 0.0296637310733931 0.998804191021089
1688726119000640 2.45596225835826 -12.9632424121718 19.9047632236674 0.0083786313355699 0.0370844704764725 0.0289081717415609 0.998858777902553
1688726119000720 2.46175442537771 -13.0063685206418 19.9689626967274 0.00907700434033921 0.0371285740711845 0.0283855419607344 0.998866026045156
1688726119000800 2.46717392676699 -13.0494443933256 20.0329148620319 0.00991941890165888 0.0369143972460033 0.0274771160652167 0.998891355702589
1688726119000880 2.47223967532455 -13.0924201143182 20.0970044376494 0.0103511256656634 0.0363143382042103 0.0269087159468121 0.998924443611396
1688726119000960 2.47688546966827 -13.1357922029508 20.1621306868867 0.0104948642629918 0.0356060669814264 0.026308367311357 0.998964431612871
1688726120000040 2.48153057181036 -13.1783688661844 20.2262274291798 0.0103724750266581 0.0349326136927404 0.0263624091273959 0.998988061814262
1688726120000080 2.48421362401311 -13.1992560080414 20.2579082616395 0.010104624187961 0.0339969220932813 0.0262316598926227 0.99902652911596
1688726120000160 2.48889222727769 -13.2432815628762 20.3250843921673 0.0101032799997515 0.0335557122545302 0.0262094585933322 0.999042042252768
1688726120000200 2.4913873373235 -13.2649244003237 20.358364465489 0.00987912654877549 0.0332229819509108 0.0259914629008616 0.99906109932536
1688726120000240 2.49328675387165 -13.2865790332488 20.3914837619865 0.00965216056446099 0.0329018509474511 0.0257720616673459 0.999079628877541
1688726120000280 2.49528463780103 -13.3084172502205 20.4249621554971 0.00938734519066116 0.0325584751034645 0.0255685205802045 0.999098630869119
1688726120000320 2.49765071473066 -13.3303011917648 20.4590893215943 0.00897708601867768 0.0321229505268971 0.0251057391205191 0.99912823493247
1688726120000360 2.49922157467972 -13.3517950758923 20.4923176385875 0.00861359260589191 0.0319587506560746 0.0250050713075789 0.999139224877007
1688726120000400 2.50143232639661 -13.3734953081706 20.5262083000954 0.00806164756399308 0.0316345939027431 0.0247188784953713 0.999161267940813
1688726120000440 2.50353754037938 -13.3948771687287 20.5596632498139 0.0074547529965943 0.0306508747454105 0.0242838206358078 0.999207309115795
1688726120000520 2.5064530388807 -13.4387898830262 20.6282327674483 0.00639727013680096 0.0303949888941133 0.0238642372127608 0.999232564404892
1688726120000560 2.50813095190591 -13.4606842682541 20.6625593294162 0.00597899296980447 0.0295849206212697 0.0237367910778086 0.999262502480819
1688726120000600 2.50933616520551 -13.4829328683963 20.6968318974736 0.00574069921713805 0.0288662853532583 0.0235208134139421 0.999290024606845
1688726120000680 2.51223461481981 -13.5277705477179 20.7654505656954 0.00559648451599552 0.0270588107068362 0.0230482456887866 0.999352429573703
1688726120000760 2.51372296654359 -13.573223415413 20.8348295712226 0.00561711823466226 0.0252337087115026 0.0223944902085517 0.999414926212181
1688726120000800 2.51428152083133 -13.5958041904744 20.8693140615128 0.00559347954644696 0.0242352326874319 0.0219342868727457 0.999449975507796
1688726120000840 2.51498394750963 -13.6187732785382 20.904157298932 0.00566379655076166 0.0230303296909486 0.0214358994193053 0.999488883149304
1688726120000920 2.51511544701895 -13.6638419014013 20.9728023166173 0.00572389742365267 0.0200261516837824 0.0201981164504774 0.999579024559276
1688726121000000 2.51435720056642 -13.7106232266532 21.0446271400042 0.00604872118935347 0.0181624354556064 0.0191396120102573 0.999633539934706
1688726121000040 2.51362008787051 -13.733732267937 21.0796673035182 0.00613161909759528 0.0167885336452543 0.0186056380649524 0.999667133908823
1688726121000120 2.51209772589645 -13.779890298664 21.1498643631846 0.00625669412243454 0.0140076055417601 0.0171318435103207 0.999735535381024
1688726121000160 2.51112350468564 -13.8028421300658 21.1848772661843 0.00624312451767331 0.0125691929928272 0.0160527730331573 0.999772647786341
1688726121000240 2.50801081785977 -13.8489067435648 21.2534731009245 0.00647515832934931 0.0102079039755604 0.0143955066172423 0.999823304594501
1688726121000320 2.50442354809705 -13.8965293690886 21.3257042121688 0.00682109570646418 0.00772706844043129 0.0123006011428583 0.999871221847196
1688726121000400 2.50031439552957 -13.9435083777498 21.3956645557742 0.00747585629949157 0.00510454216861027 0.0103032731393367 0.999905944469006
1688726121000480 2.49572865467223 -13.9902437534212 21.4652183726781 0.00813288795023751 0.00243891294145535 0.0085925527488694 0.99992703527533
1688726121000560 2.48985880432678 -14.0364437650903 21.5341621558809 0.00859249719757811 -2.07907108209077e-05 0.00639668850726078 0.999942623821886
1688726121000640 2.48406735771253 -14.083168762713 21.6028310502303 0.00921828075994155 -0.00235569809269657 0.00374003652879178 0.99994774169108
1688726121000680 2.48091976790954 -14.1063311171037 21.6369214065403 0.00967455062723885 -0.00336596850891044 0.00238781322040432 0.999944684307178
1688726121000720 2.47818345117649 -14.1289561947635 21.6703593496897 0.00990637111275424 -0.00398644993884435 0.00142910948512992 0.999941963153033
1688726121000800 2.47111551980789 -14.1751568693921 21.7392995575008 0.0101062627744368 -0.00671225317659032 -0.000669486088155729 0.999926177724338
1688726121000840 2.46803655182451 -14.197565822896 21.7735032141899 0.00998071503592451 -0.00790814163096145 -0.00138739378660116 0.999917957515414
1688726121000880 2.46489055316179 -14.219794954241 21.8075636120765 0.00969986762737746 -0.00913788619338756 -0.0021672371240326 0.999908853189718
1688726121000920 2.46235759716838 -14.2418325869672 21.8415578918116 0.00932510607502572 -0.0104063905952055 -0.00282356415964325 0.999898383295476
1688726121000960 2.45917031675123 -14.2638155918902 21.8753211873129 0.00911962161910423 -0.0115294423346188 -0.0031293548032526 0.99988704942083
1688726122000040 2.45289962433696 -14.3085227763765 21.9426309736236 0.00889913346899035 -0.0137507864517942 -0.00420316548950244 0.999857017125612
1688726122000080 2.44974536555455 -14.3305850821536 21.9763513194796 0.00908602800849286 -0.0144785725361988 -0.004958462883545 0.999841601794092
1688726122000120 2.44849422036839 -14.3515819192432 22.0077770745987 0.00900363914087764 -0.0145208982985524 -0.00536560025873636 0.999839631305285
1688726122000200 2.43967539247941 -14.3968575051857 22.0761737095914 0.00920232011116271 -0.0162638237075398 -0.00776458940982572 0.999795237283254
1688726122000240 2.43616983969706 -14.4186804383001 22.1093358426002 0.00902647920807298 -0.0169534211883053 -0.00861290099263827 0.999778436514616
1688726122000320 2.42932987130598 -14.462303394965 22.1754103681459 0.00864932495606744 -0.0186354314066034 -0.00963631822797717 0.999742492467487
1688726122000360 2.42596540068746 -14.484145164083 22.2087455976764 0.00855247474659214 -0.0194578051854793 -0.00989320181452234 0.99972514900393
1688726122000400 2.42310417275292 -14.5056675183494 22.2417605001191 0.00827581382986932 -0.0201345004555431 -0.0100584010401039 0.999712429334244
1688726122000480 2.41792732927783 -14.5485981775149 22.3077725114272 0.00771836102889393 -0.0215050117925064 -0.0101839900864158 0.999687074897316
1688726122000520 2.41511868931567 -14.569807650563 22.3406219599037 0.00736559225857822 -0.0220351641179243 -0.0102690606428188 0.999677320932355
1688726122000600 2.40907968348212 -14.6125414117394 22.4047607644006 0.00672996689991749 -0.0225502211734027 -0.0106092380933698 0.999666764045717
1688726122000680 2.40482554838834 -14.6548349038714 22.4702020658737 0.00608641568180176 -0.023517796639327 -0.0116447978785419 0.99963706787401
1688726122000760 2.39995476935104 -14.6970247932142 22.5342616512275 0.0056416661917168 -0.0233627889671385 -0.0126043543168011 0.99963167314092
1688726122000840 2.39688383527982 -14.7388229475596 22.5981662379676 0.00536893948201232 -0.0226897958472944 -0.0132722363234348 0.999640032909958
1688726122000960 2.39419911236938 -14.802739055086 22.6935526385946 0.00552248418474387 -0.0214227915112386 -0.0132871940958514 0.999666952862479
1688726123000040 2.39212855916179 -14.8392600731105 22.7463836073043 0.00588790587622485 -0.0190093325392501 -0.0117024285037724 0.999733479987501
1688726123000160 2.39289434199305 -14.9096947127663 22.8517775053451 0.00648348436117923 -0.0197138768070209 -0.0102365267348522 0.999732234656952
1688726123000280 2.39201903632787 -14.9708950722019 22.9462543199071 0.00648922274711738 -0.017870625303273 -0.0089598198039302 0.999779101786234
1688726123000400 2.39437048747014 -15.0303646707186 23.0405690532417 0.00572604517970882 -0.0150878049744398 -0.00817083938351632 0.99983639058169
1688726123000480 2.39288730934503 -15.0622255307414 23.0957903245337 0.0031394899069307 -0.0115260380740672 -0.00429170202300016 0.999919434426187
1688726123000600 2.40104873586449 -15.1152311133461 23.1945099718936 -0.00342095791489039 -0.0078337001465575 -0.00528676945845509 0.999949488853138
1688726123000680 2.4034298147568 -15.1521316695984 23.253536080899 -0.00548776828068104 -0.00355198065291268 -0.00410576359882739 0.999970204825128
1688726123000760 2.40806756738887 -15.1970662174025 23.3094058655839 -0.00266958544952851 0.00218958057286149 -0.000190137583520444 0.999994021431199
1688726123000880 2.41445906339358 -15.2711119917959 23.3893226874334 0.00618959489743816 0.00730555455863051 0.00671998686312923 0.999931577441255
1688726123000960 2.4290918786781 -15.3166718234535 23.4448167991585 0.0116258661764978 0.0130478503951211 0.0111936183571389 0.999784624678629
1688726124000040 2.44871433928617 -15.3560663124904 23.5025937258325 0.0151366656122318 0.0187391812956968 0.0147954781588627 0.999600329263932
1688726124000120 2.47137784280005 -15.3936376826779 23.5601826397235 0.0193239285408052 0.0262763376793545 0.0180906058146464 0.999304192848789
1688726124000200 2.49936799095283 -15.4238828762128 23.6122275282571 0.0230133298874263 0.0363796155425187 0.0208644979727137 0.998855136115752
1688726124000320 2.54329903316993 -15.4754490912002 23.6991905759129 0.0230398621953647 0.0485806824624005 0.0271276199601189 0.99818493991685
1688726124000400 2.57369757901852 -15.5039111007087 23.7468824818443 0.0189520547411731 0.0569287481865302 0.0328336437151284 0.997658202538019
1688726124000480 2.61534248452051 -15.52390005166 23.799025711475 0.0139032942702945 0.0680133799721757 0.0371484699099016 0.996895616269099
1688726124000640 2.69919189676636 -15.5914184219507 23.8800509296421 0.00986470302945117 0.0905309872545796 0.050324005333934 0.994572431986732
1688726124000800 2.78833801065997 -15.6850034150499 23.9331626123877 0.0138859477510894 0.113655516391702 0.0718739013520566 0.990819734539651
1688726124000920 2.86760567549084 -15.7265057538255 23.9862936192504 0.0153614648053505 0.135992483833668 0.0825506164105713 0.987145108618798
1688726125000040 2.95357921968231 -15.7350384478813 24.0343528812257 0.0161073034142361 0.156948666590236 0.0931536774784256 0.983071748757187
1688726125000160 3.0367003509292 -15.7854766480789 24.0830210784924 0.0172878694192822 0.18264021585853 0.104218456448032 0.977487695297328
1688726125000320 3.14691191533512 -15.831071119121 24.1231069712965 0.0219764215857938 0.208820577301541 0.127314782542313 0.969382251506566
1688726125000440 3.22734419917032 -15.8488690110129 24.1474155883839 0.0179633088571722 0.226068316757562 0.150345695895003 0.962271587141152
1688726125000600 3.33996227928556 -15.8658533668147 24.1715982355249 0.0167138449699082 0.254811347752953 0.166358085109187 0.952426801366619
1688726125000760 3.43495151364007 -15.9164110598483 24.1758306820997 0.0161566462326671 0.285446611301885 0.182172334022199 0.940782884408346
1688726125000920 3.53408433512167 -15.9366133549753 24.1880516185572 0.0164276195783838 0.309810699845899 0.201802950816274 0.928990329668628
1688726126000080 3.62722239322178 -15.9612961074412 24.1891310986547 0.0142926745898321 0.337275868021776 0.217820636993029 0.915748261479747
1688726126000240 3.7145996686258 -15.9902430145081 24.1768958343674 0.00984659373659338 0.367184431128382 0.22892585329764 0.901482995857748
1688726126000360 3.78292634971885 -15.9999686750474 24.1764864226157 0.00837365167472061 0.385307867322893 0.242648542011173 0.890274909450202
1688726126000480 3.85332615794105 -16.0008213253196 24.1744093868348 0.00651154999413979 0.402652676350176 0.257711118468597 0.878301429671146
1688726126000600 3.91433616636521 -16.0068811921757 24.1731841096551 0.0042773168410388 0.421790770447475 0.270152609836695 0.865500905790623
1688726126000720 3.96989379539896 -16.0145059346367 24.1714701455084 0.00305989720042158 0.442705923691947 0.281330404837416 0.851384346503504
1688726126000840 4.02621383431342 -16.0225255652536 24.1729705021315 0.00229676517645701 0.463275663093061 0.292059397158466 0.836702870430622
1688726126000960 4.07737265837952 -16.0193908569046 24.166603765716 0.00185836178514216 0.482039990137475 0.304599602400375 0.821494416668349
1688726127000080 4.1308223057686 -16.0171713591785 24.1604168577092 0.000406641376713284 0.499660794986669 0.316924212120055 0.806162495014599
1688726127000200 4.18054053001006 -16.0178444844748 24.1567989274615 -0.000749282735280135 0.518796409511197 0.327533001627158 0.789665661466153
1688726127000320 4.22718714149542 -16.018617711229 24.1521972187345 -0.000183817668308951 0.53689967077178 0.338079235843233 0.772943167398403
1688726127000440 4.27901372476629 -16.0184201925045 24.1486118953821 0.000907070300523727 0.553282235244268 0.349737686973432 0.756016862045451
1688726127000560 4.31830383760778 -16.0130651070134 24.1377491764175 0.00156772352785267 0.568794446623843 0.360140157826512 0.739438629267846
1688726127000680 4.36101812909073 -16.0112965722328 24.1295304507674 0.000960956203726294 0.583751334798557 0.370058611942331 0.722696395045245
1688726127000800 4.39913103370987 -16.0122200333909 24.1237787939931 0.000719738837345586 0.597375572205607 0.378993011866879 0.706757528905141
1688726127000960 4.44697834390085 -16.0178397014277 24.1227123318868 0.000705321849832964 0.612789397871793 0.390768882465752 0.686868500423102
1688726128000080 4.4745153264892 -16.0191051569078 24.1168631465442 0.00127214922388118 0.621144359616736 0.398043388397355 0.675084829562788
1688726128000160 4.49364279028472 -16.0225233575848 24.1169775715136 0.00042241739987089 0.625827805066052 0.402706430380394 0.667957267270915
1688726128000240 4.51208389517685 -16.0269053389002 24.1189403009262 -0.000675553133044861 0.630111104771402 0.406662190268415 0.661502382669801
1688726128000400 4.54519045356103 -16.0370742643344 24.1266141381321 -0.00364793041964885 0.637636767227813 0.414049562894059 0.649591414005879
1688726128000560 4.57665345128937 -16.0496152984327 24.1376271301212 -0.0061558635526697 0.644457857376822 0.420088063076441 0.638875727093995
1688726128000720 4.61071424475571 -16.060889296711 24.1465533844344 -0.00832132331938263 0.651009716494309 0.426742265912485 0.627700679537701
1688726128000840 4.63861544071458 -16.0697280459174 24.1549891422992 -0.00962730561283058 0.655970141298515 0.431882276430035 0.61894118300292
1688726129000000 4.67513678359163 -16.0801347750363 24.164530234103 -0.0108751116278782 0.662474375774498 0.439433159691421 0.606554145606874
1688726129000120 4.70700757491332 -16.0891960723917 24.1735431911403 -0.0119271459056399 0.667662978319822 0.444244433867777 0.597269431286374
1688726129000240 4.736725409562 -16.0972705322667 24.1806077684423 -0.0139305082797434 0.673210191080212 0.448685220862536 0.587601524967687
1688726129000360 4.76993724157396 -16.1047838220843 24.1872213979299 -0.0150634517858479 0.678857255442264 0.453566463289607 0.577237717524288
1688726129000440 4.79425361181765 -16.1098766271012 24.1908139580148 -0.0159495815272534 0.682849629214883 0.457302190440052 0.569505664018307
1688726129000520 4.82235481428748 -16.1153941397763 24.1941488402914 -0.0174804979479152 0.686505862148865 0.461402277367414 0.561704612645206
1688726129000680 4.87507040680574 -16.1223463540008 24.1992239092301 -0.0190750631099136 0.693846478259439 0.469841353215406 0.545401053705476
1688726129000800 4.91411969942931 -16.1184690491427 24.1894647327712 -0.0209845075241767 0.699856923131499 0.47560294273335 0.53250519100968
1688726129000880 4.94915498686542 -16.1288844283567 24.2012829575697 -0.0221519857762616 0.704040665062754 0.479812188578805 0.523083449513919
1688726129000960 4.98062128554406 -16.1306449001937 24.2005916746604 -0.0245443451152928 0.708150698774449 0.483733088823889 0.513733843273947
1688726130000120 5.02477635171096 -16.1322889236497 24.1960168305792 -0.0288702188908407 0.713230875751071 0.489749305243354 0.500613470004761
1688726130000280 5.06618548491011 -16.1296431210078 24.1898455664269 -0.0302354613746445 0.717929515876573 0.495002162888857 0.488503721422924
1688726130000400 5.1027055075364 -16.1276150034809 24.1872658334297 -0.0330209351994727 0.721699286273458 0.499994685043203 0.477561590749802
1688726130000520 5.13717381599319 -16.1209696574983 24.1816393150924 -0.0349072565195241 0.725748383366936 0.503682566682513 0.467305723806883
1688726130000680 5.18135879531541 -16.1149336209666 24.1734301897142 -0.0389767059412847 0.731570920087695 0.508100884675723 0.452899874439988
1688726130000800 5.21109818380273 -16.110128342495 24.1652659647142 -0.0414482957800495 0.73552970664718 0.511822438564116 0.441945563162166
1688726130000960 5.26004792903883 -16.1018095926555 24.1531509511868 -0.0439811840131333 0.739880724084798 0.517519822780436 0.427569178741715
1688726131000080 5.29319280073477 -16.0930130864963 24.1433178266543 -0.0463790605877696 0.743698498082016 0.521441011122784 0.415765316745876
1688726131000240 5.33551930200369 -16.0821923051337 24.1303807574271 -0.0497317926926789 0.747919792852099 0.527004987989584 0.400510268145205
1688726131000360 5.37234702299653 -16.066950279499 24.1142370742797 -0.0523604583413446 0.751681311941903 0.530660617950983 0.388114540097977
1688726131000480 5.40659184080947 -16.0544463865723 24.0985436721887 -0.0544858751514176 0.755242833263008 0.534723958568056 0.375113103406367
1688726131000560 5.42843018110458 -16.0452407836967 24.0867405313936 -0.0554842307762632 0.757264516283317 0.537756098193242 0.366456452214093
1688726131000680 5.45685184001523 -16.0216068154893 24.0572557234272 -0.0576272458473015 0.76161558404174 0.541009071824644 0.352036911252571
1688726131000800 5.49294861683432 -16.0102058698856 24.0434153897629 -0.0593224565907119 0.764128493402778 0.546207366912544 0.338002964549882
1688726131000840 5.50319920812376 -16.0039115947171 24.0354836586975 -0.0602693149308505 0.765423648839885 0.54761564758417 0.332582846814703
1688726131000920 5.52272898920007 -15.9908305637936 24.0177422045914 -0.0621172929837905 0.767437583552026 0.550448970107027 0.322780000266909
1688726131000960 5.53200299772175 -15.9835187894388 24.0079567523644 -0.0626903196588741 0.768792670798206 0.551588511495059 0.317455299427642
1688726132000000 5.5405786728282 -15.9762258446984 23.9979901107954 -0.0632418578867207 0.769806583689035 0.552909643108179 0.312552743833804
1688726132000080 5.55648639275804 -15.960027236925 23.9754535926177 -0.0646132092048544 0.772306538986486 0.555205300456829 0.301852310542105
1688726132000120 5.5635867417457 -15.9513734347875 23.9627925249256 -0.0649894162223821 0.773138424583303 0.556823687975153 0.296615462715066
1688726132000200 5.57611298017542 -15.9336793356955 23.9360895214218 -0.0661088604628311 0.775283878769515 0.559851203961707 0.284835312612445
1688726132000240 5.58098736561129 -15.9249509295361 23.9226668723579 -0.0660273379197809 0.776421104853421 0.560901186198553 0.279643555095548
1688726132000320 5.58736381826569 -15.9065491652883 23.893167835276 -0.0665596160465582 0.779021647443236 0.563244760282173 0.267302133065261
1688726132000360 5.58890163868909 -15.8976000847773 23.877762917581 -0.0667025932505847 0.780609350209051 0.564276154144633 0.260369407349622
1688726132000400 5.58885115394965 -15.8891061006016 23.8619748842433 -0.067145110260258 0.782149984958253 0.565233748739539 0.253463497339932
1688726132000480 5.58496062338169 -15.8712475949778 23.8250403736911 -0.0673757531988028 0.784970624474569 0.567334748466861 0.239609911679259
1688726132000520 5.58735017878113 -15.8605635606225 23.8069048448356 -0.0678485161002333 0.785859743046906 0.569202411081103 0.232012194379317
1688726132000560 5.58465958700278 -15.8412902479054 23.7771181440227 -0.0674790085251541 0.787382984291989 0.57031768119394 0.224081150419822
1688726132000640 5.58772385567517 -15.8282373380271 23.7483414139812 -0.067178838220412 0.788241065807873 0.575112753323663 0.208346698639312
1688726132000720 5.60158208981012 -15.8030007055079 23.7138761661208 -0.0666726672674371 0.790348035547212 0.57879677212027 0.189470405945797
1688726132000760 5.60425696002613 -15.7887751688866 23.6956720286922 -0.0660834332767127 0.791090966266092 0.580435982159514 0.181389452706224
1688726132000840 5.6071368843805 -15.7648342882018 23.6626191098972 -0.0653465590705803 0.792205477091344 0.583327040474301 0.166942724116999
1688726132000920 5.60350541338468 -15.742601577461 23.6258078715818 -0.0645167127889237 0.792993419786217 0.58648789225831 0.151759619731591
1688726132000960 5.59780522229457 -15.7301921342993 23.6079132827635 -0.064616789148394 0.793643857082306 0.587608900440914 0.143770229179381
1688726133000040 5.57666084861951 -15.705494919703 23.5663207062598 -0.0627327142165795 0.795260670064356 0.588517590396951 0.131423434018364
1688726133000120 5.57212595773526 -15.6809951645535 23.5331427688435 -0.0619933869577241 0.796471344200714 0.590990068687521 0.111897080182357
1688726133000320 5.58781484080568 -15.6631197835617 23.51039957766 -0.0635913260907406 0.797697074686123 0.591380970656563 0.0995191832187385
1688726133000640 5.61022912975599 -15.6312010771143 23.4740675665975 -0.0645580449918797 0.798495850730567 0.593394688953362 0.0782264553385683
1688726133000800 5.61897821358773 -15.6160370189282 23.4545818393634 -0.0652090883493037 0.798218195091803 0.594933923078999 0.0681844189743463
1688726133000880 5.6234108289548 -15.6081502977339 23.4446327971119 -0.0654891967842523 0.797562114103423 0.596284203901062 0.0636473678128912
1688726134000000 5.63017134874096 -15.5953841189021 23.4295393629668 -0.0654167853924934 0.797142404832356 0.5974736831924 0.0575311089716527
1688726134000120 5.63605995714851 -15.5834290914244 23.4165152107413 -0.0654757520166174 0.796835568383438 0.598652122640352 0.0488020380220109
1688726134000360 5.64942465687369 -15.5638191524434 23.3887836513786 -0.066413676912345 0.796118346720053 0.600468473872369 0.0349630293324278
1688726134000520 5.66566977993401 -15.5406864421717 23.365789730068 -0.0671927055221544 0.796001759382105 0.601214220756567 0.0201940621292801
1688726134000560 5.66583012704707 -15.5368746975847 23.3615001302082 -0.0674930710377696 0.796071129530872 0.601143394184263 0.0184949105960452
1688726134000640 5.66617475148776 -15.5294071757459 23.3529508628391 -0.0679701515756093 0.796273190929824 0.600916273621857 0.0151226980941484
1688726134000680 5.66628149522672 -15.5260921846825 23.3487259953813 -0.0682339041656024 0.796082404412 0.601173694994204 0.0136794793374676
1688726134000720 5.6665815287832 -15.5227118133106 23.3444013193947 -0.0683577695017311 0.795871900018642 0.601468005167897 0.0123033681898602
1688726134000800 5.66755559180036 -15.5157587827428 23.335935418392 -0.0683581656117846 0.7955311433971 0.602011807825012 0.00625654207661708
1688726134000880 5.66775380107847 -15.5087696366227 23.3272039873243 -0.0684905040085408 0.79514537951419 0.60253855520039 0.000407179220910651
1688726134000960 5.66787922898253 -15.5016710368098 23.3187070604885 -0.0689060568903075 0.794882820758768 0.602824223228009 -0.00402647190000916
1688726135000000 5.66808847961042 -15.497972730602 23.3141910500566 -0.0690788654877863 0.794980061474325 0.602647190253427 -0.00715375990994662
1688726135000080 5.66841006377426 -15.4904935105813 23.3056159963277 -0.0696900327795006 0.794698928327236 0.602869459057439 -0.0120552056194232
1688726135000120 5.66849458144508 -15.4867247170042 23.3012683560507 -0.0701556420985366 0.79444474011156 0.603092882903597 -0.0146531696860151
1688726135000200 5.66864281101559 -15.4790951600582 23.2925160118628 -0.0707812660610098 0.794176013064745 0.603220244117194 -0.0199952427987367
1688726135000240 5.66873023605705 -15.475339263683 23.2882221222465 -0.0706206518180448 0.794164819494975 0.603163247130635 -0.0225623652159371
1688726135000320 5.66895342008455 -15.467441166954 23.2795729331793 -0.0711407775056551 0.794377015875541 0.602571910916273 -0.0284822506005558
1688726135000360 5.66892771440478 -15.4636332946665 23.2749678985032 -0.0718180892095736 0.794912129922772 0.60172873231269 -0.0296546872060876
1688726135000440 5.66885005884054 -15.4558504671052 23.2665767934486 -0.0731139143203602 0.794551391751828 0.601633123942129 -0.0371486954498263
1688726135000480 5.66875886298949 -15.4519269827083 23.2620993134716 -0.0733253662691626 0.794574086947859 0.601409566280116 -0.0397736671584625
1688726135000520 5.66866125228132 -15.4479792066192 23.257613011518 -0.0737917264239176 0.79441448962974 0.60138911380239 -0.0423265115225917
1688726135000560 5.66841476531879 -15.4441079306957 23.2530741405403 -0.0742494163073824 0.794640232832416 0.600805676190775 -0.0454583765548483
1688726135000600 5.66808926809984 -15.4401858858993 23.2485449490132 -0.0745129924665408 0.795002659371607 0.600045835016043 -0.048616678472034
1688726135000640 5.66764233165394 -15.4362768878394 23.2439975186802 -0.0744859088575099 0.79509487004865 0.599696345351167 -0.051383755958907
1688726135000680 5.66715476750182 -15.4323327089511 23.2394779050511 -0.0746419503497041 0.795125215746142 0.599420996587277 -0.0538417995887895
1688726135000720 5.66668366447286 -15.4284392023942 23.2350020185853 -0.0748957669433932 0.795139261641798 0.599163312897599 -0.0561026128381802
1688726135000760 5.66622438393349 -15.4244794609985 23.2305978677995 -0.075512875683702 0.79515756171225 0.59873742279502 -0.0594622250053337
1688726135000840 5.66499932868212 -15.416760595057 23.2217436789257 -0.0760219039419951 0.795193959681793 0.597861882534851 -0.0666963718541578
1688726135000880 5.66427408359664 -15.4128626350493 23.2173696226298 -0.0763541306905537 0.795479648581775 0.597192665631344 -0.0688701352898014
1688726135000920 5.66362254933069 -15.409135347714 23.2130202560429 -0.0769892436427591 0.795637898897952 0.596480669170641 -0.0724140974280029
1688726135000960 5.6630324008049 -15.4053765825064 23.2086202948793 -0.0774793651259677 0.79557662105285 0.596066752824291 -0.0758894866981774
1688726136000000 5.66244040641185 -15.4015826273391 23.2042633870426 -0.0779702657419118 0.795904393688935 0.595046440846935 -0.079853409458709
1688726136000040 5.66177404374009 -15.3978154277376 23.1999433081944 -0.0782495698018913 0.796083318624394 0.594254601696557 -0.0836051613015465
1688726136000080 5.66106061381536 -15.3939437116246 23.1956509714066 -0.0786838758285626 0.796599070099155 0.593047316680994 -0.0867965977399385
1688726136000120 5.66021615243716 -15.390162228032 23.1912544943365 -0.0789753288748364 0.796958079793586 0.591985159989659 -0.0904117626907563
1688726136000160 5.65938826686553 -15.3864237944201 23.18695962747 -0.0793632099026796 0.797179401442996 0.590985979488071 -0.0945624390413849
1688726136000200 5.65849576181501 -15.3828057271964 23.1827283638801 -0.0796413519976442 0.797513444276042 0.589967971262178 -0.0978128526101799
1688726136000240 5.65754795566845 -15.379179957681 23.1783923990546 -0.0799919938034237 0.797845533043982 0.588924608611959 -0.1010524205567
1688726136000280 5.65648902920815 -15.3754700439857 23.1740653089959 -0.0801705942295751 0.798315889132229 0.587675832319731 -0.104410406987078
1688726136000320 5.65544815752569 -15.371961248854 23.1698297174996 -0.0805497277476214 0.798512914689548 0.586778015725658 -0.107612390991217
1688726136000360 5.654523896836 -15.3684678909229 23.1656097950042 -0.0817366222660074 0.798587625276325 0.585997126983326 -0.110382500892816
1688726136000400 5.65372638268895 -15.3651412102508 23.1615296615619 -0.0836488927957909 0.798425149323603 0.585260804675294 -0.113973392388082
1688726136000440 5.6527813883682 -15.3619239318397 23.157412909053 -0.0851541055642939 0.798388137411929 0.584573701936311 -0.116613667080381
1688726136000480 5.65178729632313 -15.3586835117902 23.1532041824096 -0.0867869596738135 0.798219104982193 0.583943735477387 -0.119682905499152
1688726136000520 5.65093585678097 -15.3548819712204 23.1486937499422 -0.087619901519754 0.798229167977492 0.583732817379023 -0.12003726988889
1688726136000560 5.65003317280787 -15.3519469421497 23.144798316641 -0.0886473408382259 0.798167817939416 0.583116574966915 -0.122657422796162
1688726136000600 5.64891375727203 -15.3488158205148 23.140831655795 -0.0886734565370051 0.798366242446018 0.583148565187434 -0.12118626963581
1688726136000640 5.64767183108097 -15.3455555801774 23.1365764884096 -0.0884502705829225 0.798462683327572 0.582726846547042 -0.122732698497515
1688726136000680 5.64639046508761 -15.3423255691108 23.1325956612799 -0.0872045140042904 0.798856991461325 0.582775230388139 -0.120813537224466
1688726136000720 5.64512835702161 -15.3390032074497 23.1284374095555 -0.08652320457222 0.799102230962009 0.582111864305138 -0.122862268322256
1688726136000760 5.64378792564178 -15.3356496915733 23.1244222766795 -0.0856058936210653 0.798887941911657 0.582605335705194 -0.122559006414597
1688726136000840 5.64119034888289 -15.3288513640073 23.1162038347063 -0.084534056389012 0.798995179251461 0.582699680013235 -0.12215473693565
1688726136000880 5.64000399201717 -15.3254760573284 23.1121296314326 -0.0846886158637893 0.798937614368104 0.582822685382888 -0.121836957012054
1688726136000920 5.63869696161894 -15.3220522917437 23.1080232020079 -0.085176686193168 0.798526116696512 0.583411199693602 -0.12137687240497
1688726136000960 5.63733412052381 -15.3185846200571 23.1038443375307 -0.0860630912556791 0.798343344720686 0.58376571992558 -0.120244053921495
1688726137000000 5.63620073753123 -15.3152029634734 23.0997841201774 -0.0871053435482571 0.797621663431381 0.584463206598078 -0.120892933140811
1688726137000040 5.63497870778894 -15.3117394515235 23.0956156605443 -0.0880500819086584 0.797328694066517 0.584872760282891 -0.120158191452488
1688726137000080 5.63368945234469 -15.3082213573497 23.091321839005 -0.0889951053722459 0.797094245174166 0.58522690376957 -0.119290010622401
1688726137000120 5.63255793164603 -15.3048900594714 23.0872475112323 -0.0893466194098101 0.796749895999696 0.585576459144882 -0.119611852756549
1688726137000160 5.63140265643057 -15.3015128128268 23.0830101004194 -0.0893712989135442 0.796786194976723 0.585556957349918 -0.119446976203365
1688726137000240 5.62901974332517 -15.2947719431493 23.0745164792404 -0.0884844414804819 0.797176315870172 0.585243374727172 -0.119040402256956
1688726137000280 5.62779226643272 -15.2913849504605 23.070213553844 -0.0879378648398044 0.797388368638551 0.585047441826608 -0.118988286396216
1688726137000320 5.62651501546662 -15.287971511919 23.0659591049822 -0.0873656179418664 0.797643678236835 0.584804681200879 -0.118891951855395
1688726137000360 5.62523806411136 -15.2845463033854 23.0616739232129 -0.0869028086151729 0.797794695810326 0.584711437496926 -0.118676282600956
1688726137000400 5.62386060742195 -15.2811558124304 23.057504124345 -0.0865755222247832 0.797914325764801 0.58459187531156 -0.118700240145175
1688726137000440 5.62268886757382 -15.277667540061 23.0531476875624 -0.0863537482018492 0.797986542440974 0.584599367340746 -0.118338869182494
1688726137000480 5.62141915110163 -15.2741863356104 23.0488474599596 -0.0864307172835684 0.797971297632415 0.584657508961634 -0.118097995238974
1688726137000520 5.62011048834996 -15.2707025940029 23.0445577711991 -0.0865818405066082 0.797891731350715 0.584797558251729 -0.117831174989737
1688726137000600 5.61756926392642 -15.2636880614749 23.0359414378447 -0.0870005521498851 0.797633916149257 0.585057124330437 -0.117979663519674
1688726137000640 5.61628160118701 -15.2601205785826 23.0315774312796 -0.0872306709743787 0.797634072484898 0.58507680812913 -0.117710768589564
1688726137000680 5.61497385513642 -15.256570751211 23.0271905660387 -0.0872505386848185 0.797528445090793 0.585281855118735 -0.117391962412435
1688726137000720 5.61368556153356 -15.2530136317964 23.0228687056174 -0.0873755794465064 0.797487906550542 0.585330931298092 -0.117329654766943
1688726137000800 5.61111053112462 -15.2458225245589 23.0140529512874 -0.0875297821846651 0.797420890631297 0.585460709409363 -0.117022297676037
1688726137000840 5.60975261648287 -15.2422073603864 23.0096033171686 -0.087298706402841 0.797445714315365 0.58550130827872 -0.116822457534308
1688726137000880 5.608430767285 -15.2385900931812 23.0051854260373 -0.0869152850598361 0.797516196584518 0.585475673132558 -0.116755666150766
1688726137000920 5.60705392518068 -15.2349298196436 23.000692640461 -0.0867545193866413 0.797458842518964 0.585601819576884 -0.116634286393618
1688726137000960 5.60568019147196 -15.2312956843127 22.9962468086647 -0.0867479743133038 0.797478192755359 0.585625659137974 -0.116386890977456
