1702924560000420 3.03312662620761e-05 4.97344110571158e-05 6.05926393590442e-06 -2.05595468623856e-05 7.5485790211266e-05 4.95654114385786e-05 0.999999995711235
1702924560000740 0.00810686377747201 -0.0563592491274202 0.0866213213543152 0.00140657120936052 0.00205589246864351 0.00158167609560859 0.999995646572683
1702924560000900 0.0118797079047201 -0.0872196465229177 0.134667967069047 0.00196550589535053 0.00199212988806535 0.00304414471128079 0.999991450657485
1702924561000020 0.0129612546422218 -0.111344278882775 0.172979687163884 0.00212998756945813 0.00224729585969314 0.00365983856263979 0.999988509131964
1702924561000140 0.0133321699797096 -0.136997733749482 0.213208190196982 0.00235811950355531 0.00279578586618431 0.00303879490339503 0.999988694225756
1702924561000260 0.0122479879977081 -0.16423563667407 0.255677442424765 0.00281239269204608 0.00315238598524469 0.00206064578787619 0.999988953263426
1702924561000380 0.0113802052024297 -0.192296106649706 0.301011644985961 0.00289008480958165 0.00279143718590242 0.00210753787433794 0.999989706733194
1702924561000500 0.0104083622444237 -0.220106423592347 0.349511960365116 0.00239392237051282 0.00288985582310142 0.00181732766424916 0.999991307556804
1702924561000620 0.00748369669943337 -0.250493875729586 0.399909671977886 0.00213067038816803 0.00210224609517219 0.00138829264771382 0.999994556709474
1702924561000780 0.00705320017624274 -0.294308982533705 0.469517366798278 0.00226086784116436 0.000316882032411263 0.00298890889665554 0.999992927217983
1702924561000940 0.00608130939126496 -0.337874139230297 0.542842645678249 0.00139996600130606 -0.00136901794102946 0.00477751713767962 0.999986670518698
1702924562000100 0.00117231617200919 -0.386409143048726 0.616857479136964 0.00222967482050751 -0.00115090258859484 0.00249753070975173 0.999993733137253
1702924562000260 -0.00205250485173246 -0.436684053485941 0.693530427919194 0.00295207686033795 -0.000295179946684916 -5.96013976886202e-05 0.99999559726965
1702924562000420 -0.0035775383178018 -0.486872164134456 0.77420952137665 0.00272047800213688 -0.00153864140959323 0.00101782562893055 0.999994597791929
1702924562000580 -0.00235434256819287 -0.538778271990911 0.858079691877218 0.00222245548763778 -0.00278514399925686 0.00312027284252949 0.999988783718046
1702924562000740 -0.00500279319605594 -0.593505186315663 0.946808256139112 0.00206165351945142 -0.00296249372729085 0.0025336355829325 0.999990276905938
1702924562000860 -0.00611197463934213 -0.63633960059275 1.0164279894111 0.00184591203784018 -0.00217106833698061 0.00238377243808487 0.999993098326178
1702924562000980 -0.00753211523064163 -0.681761088158742 1.08717163066317 0.0020044408142772 -0.00152920477769441 0.00181053248979264 0.999995182849334
1702924563000100 -0.00685406821680771 -0.729866506823532 1.16150381834008 0.00249638521004523 -0.000996787550390896 0.000932230995624323 0.999995952702226
1702924563000260 -0.00530751477841842 -0.794890175161303 1.26506091813147 0.00267317071825523 -0.00224949992163593 0.00300928246437492 0.999989369007223
1702924563000380 -0.0018337613648341 -0.846030089823132 1.34583105593876 0.00276696239617474 -0.00311166723628912 0.00468433489163858 0.999980359033482
1702924563000540 -0.00620024417617145 -0.911408393703021 1.45732913461517 0.00149179374282405 -0.002286928539663 0.002970815331602 0.999991859349639
1702924563000660 -0.0119828053889424 -0.963341526834586 1.54218840780695 0.00128895915378831 -0.00130591770958555 0.00067328633729154 0.999998089922548
1702924563000780 -0.0134434430220817 -1.01562185702461 1.62884706263218 0.00103467485471115 -0.00184197283615303 0.000354506038178743 0.99999770545211
1702924563000860 -0.0140302533570719 -1.05124960549515 1.68731464770977 0.000941572751692133 -0.00280818783688312 0.00100185827265686 0.999995111888967
1702924563000980 -0.0201996274967856 -1.10825216789034 1.77294258374759 0.00121593926776031 -0.00448496113866453 0.0013985629854996 0.999988225249106
1702924564000100 -0.026641466371219 -1.16515491586685 1.86078187245504 0.00227445785440818 -0.00500414085082128 -0.000691129435074588 0.999984653760205
1702924564000180 -0.031594736055243 -1.20291086844518 1.91980031769863 0.00260906382656325 -0.00503865354034302 -0.00203076890159719 0.99998184020217
1702924564000260 -0.0334572921724615 -1.2412402462394 1.97941715331408 0.00274815079341494 -0.00532747166983363 -0.00271033570744337 0.999978359662436
1702924564000340 -0.0358121651156017 -1.27912100608606 2.03976399116205 0.00261980691450156 -0.00652863412641719 -0.00191934245734486 0.999973414482958
1702924564000420 -0.0387328504578165 -1.31664046164115 2.10130778134699 0.00226697432934634 -0.00766739976324545 -0.00134457632858646 0.999967131421207
1702924564000500 -0.0430399965128585 -1.35617181764103 2.16214175440173 0.00200239785684707 -0.00865670671807229 -0.000600801477126879 0.999960344648329
1702924564000580 -0.0448356666955232 -1.39577200138477 2.22270993287737 0.00275856462209756 -0.00961484846602481 -0.00118483771706693 0.999949269298091
1702924564000660 -0.0517765201915045 -1.43595325205776 2.28464463136 0.00333043216795156 -0.0101534587254482 -0.00266277830134087 0.99993936071604
1702924564000780 -0.0612900400407678 -1.49718571376274 2.37941515539092 0.00397229106119041 -0.0111819891949233 -0.00500384686379007 0.999917069330219
1702924564000860 -0.0672612954350323 -1.53983045587032 2.44445344649449 0.00438532649346678 -0.0117079772928404 -0.00674346123610127 0.999899103864892
1702924564000940 -0.0756725159746191 -1.58093847477248 2.51045502087301 0.00417686714221329 -0.0122760595057915 -0.00789709432417593 0.999884737379825
1702924565000020 -0.0832755292208495 -1.62123984915416 2.57676531262299 0.00351242775376729 -0.0131192442370255 -0.00855160086317857 0.999871200907697
1702924565000140 -0.0930488987805451 -1.68104719359241 2.67672676572511 0.00276866675087056 -0.0145921062020267 -0.00902763898883107 0.999848941918377
1702924565000220 -0.0991035634672537 -1.72183792475487 2.74407776344443 0.00235511216691898 -0.0156714190786818 -0.00946301264368609 0.999829641220167
1702924565000300 -0.105796747993809 -1.76263517975933 2.81157289732583 0.00216749822486255 -0.0162505230558817 -0.0104521030960823 0.999810970130216
1702924565000380 -0.11242785814576 -1.80280839466837 2.87964521652822 0.00181870823699342 -0.0168139737758719 -0.0111119136777325 0.999795233015557
1702924565000460 -0.117556494500189 -1.8424553456176 2.94899225359953 0.000816463281099919 -0.0183280811753667 -0.0101053298479229 0.999780624505598
1702924565000540 -0.123281829516126 -1.88308694560646 3.01946210258023 -2.74565707218491e-05 -0.0196979508179059 -0.00905541764597629 0.999764967075247
1702924565000620 -0.128090582201642 -1.92613867766616 3.08910037603336 -0.000599972352270634 -0.0214691511943226 -0.00755071237766692 0.999740817573616
1702924565000700 -0.132370075817464 -1.97000166676295 3.15959631753381 -0.0009820940347797 -0.022241506311965 -0.00694563843973161 0.999728017510236
1702924565000780 -0.137260425395854 -2.01411599300187 3.22956456454259 -0.00134133480743874 -0.0222909867663024 -0.00818396961400215 0.999717127677263
1702924565000860 -0.141270293012595 -2.06002675565609 3.29896671747097 -0.00104226348664179 -0.0217457735622253 -0.0096788040627276 0.999716137596528
1702924565000940 -0.146395632988392 -2.10663669512221 3.36740191919699 -0.000463701418843191 -0.0205215356368664 -0.0116526167482072 0.9997213952292
1702924566000020 -0.152065172078775 -2.15082086654603 3.43414112174828 9.81734322017148e-06 -0.020325774548129 -0.0114186597430696 0.99972820156396
1702924566000140 -0.152501719271678 -2.22180081116999 3.53767907163754 0.000573774377758897 -0.0203281304769733 -0.0115379500407597 0.999726619433099
1702924566000220 -0.1580836555514 -2.27050903300059 3.60544287749706 0.000854327913992833 -0.0202689215805883 -0.0114792562636827 0.999728296897416
1702924566000300 -0.16001510097937 -2.31542529328295 3.67530710811061 0.000981141715445786 -0.0203818527394642 -0.0113805764576169 0.999727012698633
1702924566000380 -0.16214660382145 -2.36119878890946 3.74547232108912 0.00117438873409599 -0.021314650809945 -0.0103866381952374 0.999718172396077
1702924566000460 -0.163288537397191 -2.40585304004797 3.81578799595508 0.00108084044538746 -0.0219110802454714 -0.00894674071250409 0.99971930669415
1702924566000540 -0.165760648698773 -2.45097707419423 3.88500019796612 0.00114065865221695 -0.0226361060592175 -0.0070512086460297 0.999718253337882
1702924566000620 -0.173406011807849 -2.49573533657072 3.95367412163311 0.00088941181377949 -0.0226222988967154 -0.00597141612481668 0.999725853786286
1702924566000740 -0.169163314376225 -2.55916424747066 4.05881103016252 0.000382668000606771 -0.0225112209356946 -0.00720350074094791 0.999720564995169
1702924566000860 -0.182642057580684 -2.62027738372609 4.16312815466118 -0.000314867224625633 -0.0203144090168654 -0.00827405498522028 0.999759353874235
1702924566000980 -0.184213011352178 -2.68326112666817 4.26452995848973 -0.000885917809962059 -0.019777582492826 -0.00862973336792026 0.999766767842566
1702924567000060 -0.185689776382233 -2.72460765695346 4.33283850854565 -0.00141189260028119 -0.0196227400477652 -0.00867199702224305 0.999768848834544
1702924567000140 -0.190883924122373 -2.76556886315849 4.40130693125774 -0.00159218784330201 -0.018754121078199 -0.00881268572908365 0.999784018901431
1702924567000220 -0.191589239303621 -2.80777510374053 4.46967483152152 -0.00208327141305609 -0.0190612260855584 -0.00925792175824804 0.999773284562582
1702924567000300 -0.193887399057288 -2.85010020016694 4.53931999239475 -0.00242875483774887 -0.0182794166995519 -0.00975206291980359 0.999782406998578
1702924567000380 -0.199613325108618 -2.89054392288688 4.61025995776937 -0.00219703088183189 -0.0175815211829778 -0.00940429452099119 0.999798790963841
1702924567000460 -0.199915765119191 -2.9330973269384 4.67971855839886 -0.00369266108418767 -0.0183249816059637 -0.00862320704204125 0.999788077346179
1702924567000540 -0.20097117957441 -2.97463902320402 4.75203573341685 -0.0039380755200688 -0.0181230652855116 -0.00810194131463535 0.999795181331051
1702924567000620 -0.202231723264349 -3.01842652135096 4.82343026367266 -0.00405256852443031 -0.0179441559046652 -0.00736221085446908 0.999803671631865
1702924567000700 -0.205621619111033 -3.06423516688089 4.89650035021983 -0.00378097468794685 -0.0186019951729698 -0.00698496271892968 0.999795419224258
1702924567000820 -0.210296673962244 -3.13169362565397 5.00442852565744 -0.00416333388403821 -0.0174016406066269 -0.0078027437339198 0.999809465220944
1702924567000900 -0.215656775330808 -3.17506405183163 5.0800535755217 -0.00420777780204148 -0.0161022786763847 -0.00891931846920202 0.999821712599522
1702924567000980 -0.216608414154261 -3.22319239269819 5.15461112560815 -0.00424881184199977 -0.0157398551488384 -0.00908019641230063 0.999825862133471
1702924568000060 -0.218412490235728 -3.27537876486964 5.22837529580116 -0.00328475940999719 -0.0162767932391104 -0.00847744686726537 0.999826189521
1702924568000140 -0.222597782491833 -3.3287920344113 5.30257061154733 -0.000989475232890225 -0.0164827797020175 -0.00732124963106181 0.999836855799934
1702924568000220 -0.228799227576978 -3.37874514338949 5.37845878610793 0.000486516982826954 -0.0156266218946579 -0.0066460325372196 0.999855690707865
1702924568000340 -0.232850052981171 -3.45238849948379 5.49463330245472 0.0011628479781234 -0.015683768969039 -0.00657155185047523 0.999854730389261
1702924568000420 -0.235938255613135 -3.49952562777037 5.57352581036581 0.00148054650285561 -0.015383367699182 -0.00704898786483724 0.999855725467613
1702924568000540 -0.241992023016926 -3.57366189812066 5.69328495971433 0.00154707716702022 -0.0160090873653883 -0.00600444357741065 0.999852620305259
1702924568000620 -0.244776301861967 -3.62598734105854 5.77170777515801 0.00263647702209359 -0.0152107025143141 -0.00611514212079895 0.999862134773977
1702924568000700 -0.251684711446926 -3.67990784014704 5.85145880358643 0.00450744552262411 -0.0142037439292874 -0.00669473111601122 0.999866549679774
1702924568000780 -0.252601216622365 -3.7315278058818 5.93167334907363 0.00434221392674836 -0.0145047522480463 -0.00711993790386243 0.999860022115437
1702924568000860 -0.256716269035021 -3.78007595213445 6.01327430481148 0.00252652385424113 -0.0149880270217657 -0.00627626479828185 0.999864782969873
1702924568000940 -0.257298746115987 -3.82761401588912 6.0992780476762 0.000592691295239169 -0.0161629106834017 -0.0053267362045135 0.999855006946846
1702924569000060 -0.262726221696465 -3.90016445426859 6.22257030494268 -0.000155772908202954 -0.01560329637122 -0.00548873075498959 0.999863183996617
1702924569000180 -0.272332293221968 -3.97938915895968 6.34679827570218 -0.000232133952029452 -0.0157777560078892 -0.00727411268736181 0.99984903651191
1702924569000260 -0.280701580010681 -4.02883307566337 6.4289677045312 -0.00126688835913623 -0.0152309194300766 -0.00706100165883782 0.999858268127425
1702924569000340 -0.282589531873211 -4.07550741504717 6.51395166627657 -0.00258829061400634 -0.015488775614189 -0.00701488846774954 0.99985208402116
1702924569000420 -0.284878899464807 -4.1229790022212 6.59835025501405 -0.00366861893655363 -0.0154451570432008 -0.00695216068477536 0.999849816632889
1702924569000500 -0.291098984559598 -4.17093642562896 6.68288780731518 -0.00319034857531572 -0.0158250706312766 -0.0065124079765804 0.999848477199335
1702924569000580 -0.293537450926124 -4.22505272237948 6.76174601017869 -0.00356975493373307 -0.0158989894677945 -0.00656946018916071 0.999845648676054
1702924569000660 -0.298821777007884 -4.27750736665375 6.8408092587749 -0.00315340590167116 -0.0162768521931032 -0.00661148381166704 0.999840691508258
1702924569000740 -0.303067991308008 -4.33053119343874 6.91784624833574 -0.0024942907059755 -0.0166258669048566 -0.00663241974754719 0.999836671697847
1702924569000820 -0.307588784055092 -4.38181335989795 6.9950329592698 -0.00219761323611048 -0.0166571190321416 -0.00717096444499256 0.999833130152498
1702924569000900 -0.313406055599906 -4.43195648978736 7.07295952381853 -0.00180638402749521 -0.0164058642606068 -0.00776588374838664 0.999833623981617
1702924569000980 -0.318258394546802 -4.48267247692715 7.14961495742644 -0.00181422041304346 -0.0169392290785048 -0.00729135754658447 0.999828288871468
1702924570000060 -0.321090629994541 -4.53307900761159 7.22813380169516 -0.00147884762774561 -0.0178474754611416 -0.00724645496687299 0.999813367344011
1702924570000140 -0.325379674873453 -4.58105663649683 7.30778796741904 -0.00136389227905647 -0.0175449361944422 -0.00749132873257065 0.999817080773081
1702924570000220 -0.32982242963998 -4.62845137916757 7.38734469110262 -0.00153795534544393 -0.0179432351731041 -0.00688353395855341 0.999814128708491
1702924570000300 -0.328556218435577 -4.6798918984717 7.46781058986461 -0.00129104315496621 -0.0187579239216048 -0.00788940360707425 0.999792093791728
1702924570000380 -0.340273771602577 -4.73077557056601 7.545458271136 -0.000967353628958538 -0.0181117939356577 -0.00673987672691497 0.99981278307946
1702924570000460 -0.345747244535355 -4.78253940657662 7.62607782794002 -0.000669453890700198 -0.0181542773693555 -0.00700672218545366 0.999810421974536
1702924570000540 -0.3554882025899 -4.83184988651407 7.70642517693052 -0.000760686890080266 -0.0179272532050323 -0.00733130047564443 0.999812125842307
1702924570000620 -0.359347442370851 -4.88219694669109 7.79032897788745 -0.00100280645902828 -0.0179922602679349 -0.00757801132458134 0.999808905088378
1702924570000700 -0.357191473445308 -4.93402396824359 7.87397406849162 -0.00139504227666089 -0.0188584960185893 -0.00846501309034334 0.999785354232769
1702924570000780 -0.36950851044301 -4.98501553554671 7.95753809838485 -0.00100290236129927 -0.0171857078838592 -0.00925058293227801 0.999809017936324
1702924570000860 -0.376633263910918 -5.03455744546421 8.04258848117157 -0.000784218871790255 -0.0160669091210482 -0.0107396187108165 0.999812932513879
1702924570000940 -0.384718734799055 -5.08637441931706 8.12608002496493 -0.000740652762597674 -0.0152251697331577 -0.0118051693384916 0.999814124533641
1702924571000060 -0.391100297418656 -5.16613822240187 8.25239312214279 -0.00157570941417642 -0.0181436301391362 -0.00918576210690587 0.999791952157913
1702924571000180 -0.389065105177059 -5.24519856907604 8.38056730527022 -0.00179271857531891 -0.0207405018235067 -0.00641066871990598 0.999762732387431
1702924571000260 -0.393557957384853 -5.30007192793405 8.46705329891977 -0.00192447506605589 -0.0211896473507303 -0.00625686700444025 0.999754043180702
1702924571000340 -0.406279047205657 -5.35394224681437 8.55514934439982 -0.00136605831534851 -0.0204560060762102 -0.00764347794414223 0.999760602816998
1702924571000420 -0.417699164172677 -5.40759476373769 8.64168829676161 -0.00279149791443964 -0.0198740488594302 -0.00889092403468672 0.999759061569904
1702924571000500 -0.423322251594222 -5.45991664375971 8.73430012571815 -0.00189833211016195 -0.0190521011971473 -0.0114319627642493 0.99975133108315
1702924571000580 -0.432728434202378 -5.51479006383431 8.82346737364841 -0.00235797750170467 -0.0186409870656478 -0.0124771916661599 0.999745604257126
1702924571000660 -0.443013107399387 -5.57047990505798 8.91371441470259 -0.00330941607270806 -0.0184365612080247 -0.0121116200336287 0.999751193865875
1702924571000740 -0.446263545287637 -5.61870149089383 9.01054947746448 -0.00423652767980333 -0.0202321114372673 -0.0104924006212237 0.999731275408153
1702924571000820 -0.446317428431166 -5.67027360563517 9.10932401267594 -0.00465878046008048 -0.0216035514721254 -0.00940431659154927 0.999711528971164
1702924571000900 -0.448893895446391 -5.72504011872449 9.20410866626411 -0.00517351770550387 -0.0221916866429192 -0.00823136341623135 0.999706461124866
1702924572000020 -0.468026811378697 -5.81212798942462 9.33736839594215 -0.00515629020086692 -0.0211127605552117 -0.00907253402728284 0.999722638104903
1702924572000140 -0.474091237438639 -5.90250407274981 9.47299488757068 -0.00580677493029061 -0.0209631728494239 -0.0112403426123132 0.999700195782191
1702924572000220 -0.483143335777848 -5.96000606837631 9.56344352325316 -0.00611980954818777 -0.0207894836051946 -0.0121559484115423 0.999691241444447
1702924572000340 -0.496158661079193 -6.03444571283035 9.70653588679217 -0.00662139698871436 -0.0196510110836326 -0.0137810454858898 0.999689990772452
1702924572000460 -0.502501113854537 -6.09956917658504 9.85812736860175 -0.00708627085542412 -0.0209567432549031 -0.0121079648558582 0.999681947853697
1702924572000580 -0.510782298667254 -6.20105436757791 9.98092914008927 -0.0061822521290577 -0.0210345110384537 -0.0105779908084762 0.999703673702584
1702924572000740 -0.519127216375506 -6.3469579816593 10.1340958707047 -0.00634622545516466 -0.0220293583395292 -0.0108848733132027 0.999677924296909
1702924572000860 -0.527890498126214 -6.43721948068817 10.2626489592981 -0.00673551729477745 -0.0218349855963603 -0.011538921197185 0.999672306062534
1702924572000980 -0.545661921781749 -6.52964346856786 10.3932086531321 -0.0078986055094505 -0.0211332919836775 -0.0119630976143552 0.999673886973351
1702924573000100 -0.542924131791838 -6.62239782913701 10.5227602657367 -0.00704030245317004 -0.0230707074351729 -0.0110160990818933 0.999648349251289
1702924573000180 -0.548444828575002 -6.67429240305142 10.6178265478146 -0.00771050689713496 -0.0241969197103417 -0.00991884301341668 0.99962826776417
1702924573000260 -0.549399405257741 -6.71497622065773 10.7226152351572 -0.00827362850757933 -0.0245815673492811 -0.00926175764297336 0.999620684791653
1702924573000340 -0.562569196125732 -6.75479303257004 10.8262292227654 -0.00677521774052076 -0.0219526753851042 -0.00946520081655517 0.9996912455561
1702924573000420 -0.564764142025249 -6.80767475868342 10.9211427620489 -0.00860530874084191 -0.0223042267087958 -0.0114754450160208 0.999648330311256
1702924573000500 -0.575019480439323 -6.86659287048715 11.0165501302581 -0.00879042179079066 -0.0214351540167357 -0.0130675104661504 0.999646188822443
1702924573000580 -0.581565759614833 -6.92609560999643 11.1126641381866 -0.00933035930108113 -0.0208475779242814 -0.0133467214466651 0.999650032719766
1702924573000660 -0.587294059202253 -6.97979313977737 11.2095936210198 -0.00744950743746964 -0.0197964616159215 -0.0125170749947254 0.999697918263315
1702924573000780 -0.595331090777507 -7.06353625964331 11.3549598593224 -0.00961829335079739 -0.0214022145479621 -0.0118006068352646 0.999655030159795
1702924573000860 -0.598230387340623 -7.1192759770195 11.4537270546899 -0.00942844198306033 -0.021596439013057 -0.0115159777694638 0.99965598110537
1702924573000940 -0.600789757029224 -7.17938415514108 11.550317579877 -0.00892418698547213 -0.0207029528673009 -0.0119693283254377 0.999674187827544
1702924574000020 -0.604432942188675 -7.24237369923829 11.6450714101676 -0.00861285039183718 -0.0199170270451185 -0.0129507905382165 0.999680652941852
1702924574000100 -0.60982044309647 -7.30660559011527 11.7386795299534 -0.0080867059604202 -0.0192717148246515 -0.0136568035430745 0.999688300377379
1702924574000180 -0.617398752969033 -7.36691509579674 11.833135073778 -0.00814806702748494 -0.0193748211070568 -0.0121909276425114 0.999704759713587
1702924574000300 -0.617420318189911 -7.46179971160919 11.9781928105415 -0.00759997283214933 -0.0208609494640428 -0.0108211666840806 0.99969493524375
1702924574000380 -0.620141567339096 -7.52689105265909 12.0701385957669 -0.00711565964933263 -0.0210669001048112 -0.0105704591655268 0.999696863304451
1702924574000500 -0.630270691886777 -7.62054841656321 12.2166157821657 -0.00723187044945373 -0.0200913159682896 -0.0124255294347201 0.99969477606454
1702924574000580 -0.638348188334004 -7.6800325118542 12.3154879953306 -0.00810637941173125 -0.0186655082047591 -0.012510880748133 0.999714640924698
1702924574000740 -0.649240576650635 -7.80472222705651 12.5142980647715 -0.00764075718191366 -0.0207976478779498 -0.0126846806939722 0.999674034647356
1702924574000820 -0.6514397544248 -7.86956915069271 12.6139330605868 -0.00741655358605732 -0.0218880139536334 -0.0111272060435589 0.999670993309166
1702924574000940 -0.658786721913837 -7.95604100934706 12.7707372193609 -0.00759622699491673 -0.0217215782917864 -0.00918918883689011 0.999692967455746
1702924575000060 -0.665601818662814 -8.04104840749661 12.9297844187982 -0.00837114996153729 -0.019938141609006 -0.00937009909912144 0.999722259230219
1702924575000180 -0.679911610531199 -8.13741862942072 13.0862940874577 -0.0077875550526865 -0.0207078692582426 -0.010701654270881 0.999697960752622
1702924575000300 -0.690269174151128 -8.23458308107399 13.2434126051927 -0.0080987742288437 -0.0195823316906913 -0.0101350646894095 0.999724073234854
1702924575000380 -0.696869136333238 -8.29643536701411 13.3496061720817 -0.00890921736890005 -0.0191092790367266 -0.0102698510162051 0.999724957906261
1702924575000460 -0.702990873772955 -8.35674136932066 13.4567977445188 -0.00957851480401707 -0.0187263528220667 -0.0102153028694596 0.999726574294901
1702924575000540 -0.71041273708095 -8.41678473019484 13.5709013088754 -0.0105138185759298 -0.0179061613239587 -0.010688564912037 0.99972725459783
1702924575000660 -0.719706952459056 -8.50539241358622 13.7316611316176 -0.0114161487046558 -0.0179068275505487 -0.0109906986287964 0.999714069931738
1702924575000740 -0.72374073828276 -8.56394887869882 13.8444401926313 -0.01168607792755 -0.0180965521415552 -0.0110761773176706 0.999706591295309
1702924575000860 -0.731615041861107 -8.65757637947958 14.00603595781 -0.0114334475682695 -0.017856008015909 -0.010488441770249 0.999720176771316
1702924575000980 -0.747641521797273 -8.75492661843661 14.1708236009058 -0.0116951339665395 -0.017026359125425 -0.00919850989476806 0.999744324491093
1702924576000140 -0.761054796632719 -8.89656320905518 14.3716739919499 -0.0101460112949541 -0.0163035263599617 -0.0104939900122092 0.999760536156862
1702924576000260 -0.772179099954117 -9.00023277515812 14.528970206772 -0.0102241127657266 -0.01533311028199 -0.0103468855336641 0.999776627655892
1702924576000340 -0.780665302321621 -9.0640000250113 14.6307042936125 -0.0101481915963269 -0.0161655534504109 -0.0102357125090222 0.999765432128156
1702924576000420 -0.784893775941979 -9.12585001389233 14.7372035551806 -0.0103221050950024 -0.0164742366097686 -0.00935976900692552 0.99976719710074
1702924576000500 -0.787026735156847 -9.18793372565348 14.8440515604284 -0.0104175173800707 -0.0168462752154522 -0.00869604500466341 0.999766001194418
1702924576000580 -0.78927322187309 -9.2503174589818 14.9509019785456 -0.0104592230010281 -0.017264399661108 -0.00724061324282034 0.999770032896778
1702924576000660 -0.790824496616989 -9.30961410267668 15.0558765870071 -0.0105805575192683 -0.0168794521725053 -0.00762988570316652 0.999772434477514
1702924576000740 -0.797971627462514 -9.36979156608142 15.162096483997 -0.0110241971991378 -0.015910303063376 -0.0075855110912746 0.999783871321212
1702924576000820 -0.802304620241773 -9.42939540820291 15.2643701462875 -0.0113724533984078 -0.0157180058341417 -0.00844235368371031 0.999776144074551
1702924576000900 -0.807752847664226 -9.48878067674402 15.3677696861897 -0.0114690172508849 -0.0156102523112734 -0.00870724918151313 0.99977445730413
1702924576000980 -0.811835897476435 -9.55005253062874 15.4673584640494 -0.0113970030358961 -0.0152808967507683 -0.00909318523117334 0.999776933369961
1702924577000100 -0.820573707918755 -9.64559231142291 15.6157826104388 -0.00972826552440703 -0.0150649669722148 -0.00902755342614529 0.999798435135378
1702924577000180 -0.825625932514126 -9.70735289457475 15.7155197274719 -0.008725648775772 -0.0153374338057539 -0.00860594025613826 0.999807263411306
1702924577000260 -0.829166212849568 -9.76732526518627 15.8154998478569 -0.00805388050419484 -0.0155851588053602 -0.0077069971613243 0.999816403160396
1702924577000340 -0.83259131230189 -9.82642395999224 15.9144757121614 -0.00813682622319779 -0.0160548864195869 -0.00672825687519095 0.999815364575124
1702924577000420 -0.837033760364565 -9.88584352092387 16.0133943236551 -0.00855791764125481 -0.0162512487672443 -0.00595866327069362 0.999813559265515
1702924577000500 -0.842643486270583 -9.94450929146904 16.1104002080956 -0.00884311582755829 -0.0160560384277949 -0.00583134215755425 0.999814982074737
1702924577000580 -0.845753100581632 -10.0055537897885 16.2102385936188 -0.00939480898674053 -0.0153561045635476 -0.00665703752626841 0.999815788767166
1702924577000660 -0.853756533789638 -10.0579932706957 16.3042659461751 -0.00959887679788626 -0.014932133510204 -0.00762285360589228 0.999813375113554
1702924577000740 -0.85914479054475 -10.1141030832481 16.4010670496456 -0.0100858065256161 -0.0151860593704572 -0.00658085571091468 0.999812158580619
1702924577000820 -0.862139346994189 -10.1756958433348 16.4947416895214 -0.00854258584493629 -0.0151550253351248 -0.00674548143017805 0.999825908803352
1702924577000900 -0.867309420765085 -10.2397974258798 16.5875481435063 -0.00528718874663596 -0.0148921727827733 -0.00751629465957952 0.999846875346198
1702924577000980 -0.872399950540407 -10.3018474266204 16.679452220355 -0.00315455997639842 -0.0141454972234774 -0.00909484044577192 0.99985360805316
1702924578000060 -0.877886890318584 -10.3606795000438 16.7727644166968 -0.00227805145519608 -0.0133775384063266 -0.0105010632419751 0.999852778972256
1702924578000140 -0.883859325133789 -10.4173799038468 16.866248968126 -0.00227333263763149 -0.0130463926736611 -0.010961754038042 0.999852220853328
1702924578000220 -0.8886320044166 -10.4724399826056 16.9602008639693 -0.00212413319443455 -0.0131829764412545 -0.0108404507658109 0.99985207996859
1702924578000300 -0.891991732973248 -10.527302949307 17.0541022442836 -0.00234114594406833 -0.0134473701455355 -0.0102809249140434 0.999853984267078
1702924578000380 -0.896157454041602 -10.5817752822925 17.1479593631227 -0.00253696519925585 -0.0144103091501938 -0.00910963406945439 0.999851449648844
1702924578000460 -0.898943696480406 -10.6331207947175 17.2427834918475 -0.00562077040341312 -0.0151821704500734 -0.00870293858749014 0.99983106948146
1702924578000540 -0.902007479320334 -10.682530249918 17.3330472392122 -0.00905692983412176 -0.0132600828456478 -0.00945641617478491 0.999826344130837
1702924578000620 -0.908434168786006 -10.7341052504268 17.4241455762039 -0.0114918032160972 -0.011887430179612 -0.0109440910907681 0.999803407842144
1702924578000700 -0.916121891869658 -10.7874210755299 17.5138098243135 -0.0122899648953375 -0.0109507558397308 -0.0131138407689959 0.999778507915476
1702924578000780 -0.922815059151002 -10.8417532662649 17.6016917224338 -0.0117959695356112 -0.0109249670331295 -0.0137081273832721 0.999776768804759
1702924578000860 -0.927381986614356 -10.8922332080906 17.6886782362173 -0.0117619968164623 -0.0109502782399278 -0.0141819831914215 0.999770282710041
1702924578000940 -0.930064027084482 -10.9392299081574 17.7751545634086 -0.0125955471149594 -0.0110577431338171 -0.0143598596745426 0.999756406801071
1702924579000020 -0.936810266395078 -10.9874602405256 17.8608675763086 -0.0136568513493463 -0.0119380799159621 -0.0134979478509421 0.999744356354641
1702924579000100 -0.940784157783934 -11.0391923406976 17.9435220899572 -0.0133366574932481 -0.0130088257476814 -0.0120110732231196 0.999754288882825
1702924579000180 -0.943800227686623 -11.0911390114192 18.0247902018064 -0.0119213954762572 -0.0136024554222828 -0.0112835046980926 0.999772742206003
1702924579000260 -0.944869815784359 -11.1420670101936 18.0995995441207 -0.0109776655511912 -0.0157473742253406 -0.011220742694684 0.999752772437983
1702924579000380 -0.953692952290906 -11.2124458650624 18.2194334335979 -0.0109806036661676 -0.0148232257339001 -0.0116259191551642 0.99976223989795
1702924579000460 -0.958490624658909 -11.2558347680531 18.2961804172483 -0.0116572443130535 -0.0148057028472742 -0.0116614880604945 0.999754424603582
1702924579000580 -0.966545102543214 -11.3180030928195 18.4102185150808 -0.0126071722832785 -0.0148212391169358 -0.0122440471264083 0.999735701767234
1702924579000660 -0.970993917410717 -11.3591785125636 18.4840094922405 -0.0121680566364059 -0.0143701383315647 -0.0143368775664143 0.999719906505653
1702924579000740 -0.977473140650257 -11.397695252094 18.554337623405 -0.0122943573459245 -0.0140060644366886 -0.0159286530208675 0.999699433304524
1702924579000900 -0.987215151177672 -11.4670957001599 18.6912002470313 -0.017366870945216 -0.0156110581012382 -0.0154337665249623 0.999608165987746
1702924580000060 -0.995504492948067 -11.5365730540998 18.8230055080199 -0.0219060470912267 -0.0188301120676233 -0.0102233782531135 0.999530406999933
1702924580000220 -1.00396134341943 -11.6055820016074 18.9536354142457 -0.0243528777550064 -0.0209528475640055 -0.00765381025212458 0.999454518581328
1702924580000340 -1.01532508750573 -11.6602471695589 19.0498978635017 -0.0249411763659649 -0.0196724123212646 -0.0116945916933924 0.99942692101027
1702924580000460 -1.02491304825382 -11.7196798980427 19.140501422549 -0.0235446556723984 -0.0197836171032961 -0.0146849063759713 0.999419136903185
1702924580000620 -1.0348529574381 -11.7977737184014 19.2577022162923 -0.0200121798109029 -0.0205635392170657 -0.0145057816031084 0.999482984254443
1702924580000740 -1.04289154903082 -11.848166719333 19.3416301970915 -0.018813155375428 -0.0228021736913094 -0.0137596086407023 0.999468258240264
1702924580000860 -1.05153087145497 -11.8942226756877 19.4214491652869 -0.0189840695636458 -0.0246036187594508 -0.0140593372715502 0.999418131755787
1702924580000980 -1.06186383314346 -11.9403175815928 19.497604739886 -0.018176931390848 -0.0266487655292793 -0.0137423293010465 0.999385106376095
1702924581000100 -1.07435704537886 -11.9868845251797 19.5712191321398 -0.0162842874457878 -0.0294582499178682 -0.0140067451658537 0.999335201313362
1702924581000220 -1.0930032621543 -12.0281498444101 19.6379239596413 -0.0132781402019951 -0.0358153951305132 -0.0134330092059396 0.999179915094421
1702924581000340 -1.10327577161468 -12.0744885817093 19.7107545101817 -0.012720433568136 -0.0371521638634571 -0.0144672395582066 0.999123919376204
1702924581000460 -1.12341164924495 -12.1140579495947 19.7786607715051 -0.0132693459454025 -0.0391003421273448 -0.0197997167749303 0.998950979237389
1702924581000580 -1.14773783368778 -12.1522327033443 19.8460529996556 -0.0145555218160681 -0.043959054530952 -0.0251639376039493 0.998610291632162
1702924581000700 -1.1721282970211 -12.1909637165497 19.9128267643656 -0.0150245456459982 -0.0500107693206965 -0.0278547550232114 0.998247112994914
1702924581000820 -1.20200974978639 -12.2293579969544 19.9787422110271 -0.0137848160715757 -0.0581768691736756 -0.031917547138517 0.997700707087893
1702924581000900 -1.22540995105553 -12.2565094189613 20.0202601657731 -0.0124644234726838 -0.0644287431917557 -0.0350673451178575 0.997228086500079
1702924582000020 -1.26778976639815 -12.2948599082304 20.0804511944199 -0.0120881112112621 -0.0730523242248063 -0.0412635894880942 0.996400798712675
1702924582000260 -1.35474827291267 -12.3709477576596 20.2121295883098 -0.0129662369700293 -0.0929236607866158 -0.0522078702981904 0.994218994107324
1702924582000540 -1.45372648435988 -12.4696690865789 20.3706893202067 -0.0117488635478049 -0.116061939391696 -0.0681319957140041 0.990832791943222
1702924582000780 -1.55578078538306 -12.5473443659107 20.4944643135448 -0.0125069663099158 -0.137397753383147 -0.0798218413496442 0.987215228206362
1702924583000020 -1.65510878830967 -12.6318291086599 20.6516210118452 -0.0140670159122914 -0.157636484194566 -0.0908974851425417 0.983204203158663
1702924583000220 -1.76257265157197 -12.6972943665375 20.7637494499049 -0.0133800646854086 -0.175389030581114 -0.102251931452086 0.979083349023539
1702924583000420 -1.86444599192212 -12.7629314618072 20.8754537573122 -0.0134339493852684 -0.193868390817268 -0.114060244989845 0.974281702875864
1702924583000660 -2.00004358980042 -12.8276770118969 21.0009047263256 -0.0149548621340235 -0.215305796074461 -0.127495662688328 0.96807263274558
1702924583000860 -2.11799316679713 -12.8842439032077 21.0873654919974 -0.015335021772028 -0.236362906094473 -0.140549338103743 0.961323721380278
1702924584000140 -2.29960886907617 -12.9454728734272 21.211805225312 -0.0157780669553309 -0.265421214649792 -0.156253025125277 0.951255813940804
1702924584000420 -2.48150130253454 -13.0031424781713 21.3088522449847 -0.0152580849441314 -0.2924582960329 -0.174407652180498 0.940115581610185
1702924584000740 -2.66798864443815 -13.0558601267024 21.3940847086413 -0.0136682683533342 -0.324470829353215 -0.189738091009472 0.926569649923382
1702924585000060 -2.85978091388398 -13.0901314741412 21.4653660720313 -0.0128932776319096 -0.350737773331044 -0.207575085543138 0.913087817032101
1702924585000420 -3.05072627761492 -13.1185431451287 21.5181402450288 -0.0105881729624442 -0.379774923681808 -0.223618307431126 0.897582169228775
1702924585000820 -3.25680258935587 -13.1299565044184 21.5559554832125 -0.00722776934403336 -0.40925344323859 -0.240012823592184 0.880257475434872
1702924586000220 -3.45141071453997 -13.1273617136657 21.5757132405835 -0.00394825614530037 -0.43842463558189 -0.253278953250089 0.862332895133218
1702924586000580 -3.62930982596168 -13.1127806002858 21.5800627531586 -0.000931094933403427 -0.462781888281273 -0.266447082709778 0.845480933585432
1702924586000860 -3.77380807085621 -13.0884243660396 21.5787310016883 0.000435424731158447 -0.480738957595979 -0.277774724232625 0.831703713850265
1702924587000100 -3.89255597182869 -13.0766590823102 21.5715923210286 -2.11913152458864e-05 -0.496989851276873 -0.287054971039052 0.818902027644632
1702924587000220 -3.9447172795058 -13.0794848247167 21.5790686704287 0.00100352210577616 -0.506953294362528 -0.291807684839775 0.811076830729872
1702924587000300 -3.98994256483922 -13.0716389729678 21.5652378233373 0.000674486604869926 -0.511651973348869 -0.295970990702794 0.806605836761943
1702924587000380 -4.03004882400939 -13.0696837712315 21.562095023988 0.00117031455954127 -0.517518709071801 -0.299855882228277 0.801410922072809
1702924587000540 -4.11548676224611 -13.0617689187392 21.5523356508019 0.00179280574902714 -0.530219023466216 -0.307872166143454 0.789986900091524
1702924587000660 -4.18020102109011 -13.0537349831528 21.5446515023885 0.00135830402504788 -0.539697091455264 -0.313937216965802 0.781132913330805
1702924587000780 -4.24504087445257 -13.0510128506661 21.5360759068307 0.000525215737841447 -0.549007320034636 -0.319981604266239 0.772141476432926
1702924587000900 -4.31272891370353 -13.0414809198358 21.5242013842118 -0.000646513584076545 -0.559400620037802 -0.325801315543816 0.762183725299503
1702924588000020 -4.37922807449501 -13.0358876131136 21.511726213727 -0.000343460377345595 -0.569431303994246 -0.331417613664159 0.752270056176328
1702924588000140 -4.4460830441424 -13.0279712961238 21.4983152495894 -0.000692204277046539 -0.578492179806781 -0.337718082928512 0.742490952954128
1702924588000260 -4.51567582406703 -13.0194884222299 21.4836030356411 -0.000992657761966018 -0.58711918651347 -0.343728472232771 0.732898910379087
1702924588000380 -4.58626463316489 -13.0126608429536 21.4676872985134 -0.000899908238997856 -0.59616345446891 -0.34815846013689 0.723445929117006
1702924588000540 -4.68095270006869 -13.0008922342807 21.4492882030812 -0.00139058315121538 -0.605620133022122 -0.354957736440735 0.712198937164074
1702924588000660 -4.75368606616329 -12.9935999364246 21.4358612860817 -0.001749742887641 -0.611388543881163 -0.360098105828003 0.704649090675481
1702924588000820 -4.85326026155025 -12.9864872559489 21.4198919751049 -0.000420251502981044 -0.618338549388115 -0.364612465009103 0.696214774397428
1702924588000940 -4.93081788383686 -12.982481781662 21.4084658707274 0.000230089714484847 -0.622905202676275 -0.366909521274856 0.690917114229636
1702924589000060 -5.02663613936638 -12.9813188307994 21.3936061747505 0.000180717289460447 -0.624870237480966 -0.368251870305581 0.688424079814314
1702924589000220 -5.12362230393717 -12.9737883780555 21.3884477704273 -0.000118746800714025 -0.630432997784952 -0.370239994267461 0.682258431862814
1702924589000380 -5.24151082622737 -12.976050056935 21.3832966788653 0.000273222905816298 -0.633332773571881 -0.370317858883935 0.679524986045849
1702924589000540 -5.3762430243077 -12.9728246868865 21.3711969505546 0.000319832510667359 -0.633012977322668 -0.370190871191583 0.679892040793738
1702924589000700 -5.4896600550888 -12.9740330294869 21.3727856353173 0.000796425323048098 -0.635933628814693 -0.372874572509261 0.675686568332772
1702924589000860 -5.61923221567045 -12.9752978943791 21.3654509595768 0.00056537103413973 -0.637726548072006 -0.372788279344727 0.674042601786382
1702924590000020 -5.75261245083738 -12.9757621066456 21.3568218827672 0.000592821133389028 -0.639420722883616 -0.372922284254166 0.672361329655976
1702924590000180 -5.89689392947657 -12.9689335043759 21.3257200517905 0.00170171949611692 -0.636560294071205 -0.372208946903203 0.675461765022971
1702924590000340 -6.02944311644327 -12.9798193176646 21.341317213061 0.00178796406001189 -0.640998398105242 -0.374573157945638 0.669934926808317
1702924590000500 -6.17210281913258 -12.975087490637 21.3309805266488 0.000270693329184083 -0.641877469751669 -0.375404018053221 0.668629242390589
1702924590000620 -6.28055807115456 -12.9686157021116 21.3245118253029 -0.00113030223013856 -0.642459821915953 -0.375694719716891 0.667905365465376
1702924590000740 -6.38799995139202 -12.9610279014114 21.31687502402 4.36595074771932e-06 -0.642138921878754 -0.376384282179422 0.667826681944958
1702924590000900 -6.53189795747135 -12.9612946295294 21.3065171265889 0.000190181128097367 -0.644259407595237 -0.377772078107653 0.664994764309012
1702924591000020 -6.63879062510287 -12.9637099723636 21.2991512666161 0.000630556899326674 -0.645098753118983 -0.378303569550404 0.66387770740382
1702924591000180 -6.78465631664011 -12.9577449136658 21.2708301438933 0.00104031305926794 -0.643248136970969 -0.377103709681554 0.666350916692193
1702924591000380 -6.96901526220969 -12.9592506823738 21.2706129748923 0.00165862983720959 -0.64807800133977 -0.379898692471618 0.66005237412259
1702924591000500 -7.08172396276765 -12.9552860278264 21.2590414416901 0.00188977621018382 -0.648586107474385 -0.380881857634149 0.658985205040492
1702924591000620 -7.20082408176089 -12.9388562492713 21.2244744242488 0.00174982581190355 -0.64293323273568 -0.37670444605885 0.666878967034626
1702924591000740 -7.31263434729158 -12.9478079414083 21.2354920454688 0.00118192974464236 -0.649998953146802 -0.380696975449487 0.657700370103099
1702924591000860 -7.42967067808113 -12.942886044766 21.2232629262082 0.00139745706082861 -0.650853185788288 -0.381492421531586 0.656392953936106
1702924592000020 -7.58349823806511 -12.9391891984396 21.206238319997 0.00188646021076538 -0.652186228379609 -0.382482223684441 0.654489811490797
1702924592000180 -7.73537473849293 -12.938504895058 21.1900965140783 0.00123140029558569 -0.654196484293264 -0.38253026879219 0.652453858176514
1702924592000300 -7.84891086287719 -12.9395845508402 21.1788707489321 0.00110690176787242 -0.655535361313707 -0.382569509674989 0.651085812395587
1702924592000420 -7.96122510411299 -12.9359645221223 21.1630749339512 0.00204496744436327 -0.656080024242473 -0.383046789854274 0.650253778674514
1702924592000500 -8.03662935794443 -12.9349084780508 21.1543912641772 0.00165026309345288 -0.655887375150532 -0.383056451197096 0.650443527868603
1702924592000620 -8.15436141978143 -12.9246615288984 21.128570200842 0.00211187347867971 -0.652274450374058 -0.379334415846294 0.656230891024021
1702924592000780 -8.30045984328495 -12.9251453130634 21.1203105860334 -0.000291557436079411 -0.656806312698963 -0.382903926724727 0.649607547286697
1702924592000900 -8.41532222133674 -12.9078637827624 21.1070353593549 -0.000399154895686735 -0.656381825318848 -0.383289139120959 0.649809338112635
1702924593000060 -8.56982282645065 -12.88891969362 21.0929793811754 -0.000832827120298223 -0.65667179384031 -0.384373495252574 0.648874778151267
1702924593000220 -8.7232285024403 -12.8844887946192 21.0729056845553 -0.00169554377256925 -0.656702513600525 -0.384858880890221 0.648554219446604
1702924593000460 -8.9535969286612 -12.8886689237085 21.0362353979653 -0.00254926568530266 -0.656490023676629 -0.386062394651512 0.648051060869022
1702924593000620 -9.11196977832912 -12.878554913456 21.0138868857264 -0.00176264375092274 -0.656100872635801 -0.387670868428643 0.647487324806694
1702924593000780 -9.27305731343078 -12.8710311202098 20.995391655592 -0.00220308013913502 -0.656022394896043 -0.388565128252369 0.647029292180023
1702924593000940 -9.44306581417386 -12.8703038784823 20.9733137931529 -0.00273246079515611 -0.650701642075031 -0.384553144229133 0.654750934266114
1702924594000100 -9.60480430002192 -12.8593843161569 20.958114382258 -0.00396614254375778 -0.656804479080961 -0.389302854547483 0.645782806687892
1702924594000220 -9.7318819886082 -12.8522034989379 20.9422891393445 -0.00284935802968881 -0.655660932242524 -0.390167314285707 0.646428719931874
1702924594000340 -9.86076244498868 -12.8489605692942 20.9249018075939 -0.00258128170205217 -0.654947348888966 -0.390520666793667 0.646939654044424
1702924594000460 -9.98619685356835 -12.8502462597625 20.9140283235995 -0.00325318252201744 -0.655158107376287 -0.39047921950442 0.646748212427231
1702924594000580 -10.1084357968049 -12.8478770532382 20.9031999546777 -0.00410534596746116 -0.654828275285095 -0.390264418948518 0.647206890665119
1702924594000740 -10.27192005211 -12.8390046892749 20.8903549145626 -0.00348473570406081 -0.654004563857281 -0.390575496059345 0.647855438310829
1702924594000940 -10.4854539945 -12.8237136235785 20.8730735804084 -0.00328919909306487 -0.650451667213334 -0.389929981999466 0.651810109561532
1702924595000180 -10.7303449326935 -12.8261257135199 20.8417677034484 -0.00487059662316783 -0.654448737892978 -0.392191474356271 0.646420122057688
1702924595000340 -10.8970487919275 -12.8176327546541 20.824990470737 -0.00594165502972968 -0.65472795949101 -0.39283947040265 0.645734578824777
1702924595000500 -11.0597583613776 -12.8052057719923 20.8056622101964 -0.00535956906375243 -0.654234610669225 -0.394047604484953 0.645503551207589
1702924595000660 -11.2201677229988 -12.7941206809884 20.7898131754803 -0.00619039486447105 -0.654455463533657 -0.393968834200844 0.645320294846517
1702924595000860 -11.4098094993498 -12.7880440470404 20.7720714680702 -0.00693741859810375 -0.655338915451728 -0.39419602152618 0.644276551436321
1702924596000060 -11.5927570554321 -12.7798327175332 20.7506035370465 -0.0055580462838513 -0.655435037696898 -0.396262836099542 0.642922844676654
1702924596000220 -11.7335865839262 -12.7740383842683 20.7368508236211 -0.0074071945943901 -0.65717937385553 -0.395654245903506 0.641496782334582
1702924596000460 -11.9384649949286 -12.7686550232902 20.7100999226055 -0.00587525955217174 -0.656779917572965 -0.397486713329032 0.640788525119582
1702924596000660 -12.1031459611993 -12.7623457378162 20.6909590231727 -0.00581310823448639 -0.656577229401734 -0.397756991285191 0.640829092260604
1702924596000940 -12.3239071518375 -12.7545306190261 20.6669828723819 -0.00746778287059138 -0.657373661325417 -0.397504461036442 0.640151782838056
1702924597000220 -12.5330508126071 -12.7419307132282 20.6417578383848 -0.00821085586067779 -0.658742138245972 -0.397065546345196 0.639007299685028
1702924597000540 -12.7553526228867 -12.7270004106069 20.6142250692132 -0.00845741112605856 -0.658958873615925 -0.39833746376216 0.637988197417011
1702924597000860 -12.9610014485458 -12.7172906174768 20.5892125890314 -0.00855639123104355 -0.660266204017934 -0.399383547628318 0.635978073430734
1702924598000140 -13.125437261065 -12.7075729260689 20.5719969380024 -0.00899673325391431 -0.660258960717706 -0.400195444270969 0.635468937059472
1702924598000380 -13.2577921812149 -12.6967799154194 20.549258993354 -0.0088365149006717 -0.661048518858051 -0.4000035079638 0.634770797482557
1702924598000700 -13.4091143019742 -12.6858591975527 20.5299039227002 -0.00888298675211929 -0.660786309455614 -0.401138536797766 0.63432674551696
1702924599000140 -13.5834228001296 -12.6762380445077 20.5063140741885 -0.0105911086776734 -0.661934273519888 -0.401419821887425 0.632924144390577
1702924599000660 -13.7508744842346 -12.6578746010409 20.4784260921096 -0.0107839164073359 -0.662988463984547 -0.402208108203713 0.631315009694464
1702924600000500 -13.9579724369596 -12.6398179223076 20.434935596373 -0.0105009955467254 -0.664085387184539 -0.403539383307562 0.629314145511001
1702924601000300 -14.1371741348762 -12.6179990380288 20.397484185596 -0.0123311612906992 -0.665894548925388 -0.403995979171537 0.627072277322087
1702924601000930 -14.290266656569 -12.6007737560697 20.3685059105494 -0.0104675433863537 -0.66648179796943 -0.406318228253843 0.624978352344742
1702924602000490 -14.4488700946186 -12.6002241308442 20.3394613446962 -0.0105043141315423 -0.6661254823493 -0.406744490416592 0.625080331369726
1702924602000850 -14.587721891647 -12.5618358216591 20.3010568579883 -0.0108177163811998 -0.667829744016946 -0.408762752086947 0.621932007959762
1702924602000970 -14.6337188535963 -12.5597072386161 20.2910730912208 -0.0118582280311353 -0.667863493218465 -0.407563726284662 0.622663268445274
1702924603000050 -14.6645758282519 -12.558872633738 20.2848836845875 -0.0125266273982317 -0.667797486130325 -0.407171169650368 0.622977720090852
1702924603000130 -14.6956838351142 -12.558377637218 20.2808720543978 -0.0127222375836291 -0.667879667242373 -0.407095994540774 0.622934784695751
1702924603000210 -14.7278214459424 -12.5574716266236 20.2774921217527 -0.0130753925007768 -0.667413798761326 -0.406718064288781 0.623673208912419
1702924603000290 -14.7605583901681 -12.5564216828638 20.2728047986619 -0.011958436896198 -0.66669412033934 -0.407222958748599 0.624135728475779
1702924603000370 -14.7935055340132 -12.5543078216661 20.2681441554692 -0.0110733462068579 -0.666579410909395 -0.408122745064624 0.62368669611944
1702924603000450 -14.8285914690311 -12.5515762664589 20.2624763188001 -0.00961307664271525 -0.666157390037991 -0.408862871899606 0.623677057808959
1702924603000570 -14.8798183246379 -12.5477644270356 20.2570486976014 -0.00938030261954094 -0.664844681966477 -0.409809978503577 0.624459238303477
1702924603000650 -14.9150465419549 -12.5476326329681 20.255526843343 -0.0107144256625106 -0.664886087513718 -0.409021609238942 0.624910405489466
1702924603000770 -14.9701169760778 -12.5460632130813 20.2517978166802 -0.0127622832575002 -0.664795549150694 -0.407540512773772 0.625935086413578
1702924603000890 -15.0281366233809 -12.5429290002396 20.2471113076246 -0.0130215908457741 -0.663891915540346 -0.407332237921786 0.627023452991709
1702924604000010 -15.0886261928856 -12.5391937655747 20.2412359321955 -0.0116293565486261 -0.662056638357411 -0.408225546816057 0.62840883873469
1702924604000090 -15.1296708567075 -12.5362037703521 20.237840304074 -0.0108913473125146 -0.660561461735828 -0.408603222054941 0.629748632987373
1702924604000170 -15.1715189861566 -12.533413295595 20.2370263446127 -0.0123987632133933 -0.660144098176023 -0.407892279410881 0.630618687251765
1702924604000290 -15.2351778194299 -12.5295885457783 20.234852645224 -0.0149301890292854 -0.659500669424404 -0.406018818665338 0.632443416736958
1702924604000370 -15.2786660691495 -12.526899829613 20.2305463121004 -0.0147323517035613 -0.658028312912495 -0.405807740387928 0.634114954136915
1702924604000490 -15.3442474845773 -12.5290508002204 20.2246622989943 -0.0125896109785468 -0.656154297373985 -0.406102249316611 0.635911945817226
1702924604000610 -15.4129691788348 -12.5304782182565 20.2237892849848 -0.0120228248493253 -0.654106942547371 -0.405144766006207 0.638637047133776
1702924604000730 -15.4794869592362 -12.5360561196286 20.244711882874 -0.0127089788293233 -0.650818061902991 -0.403140684877472 0.64323550924562
1702924605000010 -15.6353436967632 -12.5469673292015 20.2624690383704 -0.0116329872933985 -0.646198338245391 -0.402148046581517 0.648513168629749
1702924605000290 -15.8015775169526 -12.5536994756354 20.2958007743407 -0.0119887502853138 -0.636958964986603 -0.397014954043109 0.660695597878433
1702924605000610 -15.9828551109704 -12.5855315589447 20.3536324451342 -0.0101715758896825 -0.622402379909411 -0.386816978815414 0.680356113683957
1702924605000810 -16.0929764848423 -12.6131132287782 20.3938018594713 -0.00653888167029912 -0.608001642730094 -0.379092017904741 0.697553214762086
1702924605000970 -16.1756380090128 -12.632050498979 20.4464327258993 -0.0073952138329376 -0.595960348253058 -0.367917518535156 0.713731934046244
1702924606000170 -16.2858847476055 -12.6657186262096 20.5170240846179 -0.00907498203201379 -0.575762139892223 -0.351563221132549 0.738118489481705
1702924606000330 -16.3749914691333 -12.6897579701304 20.5790129818162 -0.0097511528738158 -0.558103927040686 -0.338908377182097 0.757341424666044
1702924606000490 -16.4584420624963 -12.7162309848557 20.6365652161716 -0.00965297222489109 -0.53939801690938 -0.328262424391197 0.77537112418136
1702924606000610 -16.5166371322097 -12.7375055203131 20.6855355428765 -0.00875631533748629 -0.525114617537435 -0.319427731388627 0.788760983955303
1702924606000770 -16.5867708049105 -12.7694778566823 20.7580519199889 -0.00790943599317056 -0.504676988197331 -0.304247463115419 0.807881216265221
1702924606000930 -16.6515876334542 -12.8081446204779 20.8303714408456 -0.00734279295319946 -0.483321307028772 -0.286535691691481 0.827190361978747
1702924607000050 -16.6942474005254 -12.8346901305297 20.8880580314066 -0.00520401470850603 -0.465630600861612 -0.27391770354509 0.841504696039631
1702924607000130 -16.7203351166747 -12.8528847149098 20.9283924417179 -0.0041635531267909 -0.454176417103756 -0.265837733422424 0.850315674594432
1702924607000290 -16.7692762274624 -12.8951787427535 21.0194923513424 -0.00194815334872325 -0.431277670985537 -0.250954327998077 0.866612774234752
1702924607000410 -16.7940563698963 -12.9225536339495 21.0655256932997 -0.00132717238776444 -0.411443612256546 -0.23803393193946 0.87980238678477
1702924607000570 -16.830792340805 -12.9661923422708 21.1343399085039 -0.00111251719550603 -0.388758876995466 -0.219482714201549 0.894814302539602
1702924607000730 -16.8641483878809 -13.0113806222262 21.2015553651584 0.000901155378574342 -0.362083591062967 -0.203356544535979 0.909692682611175
1702924607000850 -16.8990031090251 -13.0442326295587 21.2618227239812 0.00301799591777943 -0.341914560026177 -0.192677499035684 0.919761222659501
1702924608000010 -16.9044463960664 -13.0774504679839 21.3212600877797 0.00163564935518773 -0.317386170041981 -0.17550506025107 0.931912719917234
1702924608000170 -16.9205385443846 -13.1145821181325 21.3850621505065 0.00019160708311585 -0.294919161615253 -0.156128956415149 0.942680433852108
1702924608000370 -16.9357603878501 -13.1583348870324 21.454838537636 0.000606616008710316 -0.266236085546363 -0.137488682537444 0.954051802023394
1702924608000530 -16.9501823825046 -13.1893941645083 21.5029738074662 0.00100352897776254 -0.244206799363989 -0.124923757896999 0.961642390281792
1702924608000730 -16.980796979874 -13.223082675494 21.5524297101884 -0.00116664721151467 -0.221733282928529 -0.107200074626571 0.969196127817316
1702924608000930 -17.0137465718952 -13.2585029529516 21.5945891676746 -0.00203400979518561 -0.198514244567097 -0.092931375336964 0.975680130465968
1702924609000130 -17.0431650363177 -13.2948006269488 21.636704774124 -0.00062085842856221 -0.172319427122249 -0.0783697116477904 0.981918437482113
1702924609000250 -17.0560959140109 -13.3173450561172 21.6641829267256 0.000134850164892477 -0.155640281678342 -0.0691175445458378 0.985392738744544
1702924609000450 -17.0614335854487 -13.3523097530989 21.7187455129512 2.76367505964668e-05 -0.128120197765468 -0.0522041520481028 0.990383734049427
1702924609000570 -17.0636344151545 -13.3741603404833 21.7508446305451 0.000883509463659729 -0.111209269515712 -0.0403184446101104 0.992978419105386
1702924609000730 -17.0592653416025 -13.4009542730531 21.7965685570022 0.000245745631957537 -0.0881160523592304 -0.0260554543615847 0.995769357945765
1702924609000890 -17.0612598309862 -13.4257579696688 21.8439200579145 -0.0016236168168918 -0.0634926299965291 -0.0120515641724639 0.997908217024769
1702924610000050 -17.046798338251 -13.451014770809 21.8866777876398 -0.00207923150386592 -0.042795421438561 0.00224275068783091 0.999079175425853
1702924610000250 -17.0490538363813 -13.4817066651459 21.9328166914601 -0.00113025554136112 -0.0152083807340044 0.0174547881269236 0.999731342936344
1702924610000450 -17.063922315071 -13.5135093123938 21.9820558477301 -0.00256357930610715 0.0110987034433478 0.0319710142444416 0.999423884591118
1702924610000650 -17.0644413534749 -13.5340603075095 22.0225982403534 -0.00135731079836465 0.0306677544110984 0.0487796752981796 0.998337713313777
1702924610000850 -17.0770824771569 -13.5587610144467 22.0669297117896 -0.00342294771735272 0.0534404631898571 0.0590120187459955 0.996819934575197
1702924611000050 -17.092807710695 -13.5855484320321 22.1081094988965 -0.00462144544294767 0.0729911781905577 0.0711089327376807 0.994783619604424
1702924611000250 -17.1089724675982 -13.612196896394 22.1501140056078 -0.00456677486614314 0.0898462885394908 0.0863014870848205 0.992198993312304
1702924611000490 -17.1334973534741 -13.6444066110002 22.201855303835 -0.00787453733208066 0.111606344325277 0.0958047409473025 0.989092244019825
1702924611000690 -17.1489286965909 -13.6736622833784 22.2462030133579 -0.0103215691889408 0.127771056030164 0.106816396888091 0.985980871927169
1702924611000890 -17.1662735710676 -13.7081747488266 22.2943108758773 -0.011652505073565 0.141596361821167 0.120342504416944 0.982513293078103
1702924612000090 -17.1723877471118 -13.73585926177 22.3367106012165 -0.0134185052311442 0.160950013730007 0.129105897901454 0.978389852729847
1702924612000290 -17.1734388906948 -13.7678304187303 22.3803534356265 -0.0135604012142866 0.178578639841454 0.139940468175387 0.973828758190133
1702924612000490 -17.170226174436 -13.796862180881 22.423589029381 -0.0129723853753056 0.194045727917608 0.152793081158509 0.968933561728919
1702924612000690 -17.153915244887 -13.8219758910391 22.462589927246 -0.0138454236631774 0.213157584444955 0.161343168893558 0.963504296974624
1702924612000850 -17.1310584997161 -13.8370712187365 22.4905981241046 -0.014706495880247 0.225825177023154 0.169753067524875 0.959150981059437
1702924613000010 -17.1048881418426 -13.8508917436077 22.5160455934966 -0.0143044471395185 0.2384425038036 0.180150128979111 0.954194155400625
1702924613000170 -17.0802645321854 -13.8644049804199 22.5396276427797 -0.0141610102787468 0.253375386664187 0.187240299856432 0.948968623996775
1702924613000330 -17.0546709243207 -13.8750837406948 22.5614117076558 -0.01542064202037 0.2700063107455 0.192840327779448 0.943223941563826
1702924613000450 -17.0331189588268 -13.8849125327478 22.5776528081539 -0.0149963487707022 0.280558821016728 0.198693896318486 0.93892629798032
1702924613000570 -17.0103761856659 -13.8927514731183 22.5923818864964 -0.013767695021737 0.291376105820817 0.206119431871306 0.934037041736319
1702924613000690 -16.9871587237952 -13.8999482086565 22.6066589536191 -0.0124561191828638 0.301885388200526 0.214088646700662 0.928911249172815
1702924613000810 -16.9635203372153 -13.9061108940397 22.6208561812401 -0.0134933689223697 0.31322148251741 0.219191297161773 0.923940153437039
1702924613000930 -16.9392116601642 -13.9120690347871 22.6345821251218 -0.0165354534700199 0.327055813345526 0.221905829872987 0.91843283717636
1702924614000050 -16.9147865113704 -13.9183514938125 22.6470381853796 -0.0170528948375752 0.339627157638424 0.227295791798828 0.912523542492273
1702924614000170 -16.8887397012329 -13.9241424752809 22.6578241149059 -0.0155425172588322 0.352533981882638 0.235107575323221 0.905650401535199
1702924614000290 -16.8624286178988 -13.9290370637903 22.6673271129007 -0.0137441749201282 0.365503657471062 0.243722561921024 0.898230197021729
1702924614000410 -16.8360125008622 -13.933285482717 22.6763853966815 -0.0137335747855679 0.380154271090285 0.249796682518318 0.89044693075908
1702924614000530 -16.8097266134303 -13.9371371617389 22.6845968226877 -0.0138248615456161 0.394959629463524 0.254889061918791 0.882523274713726
1702924614000650 -16.7833874489311 -13.9403731786554 22.691593574128 -0.0136377146965607 0.408999037728283 0.261017711415256 0.874301752373136
1702924614000770 -16.7569436727885 -13.9424696425136 22.6970868361111 -0.0134607336873891 0.422423366456272 0.269223175612322 0.865387884034416
1702924614000890 -16.7305033465004 -13.9443338558329 22.7015350887226 -0.0136085551974569 0.436119598322399 0.276675795052626 0.856192155778447
1702924615000010 -16.7043657128155 -13.9455732286629 22.7048066625747 -0.0130818651481258 0.45074047460537 0.283929882850897 0.846194842208961
1702924615000090 -16.6868692161208 -13.9458900729875 22.7064116634412 -0.0129128724587051 0.460481029502351 0.288690780474049 0.839314072598932
1702924615000170 -16.6706190348924 -13.947697855444 22.7114535478577 -0.0131271553243662 0.469675039508801 0.294313297974653 0.832233571595606
1702924615000250 -16.6524611883824 -13.945655883767 22.7091586132768 -0.0137975789403129 0.478418768570087 0.30025293105586 0.825089865461716
1702924615000330 -16.6371409504063 -13.9452575580859 22.710465172904 -0.0143366389786282 0.485959226356131 0.306536216505675 0.818335896238539
1702924615000410 -16.619775583069 -13.9449242926585 22.7106123342058 -0.0150269282236592 0.494319517627693 0.31189011185482 0.811262574045958
1702924615000490 -16.6035957539682 -13.9447319319491 22.711184969142 -0.0158044958891206 0.502538536039163 0.315795579423165 0.804660418886186
1702924615000570 -16.5882825006117 -13.9462504493428 22.7148171982665 -0.0162128213851107 0.509705097610369 0.319288683292127 0.798744386280316
1702924615000650 -16.5721720130451 -13.944527793451 22.712404703427 -0.0164744194638426 0.51651394595624 0.323116633264251 0.792803619091147
1702924615000730 -16.556679460493 -13.9444948402981 22.7129219090823 -0.0162262470361799 0.522727789239084 0.326739503865858 0.787231645627787
1702924615000810 -16.541132700297 -13.9443323644332 22.7133785926356 -0.0159047035228801 0.528437893690851 0.33075189616243 0.781731166132183
1702924615000890 -16.5253184288674 -13.944867717077 22.7150530900133 -0.0155030637889603 0.533650429718633 0.334617215035422 0.776536021879354
1702924616000010 -16.5026238178497 -13.9441245583243 22.7143386864513 -0.0141860437555898 0.541165078491418 0.33902232832953 0.769417295671189
1702924616000130 -16.4799999169511 -13.9441926239908 22.7150921441452 -0.0122169301366091 0.54761719853227 0.343743456166027 0.762762470781528
1702924616000210 -16.4677552992892 -13.945515917512 22.7171018435956 -0.0109956131421422 0.548784999743338 0.346383581030935 0.760744724162132
1702924616000330 -16.4430241006078 -13.9441103421267 22.7170895920704 -0.0115560686627902 0.555755702116881 0.350386124967086 0.753811395690052
1702924616000410 -16.4284206426677 -13.9443060262125 22.7181955756693 -0.0120981395634985 0.558679188090828 0.351608485242381 0.751067688639868
1702924616000490 -16.4137819214124 -13.9444374904454 22.7192529060173 -0.0130210281359879 0.561418064143354 0.352244862095344 0.748708065408169
1702924616000570 -16.399317600415 -13.9445671661588 22.7204568797725 -0.0131750265663425 0.563006962437895 0.354092898158195 0.746637662052592
1702924616000650 -16.3861162498435 -13.945599241439 22.7223882532182 -0.0133519065743067 0.561851252233413 0.354243680858605 0.747433148533247
1702924616000770 -16.3631674424225 -13.9449432900512 22.7232891386753 -0.0130636922860713 0.565741240269849 0.35721478849012 0.743077239515346
1702924616000890 -16.341583630433 -13.9456724179442 22.7251088242881 -0.012759024570222 0.567220677564331 0.358620579468807 0.741275380824788
1702924617000010 -16.3200208951763 -13.9465840505627 22.7270250126624 -0.0123401372222158 0.569143991700856 0.359520399234996 0.73936994817078
1702924617000250 -16.2766609812206 -13.9471816056011 22.7308267810558 -0.0125932303359553 0.571274794991218 0.36185776743478 0.736576863134163
1702924617000370 -16.2551253575633 -13.9478620002274 22.7323853074544 -0.0116829277209566 0.57223310565265 0.363304641430831 0.735134354733749
1702924617000490 -16.2340071154729 -13.9482386369216 22.7335368966136 -0.0121784433510918 0.572422774407012 0.363105597596123 0.735076987704067
1702924617000650 -16.2049009319828 -13.9477585081961 22.7355472660545 -0.0141236358581846 0.574979146926484 0.364409218321599 0.732397040622148
1702924617000770 -16.1832502193611 -13.9479446733701 22.7367104357925 -0.0143393479942492 0.576089500287775 0.365376784011806 0.731036987068693
1702924617000890 -16.161699091473 -13.9483947847747 22.7374415305243 -0.0134982913559064 0.577147384559143 0.365345874104398 0.730233582425449
1702924618000010 -16.1398247375858 -13.9486327308128 22.7387493522816 -0.0135106943330533 0.578883510117563 0.366430996429909 0.728312891350958
1702924618000090 -16.1254342079482 -13.9485072321604 22.739437589897 -0.0135892736287845 0.579286234024924 0.367026656071491 0.72769102264934
1702924618000330 -16.0816927081002 -13.9490406967277 22.7414519771881 -0.013312636012959 0.58233135653567 0.36638608042748 0.725585422253439
1702924618000450 -16.0599122625517 -13.9490392558512 22.742381002318 -0.0126949384761524 0.583173157497458 0.367320374750945 0.724447133477908
1702924618000570 -16.0381505171161 -13.949066667161 22.7432763468082 -0.0125339012852639 0.584271488193107 0.36771912625578 0.723361855221071
1702924618000690 -16.0165354964208 -13.9490513980801 22.7443557227909 -0.0126237366031425 0.585213193729456 0.368273129443377 0.722316455086775
1702924618000890 -15.9808686790511 -13.9489093820281 22.7459619837195 -0.0124203142479372 0.586160312547179 0.369195629823389 0.721080030723281
1702924619000010 -15.95992905074 -13.9488912061189 22.7474668645067 -0.0138205247563912 0.58648332514347 0.368403694253864 0.721196935991981
1702924619000130 -15.9395285317013 -13.9492964439731 22.7491305070096 -0.0152104386092242 0.586835788873571 0.367606230555432 0.721289164421091
1702924619000250 -15.9196730868916 -13.9494684805452 22.7503329089303 -0.0144546217106648 0.585732570569053 0.368314415729587 0.721839948223666
1702924619000530 -15.8754313095994 -13.9497767568528 22.7531942337282 -0.0134489034827805 0.583885439146425 0.370599696968554 0.72218611559259
1702924619000650 -15.8569703274268 -13.9498654781178 22.7545918097966 -0.0143146610043744 0.583814910610368 0.370134935171909 0.722464788342397
1702924619000810 -15.8325473212074 -13.9502620560285 22.7564192734088 -0.0141836277808715 0.583034757864437 0.370115378357415 0.72310711691165
1702924619000930 -15.814531197091 -13.9504038093737 22.7578529432905 -0.0147083293903943 0.582473810506835 0.369992154475875 0.723611588316889
