1695209597000200 -1.67198896319649e-05 9.0487300469985e-06 8.01871936728605e-06 5.18212399091171e-07 1.46354615819488e-05 7.44683775000645e-06 0.99999999986504
1695209597000520 0.000987744682752337 -0.0600103813004465 0.100693995351405 -0.000641450295707184 0.000316108542480901 0.000205320607689193 0.99999972323014
1695209597000680 -0.000388175163479591 -0.0920168363003714 0.149491047634225 -0.000949187466740824 0.000965502540164388 0.000464229908058542 0.999998975668771
1695209597000800 0.00229458071997272 -0.113874059035809 0.187748806192042 -0.000906766407510263 0.00127368953106634 -0.000127952289718307 0.999998769558179
1695209597000920 -0.000329330559509854 -0.13683466655245 0.224663698782905 -0.00176775892695829 0.0015245367527908 6.95774545113819e-05 0.999997272983803
1695209598000040 0.000526429340892613 -0.160830886757336 0.261196621809813 -0.00151858965195955 0.00192427741853642 0.000104761165379355 0.999996990028962
1695209598000160 0.000811066473261688 -0.183870197962844 0.297882585829145 -0.00124714451607427 0.00277891899011997 -0.000471947617872779 0.999995249741342
1695209598000280 -0.000321740995560995 -0.207747917807091 0.335200677717745 -0.00129148445784893 0.00342584069875574 -0.00160975607999802 0.9999920021524
1695209598000400 -0.000750721495508547 -0.230894457047796 0.372231010333173 -0.00102552276395694 0.00417501358222748 -0.00177655007008145 0.99998918065872
1695209598000520 4.55619008363545e-05 -0.254654962588156 0.409363461398927 -0.000476391820587201 0.00468042757256057 -0.00242912433915133 0.999985982903519
1695209598000720 -0.00109067718047452 -0.295729219355841 0.470150243266636 0.000815982461005769 0.00479295798398654 -0.00162581001207277 0.999986859147755
1695209598000960 -0.00233536297102525 -0.343065888331818 0.54252430829766 0.00131477356754359 0.00434847753272866 -0.000647231247676712 0.999989471547239
1695209599000120 -0.00167023904035826 -0.373937929803109 0.591255179214949 0.00206258858116827 0.0044518318664753 0.000143807208468639 0.999987953047868
1695209599000240 -0.00243476820293242 -0.39815913334662 0.627162554255103 0.00293461565790564 0.00491720922093691 1.17673466433176e-05 0.999983604338565
1695209599000400 -0.00319112202998713 -0.429814396679311 0.674789194402613 0.00400086637272314 0.00546043322856761 -0.000556408299066818 0.999976933307478
1695209599000520 -0.00323959299991241 -0.452839180460865 0.711023321652414 0.00439455252515556 0.00581237424417049 -0.000523151560969804 0.99997331490705
1695209599000600 -0.00316877174810224 -0.467811944261476 0.735056354018681 0.00438024618441509 0.00563937662662277 -0.000184564084357786 0.999974488079934
1695209599000720 -0.00275903514619484 -0.490218524189345 0.770688607489586 0.00385539550524676 0.00547675080904613 0.00029511321870568 0.999977526764608
1695209599000840 -0.00247340976615204 -0.512660522923628 0.806161133010327 0.00349019411513414 0.00496871937357601 0.00107497274565713 0.999980987222468
1695209599000960 -0.00236553123035558 -0.535821547135748 0.841246109681459 0.00424801058112191 0.00499019961584013 0.00168444212362985 0.999977107222275
1695209600000080 -0.00226793276057785 -0.558787799995374 0.876325899940234 0.00513500765638387 0.00456064601628539 0.00238822947146664 0.999973563932704
1695209600000160 -0.00192959389345534 -0.57356694968415 0.899594407836157 0.00492748149913251 0.00425609896339316 0.00276024772565626 0.999974992977416
1695209600000240 -0.00170744004713845 -0.588291566217583 0.922964623612721 0.00446642679050739 0.0041068980412066 0.00298046875646671 0.999977150352045
1695209600000320 -0.00180469524512 -0.602932211260651 0.946158682823795 0.00425342499937078 0.00394498481714831 0.00287553696606531 0.999979038159163
1695209600000400 -0.00193585536411925 -0.617575154903284 0.969198025130594 0.00425994030563947 0.00389766122260646 0.00256433875405759 0.999980042457019
1695209600000480 -0.00202397823100846 -0.63212481335712 0.992469940360708 0.00418179596760519 0.00384746354330574 0.00223809243671316 0.999981350100597
1695209600000560 -0.00227782085666128 -0.646581228142383 1.0154216633521 0.00404140662074677 0.00371643278289881 0.00238820071029346 0.999982075667991
1695209600000640 -0.00207277693177246 -0.661324324836837 1.03822542633816 0.00420975399820471 0.00313917777741327 0.00244403758394718 0.999983224966521
1695209600000760 -0.0026054522907436 -0.682898093765227 1.072825879775 0.00413898072473382 0.00283851781510016 0.00305761375706776 0.999982731177537
1695209600000880 -0.00272573497995976 -0.703864228659142 1.1072045680945 0.0037300952324057 0.00225359623288002 0.00353229493867965 0.999984265169229
1695209601000000 -0.00301291606105198 -0.724928492095176 1.14122982824917 0.00334821766791999 0.00182506390984596 0.00397847532937169 0.999984815041822
1695209601000120 -0.00353159680290234 -0.746769813150077 1.17490794820613 0.0031480776731973 0.0015898326911315 0.00378029158204753 0.999986635627963
1695209601000240 -0.0043424391779588 -0.768339314499878 1.20864743099811 0.00314290663383218 0.00148687318816401 0.00334470463468259 0.999988362080739
1695209601000360 -0.00547661429897712 -0.788446466038111 1.24237497319401 0.00242923558473701 0.00128991883834726 0.00320162637625456 0.999991092216531
1695209601000480 -0.00648092825147574 -0.809076114353002 1.27589112351925 0.00201674962528102 0.000957485985764039 0.00325357587952186 0.999992215062463
1695209601000600 -0.00636419396369107 -0.830356778299063 1.30848896401227 0.00222985528687018 0.000440733554935667 0.00364392940103129 0.9999907775964
1695209601000720 -0.00644936075130873 -0.851621005861904 1.34152193802522 0.00210941110669047 -0.000384342831775416 0.00341828507089353 0.999991858963134
1695209601000840 -0.00780735229108592 -0.872281569264848 1.37488655145565 0.00207633706795048 -0.000457508819671084 0.00306987320512373 0.999993027669976
1695209601000920 -0.00858179048221376 -0.885900356558187 1.39679732136583 0.00197388598316298 -0.000654838323000641 0.00288686324313858 0.999993670470724
1695209602000040 -0.00959973899427907 -0.90676293807015 1.42974655729998 0.00205972351354753 -0.00142582409264341 0.00247822549750343 0.999993791462271
1695209602000120 -0.00990570637291826 -0.920930220407457 1.45171003456896 0.00222398948325532 -0.00214171219136833 0.00242992251113138 0.999992281178339
1695209602000200 -0.0108636929662272 -0.934821790509472 1.47348240585018 0.00224739558307088 -0.00217420301211548 0.00191883515135844 0.999993270040362
1695209602000280 -0.012779188899352 -0.947931046937669 1.49495607185831 0.00159580073330596 -0.00244860529894393 0.00154502254708769 0.999994535313788
1695209602000360 -0.0138031912757863 -0.961111852841031 1.51648852732074 0.001334278746397 -0.00289865565751576 0.000877081497762367 0.999994524096833
1695209602000440 -0.0139299955812571 -0.974854019874662 1.53788089223631 0.00198489141603972 -0.00341543318991257 0.000587096634236416 0.999992025138068
1695209602000520 -0.0137771863712107 -0.988848391109683 1.55940105051809 0.00247615121542173 -0.00387816425305373 7.16672901446565e-06 0.999989414176881
1695209602000600 -0.0147266251562087 -1.00261061744606 1.58053080782688 0.00262736609803622 -0.00428006162845621 -0.000544686298017239 0.999987240586939
1695209602000680 -0.0157207552573227 -1.0156485527204 1.60179583694689 0.00213327926965009 -0.00515809152625542 -0.000779964650501649 0.999984117307124
1695209602000760 -0.0171897342369418 -1.02808701026987 1.62375401587681 0.000985258809535665 -0.00571872290883374 -0.000815110023445362 0.999982830387112
1695209602000840 -0.0189179982819571 -1.03979457482538 1.6466415751918 -0.00082499060566387 -0.00574223706347467 -0.000655368163731982 0.999982958153076
1695209602000960 -0.0204598868009806 -1.05890818108843 1.67941023870812 -0.001920439520808 -0.00638257243462471 -0.0012830418416833 0.999976963977069
1695209603000040 -0.0216225554423694 -1.07334953624507 1.70051304034782 -0.00132263075222127 -0.00692376796897991 -0.00190527845379146 0.999973340644149
1695209603000160 -0.0226343505015328 -1.09495558226327 1.73200118850051 0.000129201914930697 -0.00675236459636933 -0.0033502704917419 0.999971581879633
1695209603000280 -0.0244405355938885 -1.11772125115987 1.76183394408582 0.00247849152083108 -0.007550741408734 -0.00457187525753428 0.999957969787025
1695209603000440 -0.0264174580820501 -1.14764745693873 1.80228238678345 0.00550072259986156 -0.00887469786663155 -0.00414774303785886 0.999936887016549
1695209603000560 -0.027361139996165 -1.16766411317563 1.83270433776878 0.00624001427871283 -0.00971350400560052 -0.00408337282984312 0.999925015252677
1695209603000680 -0.0290451633305627 -1.18608044114808 1.86396369271485 0.00561618037815777 -0.0100150341372567 -0.00454770047145133 0.999923735106639
1695209603000800 -0.0296387950623456 -1.2048676121823 1.89513447725677 0.00498250861899912 -0.00963130808115877 -0.00434424767014582 0.999931767684519
1695209603000920 -0.0309530739115453 -1.2248046091656 1.92523518166272 0.00558595296629572 -0.00958958755441273 -0.00466419506161118 0.999927538486876
1695209604000040 -0.031612540960941 -1.24622357138484 1.95484386496343 0.00946105940101266 -0.0100048641890783 -0.00497758321435645 0.999892801610709
1695209604000160 -0.0323859380516867 -1.2667381585269 1.98482586132194 0.0113516530036132 -0.00978181650703492 -0.00454239904343717 0.999877403810506
1695209604000280 -0.033331838937554 -1.28444566856655 2.0153178480683 0.00935057761842218 -0.00996247062924094 -0.00447311312703117 0.999896648227264
1695209604000360 -0.0339072776542115 -1.2969789475671 2.03519509050788 0.00844277224152729 -0.00910734329900295 -0.0052273216067143 0.999909221381487
1695209604000480 -0.0351412045937466 -1.31527870735061 2.06462840663838 0.00709060094272568 -0.00838325913163842 -0.00611485526704748 0.999921023326175
1695209604000600 -0.0358539169100984 -1.3328315481522 2.09365722308936 0.00512512592016791 -0.00915376292552698 -0.00552518756534022 0.999929704534761
1695209604000720 -0.0353866800571108 -1.35097939852848 2.12163288471946 0.00419893711801834 -0.00912636420418268 -0.00425155679262429 0.999940499564014
1695209604000880 -0.0374176449188302 -1.37567582085595 2.1590498648875 0.00443568463066899 -0.00907446823955064 -0.0044564873387252 0.999939057367311
1695209605000040 -0.0388006431365681 -1.3982260145543 2.1984146114179 0.00354872712439653 -0.00838283583788275 -0.0056144097032887 0.999942804865756
1695209605000200 -0.0398882498420004 -1.42104597632708 2.23713351041834 0.00208373425850181 -0.00849828515079167 -0.00474615030961163 0.999950454401754
1695209605000320 -0.041295524685439 -1.43935136936414 2.26526203963089 0.00219954823472413 -0.00817811420544562 -0.00510143676522824 0.999951126694968
1695209605000440 -0.0425621939069947 -1.45782453202278 2.29365261014966 0.00221839845725238 -0.00822242606308184 -0.00555022020272945 0.99994833140199
1695209605000560 -0.0424693504835534 -1.47621990895504 2.32185229006022 0.00206188942931647 -0.00845103566271778 -0.00538154515075409 0.999947682421435
1695209605000690 -0.043466477494781 -1.49318269125234 2.35134246314212 0.000981730396382619 -0.00771742883029299 -0.00600869474061803 0.999951685375445
1695209605000800 -0.0459404104747745 -1.5074502943739 2.38283384241621 -0.00102366105632582 -0.00586831471183592 -0.00820766794183755 0.999948573271366
1695209605000920 -0.0464281602864441 -1.52529603341158 2.41392251013179 -0.00306385232253069 -0.00438006226646555 -0.00979139278227 0.999937776309542
1695209606000050 -0.0466234870261129 -1.54633730013999 2.4436055236619 -0.00188908545890923 -0.00503882156025328 -0.00907801764031558 0.999944314064106
1695209606000160 -0.0476560137495363 -1.56998914917158 2.4728701163741 0.00174065081187306 -0.00642859599168977 -0.00658660671504868 0.999956128987821
1695209606000280 -0.0478791771693479 -1.59293452123911 2.50292671787458 0.00545444077213916 -0.00735146039232084 -0.00406427442386005 0.99994984213178
1695209606000440 -0.0488685747989802 -1.61951582770642 2.54450094377852 0.00609539990283789 -0.00672176075474152 -0.00526344556713898 0.999944978572892
1695209606000600 -0.0505316307163949 -1.64612455652436 2.58891380194567 0.0052054211068128 -0.00541378901898156 -0.00715635485359315 0.999946189084577
1695209606000720 -0.0511248156885026 -1.66843107959659 2.62327586759635 0.00514033330592116 -0.00544738788619674 -0.00690772718828961 0.999948091774675
1695209606000810 -0.0514968858063789 -1.68247714830314 2.64447288149224 0.00520955630584717 -0.00554516237501592 -0.00644400442604228 0.999950292016702
1695209606000920 -0.0526957588726793 -1.70626243877614 2.68037171228079 0.0073341885599178 -0.0044580148495177 -0.00781184815299407 0.999932653137302
1695209607000040 -0.0545960854705574 -1.72983327215915 2.71555852606635 0.011097496374714 -0.0034880272787368 -0.0100945882913509 0.999881382228484
1695209607000130 -0.0553581016547323 -1.74473040295453 2.73921579979442 0.010578903223399 -0.0036102259550254 -0.0103467982555314 0.999883991691538
1695209607000240 -0.0554747183806081 -1.76575912889131 2.77587644774765 0.0067896421329096 -0.00471152747306026 -0.00751054886751848 0.999937645018071
1695209607000370 -0.0553023648928355 -1.78648590437824 2.81123509157477 0.0028538460181744 -0.00689622359385107 -0.00358584228581203 0.999965719111485
1695209607000530 -0.0556182882006087 -1.81911250452301 2.85918845213102 0.00378545564110783 -0.00615631586656386 -0.00380348844613178 0.99996665123202
1695209607000650 -0.0574897796486013 -1.84310040711759 2.89510008715799 0.00502529159483068 -0.00560995105795526 -0.0058546872031659 0.999954497730405
1695209607000770 -0.0586960875744337 -1.86650263001019 2.93169757921588 0.00501647458350923 -0.00531202377452734 -0.00604675307930481 0.999955026070358
1695209607000880 -0.060199622924225 -1.88950371933742 2.96840081181707 0.00466899158605855 -0.0051558550054387 -0.00573169716904421 0.99995938183723
1695209608000010 -0.0613392365366426 -1.91326610258376 3.00512188202724 0.00495401725864975 -0.00525757634619849 -0.00612548955038567 0.999955145984925
1695209608000050 -0.0618707163387707 -1.92093059061696 3.01713530153568 0.00505473019436009 -0.00527339842941596 -0.00623498491902668 0.999953881903924
1695209608000170 -0.0634658797364938 -1.94482781841217 3.05417100314311 0.00552609142997646 -0.00515833996074561 -0.00582115557114616 0.999954482959186
1695209608000290 -0.063942945147612 -1.96910998525284 3.09136562259614 0.00583772128399371 -0.00621060566054971 -0.00403694979802798 0.999955525222931
1695209608000410 -0.0644149248523508 -1.993683388521 3.128678224731 0.00579817870112785 -0.00688869991745786 -0.00289360022317224 0.999955276007355
1695209608000490 -0.0651338259302682 -2.00943520601763 3.15359438407542 0.00537971995205735 -0.00669959145801359 -0.00313133440498221 0.999958183541881
1695209608000610 -0.0661475505178389 -2.03306056292095 3.19207837142726 0.00486194893966363 -0.00642240170057054 -0.00434126658747148 0.999958132930235
1695209608000690 -0.0670458302428783 -2.04870945007459 3.21822708192027 0.00423328083493576 -0.00606490223279883 -0.0049250062208095 0.999960519524648
1695209608000770 -0.066793275408762 -2.06468391099378 3.24429035742414 0.00356804404098813 -0.00601262721543445 -0.00506008618927693 0.999962755758157
1695209608000850 -0.0674090073634693 -2.08094659713479 3.27027027107309 0.00306844726418812 -0.00610727778194393 -0.00484928598856065 0.999964884490892
1695209608000930 -0.0676364946778743 -2.09808427608083 3.29594105877187 0.00333689213853252 -0.00578757104446602 -0.00502592070618712 0.999965054036048
1695209609000010 -0.069134877659573 -2.11567090278512 3.32216419337925 0.004167671877205 -0.00519526611562275 -0.0054545795021539 0.999962942955171
1695209609000090 -0.0694890122152302 -2.13253026596953 3.34805612235409 0.00417375701813789 -0.00512255635699523 -0.00587783562973483 0.99996089434389
1695209609000170 -0.0703471799371438 -2.14860723076076 3.37438274780206 0.00382027322314691 -0.00495023640593428 -0.00607706189220976 0.999961984272794
1695209609000250 -0.0711044817314282 -2.16487836528149 3.40110161660034 0.00311356343723832 -0.00507241137282969 -0.00579263941335503 0.999965510252336
1695209609000330 -0.0714804872245287 -2.18128159529448 3.42813738197287 0.00240116243092579 -0.00513001029835236 -0.00543965380737177 0.999969163314437
1695209609000410 -0.0719624728418302 -2.19837367961546 3.45507624260474 0.00236465498332333 -0.00511434130827368 -0.00508421816437029 0.999971200908031
1695209609000530 -0.0734610210821667 -2.22465045237861 3.49555702707592 0.00333715286554515 -0.00509077650772065 -0.00512044858456386 0.999968363705369
1695209609000610 -0.0739403764430569 -2.24265208337884 3.52280761200423 0.00400030963360333 -0.00484539835770847 -0.00534308188579934 0.999965984978265
1695209609000690 -0.0753126337519535 -2.26018877020142 3.55003874151196 0.00389288598964171 -0.0044450150762248 -0.00547855439137722 0.999967535833751
1695209609000770 -0.0759219400285362 -2.27754502941343 3.57779787713117 0.00346153698741783 -0.00471861244696487 -0.00528690526159071 0.999968900061904
1695209609000850 -0.0761375659686698 -2.29444231098578 3.60634533714561 0.00277574564991452 -0.00472967136237891 -0.00542533271041405 0.999970245162261
1695209609000930 -0.0768399189733598 -2.31124080900351 3.63486143204159 0.00226972893643488 -0.00406775147546083 -0.00589768206047018 0.999971759138628
1695209610000010 -0.077357900441315 -2.32977340961701 3.66278200432933 0.0022713488870557 -0.00397792015434311 -0.00642451446453499 0.999968870885176
1695209610000090 -0.0784715650896546 -2.34884312925716 3.69050642674209 0.00341798912637666 -0.00350090962729143 -0.00698782808559333 0.999963614958444
1695209610000170 -0.0790495864280797 -2.36822160516678 3.71888517652279 0.00435312746855362 -0.0032068689874612 -0.00720874282804331 0.999959399325482
1695209610000250 -0.0798112140613464 -2.3870896071801 3.74797127784885 0.00479779230428055 -0.00306429543666916 -0.0071438492771334 0.999958277479609
1695209610000330 -0.0803157645086272 -2.40583477228275 3.77717194705296 0.00463868178608703 -0.00287568065207891 -0.00713622488795243 0.999959642878863
1695209610000410 -0.0807184079839826 -2.42491475066815 3.80687591731358 0.00473175391126964 -0.00271226887713584 -0.00693244906488794 0.999961096869485
1695209610000490 -0.0812035124817428 -2.44463227656091 3.83703487736697 0.00473856912677101 -0.00251740100227006 -0.00666322519797662 0.999963404372773
1695209610000570 -0.081428895981903 -2.463929526616 3.86717201412072 0.00508621152544995 -0.00242139890623057 -0.00633020658720393 0.999964097237605
1695209610000650 -0.0812040206733952 -2.48377195554783 3.89831187004669 0.00575465854212064 -0.00237608476839125 -0.00623183223967821 0.999961200443884
1695209610000730 -0.082024517856718 -2.50386146740744 3.92978843019838 0.00648593114028263 -0.00182637017053653 -0.00685713678792452 0.999953787304351
1695209610000810 -0.0826499003665562 -2.52410984116624 3.96152202196143 0.0064693870581968 -0.00150700251923243 -0.00729686556567455 0.999951314678577
1695209610000890 -0.0837019909480766 -2.54441584852403 3.99459383226577 0.00596486169651276 -0.00145817990950812 -0.00692837979605457 0.999957144926569
1695209610000970 -0.0835581270265835 -2.56369206606138 4.02644012190996 0.00503512326814724 -0.00157820142828163 -0.00649757668657436 0.999964968541963
1695209611000050 -0.0830786882086404 -2.58408336495372 4.05901020944446 0.00456085234196595 -0.00158513903756119 -0.00583535194801626 0.999971316902534
1695209611000090 -0.0828623247766884 -2.59446540693598 4.07546983451867 0.00432693773830695 -0.00170352064494648 -0.00535134196638785 0.999974869067408
1695209611000170 -0.0829630168641353 -2.61545542040976 4.1082462524742 0.00413741038528355 -0.00174508568871802 -0.00527712332893687 0.999975993952162
1695209611000250 -0.0839962469214044 -2.6367711378028 4.1417018798724 0.00389915040024286 -0.00148498133463302 -0.00551411547227146 0.999976092707796
1695209611000330 -0.0848337484591426 -2.6579619000763 4.17515200710627 0.00363724913422355 -0.00116798691252655 -0.00590801451681134 0.999975250488619
1695209611000410 -0.0863609165784555 -2.67852314166006 4.20874481040919 0.00339653442870753 -0.000775770758704113 -0.00633951484837263 0.999973835800263
1695209611000490 -0.0873830777250621 -2.70028337196119 4.24282309537111 0.00318020084520099 -0.000157655468289719 -0.00660332624603822 0.999973128413872
1695209611000570 -0.0890751255387175 -2.72239084391572 4.27734486732412 0.00356235329677878 0.000230305078216283 -0.00758789060616417 0.999964839639229
1695209611000650 -0.0896790780474577 -2.74582133207528 4.31162615063104 0.00426835391201108 -2.24532006438673e-06 -0.00725529654574158 0.999964570283304
1695209611000730 -0.0903007034353438 -2.76897250975565 4.34651581374511 0.00521964780650725 -0.000807108606732197 -0.00646074237409627 0.999965180724033
1695209611000850 -0.0911382402271108 -2.80344842046619 4.39918466282696 0.00591063994907628 -0.00132026247913814 -0.00521679584417019 0.999968052631432
1695209611000930 -0.0921973950761963 -2.82647471451669 4.43490276801051 0.00628668719770279 -0.00131724339776938 -0.00490447914327487 0.999967343725905
1695209612000010 -0.0931114029060857 -2.84950555926264 4.4708203455249 0.00652423877971104 -0.00116922289055051 -0.00531542940772018 0.999963906066809
1695209612000090 -0.0947885613302848 -2.8729397536397 4.50687294059341 0.00689229892099228 -0.000633007655604512 -0.00653824909032975 0.999954672380566
1695209612000170 -0.0954432309279277 -2.89649713950963 4.54357939285349 0.00747628718470078 -0.00014126546281867 -0.00821979746534777 0.999938258145787
1695209612000250 -0.0970379664685463 -2.92005096448551 4.57997781771213 0.00783117774699853 0.000121680269381266 -0.00875074992546022 0.999931038734546
1695209612000330 -0.0982367868007789 -2.94394751039141 4.61709125434591 0.00752622613102476 -0.000400816033469361 -0.00750354936712336 0.999943444407546
1695209612000410 -0.0987091653145652 -2.96939041909968 4.65349966567924 0.00809194832437867 -0.00148963874247203 -0.00592954415298244 0.999948569604892
1695209612000490 -0.0998309839297 -2.99639870015043 4.68975143103375 0.0106680546545395 -0.00156313625964524 -0.00643862995756631 0.999921143520423
1695209612000570 -0.100802518432197 -3.02305952354046 4.72658798485891 0.0128548837760904 -0.00199796849430469 -0.00665892519410626 0.999893203697404
1695209612000650 -0.102695205908718 -3.04818657122963 4.76353465433654 0.0144458857807591 -0.00132118235164876 -0.0080305534669061 0.999862531087258
1695209612000730 -0.103865384549422 -3.0730688047594 4.8009883512553 0.0147716714984201 -0.00114895028333752 -0.00894364285411916 0.999850233228401
1695209612000810 -0.104516188423233 -3.09818823475185 4.83909793760068 0.0147984619428576 -0.000657611206327541 -0.0100972265191461 0.999839296631338
1695209612000890 -0.106957817447901 -3.12209920608905 4.87696676694121 0.015152596120576 -4.99375294815801e-05 -0.0113880983218969 0.999820337637548
1695209612000970 -0.108716918473833 -3.14662171647756 4.91512512406622 0.0147019808158063 -0.000780088276901339 -0.0112169810950804 0.999828696606316
1695209613000050 -0.109695390932752 -3.17083312090377 4.95274696584434 0.0136830443565212 -0.0018976434330547 -0.0102634801695186 0.999851906144779
1695209613000130 -0.110179954938397 -3.19379169688999 4.99051443833731 0.0106995110260433 -0.00193877280504995 -0.00927347005848496 0.999897876973888
1695209613000210 -0.110163965936056 -3.21648953575167 5.02940741940514 0.00871279623834544 -0.00175166591432696 -0.00945411896701541 0.999915815697897
1695209613000330 -0.112506889084127 -3.25148333005085 5.08686790644345 0.0063176869358878 -0.00160329111884991 -0.0105054621851548 0.999923572856268
1695209613000450 -0.114593996073389 -3.28726990055744 5.14505880318647 0.00478052144906667 -0.00111813470132931 -0.0113230330672525 0.99992383975562
1695209613000530 -0.11586729096195 -3.31130900372256 5.18390316049867 0.00387902204678018 -0.000916505268797041 -0.0116855482371118 0.999923777679304
1695209613000610 -0.117516252917802 -3.33521287421489 5.22276758029968 0.0032203005552572 -0.00104387920508797 -0.0118783451553177 0.999923719539101
1695209613000690 -0.118688207641357 -3.35984378842334 5.26092299031008 0.00257992164351955 -0.00100229823644656 -0.0119864160813385 0.999924329753049
1695209613000770 -0.120146803320619 -3.38499142027631 5.29891721251199 0.00252376308017556 -0.00114155044126786 -0.0117344382842949 0.999927312578598
1695209613000850 -0.121425401397749 -3.41055039565952 5.33718689194634 0.0035561800299789 -0.00149854226100244 -0.0115808570980586 0.99992549307614
1695209613000930 -0.122356674965401 -3.43596771330838 5.37571760184799 0.00486918557880004 -0.0017110983002978 -0.0114583350968155 0.999921031747615
1695209614000010 -0.123819289984992 -3.46124136170633 5.41436491026421 0.00585079747519409 -0.00211776557860981 -0.0114564676152122 0.999915012682398
1695209614000090 -0.125066324649298 -3.48606833834156 5.45306337273784 0.00632485929522542 -0.00224826092699024 -0.0116341169303032 0.999909790331584
1695209614000170 -0.126183950025292 -3.51076241270105 5.49183857757458 0.00666562088871322 -0.00276456044116842 -0.0115192018397568 0.999907613078683
1695209614000250 -0.127522162047903 -3.53620303321805 5.53060106094435 0.00684323933713091 -0.00289369556126026 -0.0113854829892113 0.999907579418456
1695209614000330 -0.128804620098571 -3.56174481880078 5.56935964029919 0.00727326390812803 -0.00301053485479572 -0.0113933693664692 0.999904109125715
1695209614000410 -0.130799820972711 -3.58737755548396 5.6079617482518 0.00753961150194206 -0.00298055892663778 -0.0115797490612106 0.999900084977776
1695209614000490 -0.13263214019605 -3.61272442417879 5.6469420356879 0.00770044853353705 -0.00286270316101943 -0.0123016697431227 0.999890582486166
1695209614000570 -0.13441703268629 -3.63783510589202 5.68611556991183 0.00764864543781141 -0.00266889386627684 -0.0130517641662687 0.999882006379075
1695209614000650 -0.136516314130457 -3.66274761153407 5.72478606145964 0.00734815824453005 -0.0026367657237285 -0.0133559940458239 0.999880327569244
1695209614000730 -0.137433692731914 -3.68727639590449 5.76371002606872 0.00708035372026297 -0.00281702703333141 -0.0133199611669136 0.999882248859535
1695209614000810 -0.139727793966056 -3.71184479886593 5.80437159815507 0.00737585214927809 -0.00274370063839307 -0.0127667734036336 0.999887532879943
1695209614000890 -0.139203638721294 -3.73627013784258 5.84300044901757 0.00552378076112676 -0.00366646968139634 -0.0118849548126127 0.999907392059525
1695209614000970 -0.140451237873547 -3.76018150211608 5.88313837700493 0.00428131979045148 -0.00426172762505906 -0.0110256779913083 0.999920968078645
1695209615000050 -0.141369588911583 -3.783917318656 5.92327641104707 0.00312610314254862 -0.00452286679702315 -0.0104223068846812 0.999930570926942
1695209615000130 -0.142701875830482 -3.80826417669473 5.96321400350256 0.00230679839048935 -0.00459577801811699 -0.0103628097072177 0.999933082601314
1695209615000210 -0.144616522537007 -3.833446582296 6.00304977020121 0.00186098652310716 -0.00444814337103206 -0.0105779446516013 0.99993242663525
1695209615000290 -0.146141240604643 -3.85887800185284 6.04270631639269 0.00171351129159318 -0.00424802352529704 -0.0109444923821081 0.999929615653862
1695209615000370 -0.147344930262961 -3.88455668222721 6.08187950753501 0.00169666340416779 -0.0044374360430576 -0.0108071339779673 0.999930315746972
1695209615000450 -0.149128992862856 -3.91027899148219 6.1208829282678 0.0017550103144382 -0.00472171894374434 -0.0102471406200067 0.999934808584103
1695209615000530 -0.150682073092552 -3.93611180838813 6.16031081055848 0.00248826718363823 -0.00541250622443204 -0.00945983832378409 0.999937510428367
1695209615000610 -0.152014144509799 -3.96191308142952 6.2001498086006 0.00356023237609142 -0.00621295580130783 -0.00865072140826065 0.999936942484253
1695209615000690 -0.153339033995425 -3.98797334967746 6.24011808214469 0.00443529689529502 -0.00688317122126716 -0.00798983162501479 0.99993455420142
1695209615000730 -0.15383272508133 -4.00080905320567 6.2599593341571 0.00473425504321857 -0.00701163458104002 -0.00792077881083263 0.999932840281145
1695209615000810 -0.154884890009983 -4.02635315772994 6.2997744860661 0.00477621516677982 -0.00708354258983891 -0.00780733782613831 0.999933026091811
1695209615000890 -0.156354258841796 -4.05163286734173 6.34002097041363 0.00447037475688593 -0.00724837822137696 -0.00762379759726906 0.999934675102773
1695209615000970 -0.157909597269972 -4.07713215660928 6.38010464612553 0.0045088482944996 -0.00760307489264555 -0.00746917952475934 0.999933035206089
1695209616000050 -0.159364904476764 -4.10263791866473 6.41984997698071 0.00453285075264684 -0.00808869731999596 -0.00704139551132075 0.999932220197436
1695209616000130 -0.161162078204477 -4.12821360770696 6.45994975414736 0.00527496188569384 -0.00815745897448039 -0.00673561938188584 0.999930128594857
1695209616000210 -0.162979403791493 -4.1545708176023 6.50007653680092 0.00492328250582292 -0.00819451808487123 -0.0067116573241921 0.999931780082365
1695209616000290 -0.164730351865121 -4.18049695774346 6.54014923986834 0.00502066672837708 -0.00819100326413486 -0.0068256073623686 0.999930553316211
1695209616000370 -0.166013402059562 -4.20707754604084 6.58128935364998 0.00584486509313322 -0.00799636004336722 -0.00714089576045787 0.999925448913987
1695209616000450 -0.167820619723399 -4.23277709646575 6.62052742948323 0.00557361078600504 -0.00823250836393336 -0.00744963031257932 0.999922828860833
1695209616000530 -0.169440119059954 -4.25899538955785 6.66092156349051 0.00583172482409077 -0.0085624869777837 -0.00735370424514916 0.999919295661508
1695209616000610 -0.171316926257323 -4.28528010365849 6.70149650752374 0.00601951753319756 -0.00884597853362588 -0.00715048926566099 0.999917188859013
1695209616000690 -0.172891346668379 -4.31137600772717 6.74203569655935 0.00613774226408417 -0.00914655823435322 -0.00699549387641703 0.999914862204673
1695209616000770 -0.17377595849179 -4.33753203399894 6.7822749141348 0.00596135589803772 -0.00923592735818448 -0.00692577736957902 0.999915593182504
1695209616000850 -0.174970233603002 -4.36362831707844 6.8223941290604 0.00569409746402362 -0.00913967013038859 -0.00717319677702051 0.999916290962387
1695209616000930 -0.176761692061841 -4.38950456048677 6.86251931243902 0.00570556071552411 -0.00930946621062772 -0.00729719836985965 0.999913761937371
1695209617000010 -0.179226257979308 -4.41557756955361 6.90379044481955 0.00547188491808753 -0.00913998516325923 -0.00726469913327465 0.999916868191132
1695209617000090 -0.180847039202533 -4.44180648000949 6.94491240705259 0.00528207843687198 -0.00911589272104879 -0.0073914823308397 0.999917179638513
1695209617000170 -0.182643143768418 -4.46625733168253 6.98453457345441 0.00592445887640844 -0.00888875633049063 -0.00705728173067416 0.999918039427479
1695209617000250 -0.183359580361572 -4.49335888483851 7.02663945318987 0.00479330932822834 -0.00925043892491048 -0.00718009161645518 0.999919946720616
1695209617000330 -0.184917299836002 -4.51940059886105 7.06719255196522 0.00469968698874859 -0.00933489878929079 -0.00713389413386126 0.999919936875592
1695209617000410 -0.186589950795402 -4.54508897676287 7.10827287306789 0.00444663753657389 -0.0093504552172083 -0.00697508302715066 0.999922069272708
1695209617000490 -0.188897365802764 -4.57109805386425 7.14928494475758 0.00440573793663897 -0.00935894798174677 -0.00680965469315037 0.999923311143844
1695209617000570 -0.190304874766142 -4.59758055118134 7.19002873946529 0.00452770498499933 -0.00952018675819625 -0.00676314340860711 0.999921559835017
1695209617000650 -0.19123414941792 -4.62436097278097 7.23081521966437 0.00473750219882904 -0.00977916547068632 -0.00684043971964453 0.999917562792081
1695209617000730 -0.192481235622546 -4.65129366751914 7.27147101995653 0.00485143422379881 -0.00982671604616072 -0.00686515905836261 0.999916380918336
1695209617000810 -0.193955088437669 -4.67818617123971 7.31175943132561 0.0051761987858759 -0.00991757264881745 -0.00678461976384844 0.999914405163534
1695209617000890 -0.195045685510091 -4.70552932003359 7.35168190682163 0.00537149640995965 -0.00996398635954859 -0.00689363483539527 0.999912168043224
1695209617000970 -0.196270943440194 -4.73274719190245 7.39160776573246 0.0058965822909781 -0.0103188493738197 -0.00722054024702778 0.999903303056564
1695209618000050 -0.197102890394786 -4.75975630496349 7.43157720101396 0.00633352696064706 -0.010761063181907 -0.00784406878588594 0.999891272359308
1695209618000130 -0.196951038161586 -4.78653630062527 7.47214272061251 0.00696483624773663 -0.0109809313447311 -0.0085886260806401 0.999878565479274
1695209618000210 -0.197727924208021 -4.81374689041724 7.51346111195662 0.00742456495634182 -0.011030743425478 -0.00932600411302903 0.99986810339263
1695209618000290 -0.198463308910615 -4.84079364792111 7.55531085941533 0.0077950313890393 -0.0111100687441839 -0.0101392607968009 0.999856489326662
1695209618000370 -0.200138049799235 -4.86787755777696 7.59660626155619 0.00807682718951144 -0.0111684090375033 -0.0108224232954062 0.999846441537968
1695209618000450 -0.203057872128884 -4.89464435466963 7.63779170701294 0.00780948186731502 -0.011132693388887 -0.0110144277145318 0.999846867031644
1695209618000530 -0.205042833477768 -4.92050158793262 7.67944121622298 0.00714866860575434 -0.0110954944974073 -0.010718644148867 0.999855438154253
1695209618000610 -0.206748303204714 -4.94597267367136 7.72123431270518 0.00644621576007047 -0.0112338368926723 -0.0101991260529314 0.999864103285441
1695209618000690 -0.208737202139659 -4.97130334481574 7.76281095742547 0.00574405954688057 -0.0108604845080096 -0.0100128496560054 0.999874391360205
1695209618000770 -0.211743093395777 -4.99708224860746 7.80435292474147 0.00525779252754152 -0.0107058483369337 -0.0101378235158048 0.999877474975552
1695209618000850 -0.214941593932087 -5.02282109206176 7.8463244293342 0.00470304133518129 -0.0101142520201817 -0.0104404804118495 0.999883283027095
1695209618000930 -0.217931384603133 -5.0490547060515 7.88808475020177 0.00426944765058984 -0.00957127385445912 -0.0108086346177164 0.999886661552829
1695209619000010 -0.220070447467996 -5.07484602885813 7.92964956628736 0.00391934083226905 -0.0095781056142478 -0.0109173471916829 0.99988684869368
1695209619000090 -0.221265246623631 -5.10119333206207 7.97092864407171 0.0037188846276772 -0.00993602713312433 -0.0105766503222521 0.999887783568685
1695209619000170 -0.222473695140459 -5.12798801997624 8.01196628432374 0.00375717207372961 -0.0105099562691188 -0.0100880235450479 0.999886821724431
1695209619000250 -0.223732643491558 -5.15484918342846 8.05375579228168 0.00379227604771097 -0.010998082294446 -0.00943996442841315 0.999887767651856
1695209619000330 -0.225208162103318 -5.18176826222503 8.09521525308971 0.00414272616926826 -0.0113580876567491 -0.00937609610769614 0.99988295339327
1695209619000410 -0.226802774107431 -5.20918569614661 8.1366307477283 0.00449712221517673 -0.0114828683036547 -0.00976617595061726 0.999876263061887
1695209619000490 -0.228580367082887 -5.23650404182032 8.1778520866171 0.00508906097087451 -0.0114700142216893 -0.0106368705835498 0.999864689453717
1695209619000570 -0.233259980554212 -5.26196911396074 8.21689232568964 0.00714193823423064 -0.00978325821109274 -0.00967168257207143 0.999879862350102
1695209619000650 -0.232882725126202 -5.29154666291672 8.26159984982852 0.006851684758353 -0.0119446880523519 -0.0113916883452192 0.999840291386554
1695209619000730 -0.23400211462351 -5.32053503290929 8.3048059976122 0.00741610099853823 -0.0125537642437648 -0.0111475693654479 0.99983155388622
1695209619000810 -0.23502599792977 -5.34912508267265 8.34857171924226 0.0081940239912862 -0.0130524479683699 -0.0108878874868493 0.999821956889794
1695209619000890 -0.237079997833849 -5.37834971669973 8.39330612009994 0.00875163420133721 -0.0135732246035311 -0.01096284458002 0.999809478106395
1695209619000970 -0.238801300373208 -5.40776789117129 8.43846997749772 0.00896895950092523 -0.013657626023965 -0.0109681564733836 0.999806344528997
1695209620000050 -0.241764702441788 -5.43697077103823 8.48401611366615 0.00875837721977106 -0.0134969075779289 -0.0115331965623405 0.999804035644667
1695209620000130 -0.243624876632493 -5.46610649002706 8.5301842475713 0.008271083628148 -0.0128932486275114 -0.0122553900026411 0.999807560849251
1695209620000210 -0.246509663330384 -5.4959671559483 8.5767580135168 0.00796067651953702 -0.0124882394023763 -0.0127695543620729 0.999808786712426
1695209620000290 -0.249532330377217 -5.52637315683535 8.62359329716279 0.00780243030148526 -0.0119754034199383 -0.0131423103001201 0.999811477966869
1695209620000370 -0.253076590003731 -5.55716056587603 8.67104097068834 0.00775966770884054 -0.0118525169102912 -0.0133063574927912 0.9998111052845
1695209620000450 -0.256665137469258 -5.58784022146219 8.71948970052002 0.0077314756636575 -0.0116243289575811 -0.0132905649371645 0.99981421281356
1695209620000530 -0.258921201851926 -5.61861423694834 8.76893065981546 0.00755157416206554 -0.0111793409534323 -0.0133540497779039 0.999819816475974
1695209620000610 -0.262416007955515 -5.64970324709652 8.81828073840667 0.00725201534156193 -0.0109839924680743 -0.0131517190093569 0.999826881249972
1695209620000690 -0.266414906101131 -5.681468330112 8.86854410516846 0.00680558149698418 -0.0110646049803108 -0.0127059813994413 0.999834894677013
1695209620000770 -0.269378054458384 -5.71340797260112 8.91915683639128 0.00652255105277913 -0.0112850466890779 -0.0124187488830541 0.999837926228631
1695209620000850 -0.27199448152215 -5.74584883037519 8.96949102366455 0.00636350978527383 -0.0111060384045631 -0.0121847006485441 0.99984383516841
1695209620000930 -0.273765127284136 -5.77843565536107 9.0198222485586 0.00654044355731568 -0.0108801878569446 -0.0123719949164697 0.999842876582145
1695209621000010 -0.276057961175888 -5.81095966751527 9.0705110117239 0.0065190933109793 -0.010656665621282 -0.0125842993331248 0.999842773795227
1695209621000090 -0.279078144760429 -5.84431940827191 9.12154201401948 0.00655422544499781 -0.0105415498830483 -0.0124948382250033 0.999844886406192
1695209621000170 -0.282374407042508 -5.87775335024081 9.17320702748885 0.00658787753105979 -0.0107752427333736 -0.0118957540275997 0.999849481196939
1695209621000250 -0.28457134121291 -5.91145448313591 9.22581546097177 0.00683238520366274 -0.0114633429041742 -0.0111660849200938 0.999848602954191
1695209621000330 -0.286350841382139 -5.94306000121234 9.27369232325004 0.00717511304516919 -0.0102874337040209 -0.00998981637379272 0.999871436750442
1695209621000450 -0.289713292489184 -5.99525490191827 9.35627963478143 0.00648094626268713 -0.0115818463680619 -0.0106765412065645 0.999854924295576
1695209621000530 -0.292778021381598 -6.02963826958842 9.40757558746099 0.00677014840295032 -0.0113883866316644 -0.011210828263813 0.999849382192223
1695209621000610 -0.295152915926736 -6.06379477504193 9.45882493757584 0.00711436480926186 -0.0113822250635379 -0.0114540468323032 0.999844305668201
1695209621000690 -0.297001467109757 -6.09780717646135 9.51008881706607 0.00739512793870428 -0.0114281936642732 -0.0115481210357699 0.999840661992142
1695209621000770 -0.298934864769028 -6.13176794220376 9.56088659260491 0.00758506374738556 -0.0113687764273484 -0.0113973183346686 0.999841646894783
1695209621000850 -0.300937760298757 -6.16507164673444 9.61191166678226 0.00767133166252923 -0.0116901854021186 -0.0109539183969754 0.999842238509426
1695209621000930 -0.304097575833966 -6.19744718012325 9.66382986247701 0.00733839533881185 -0.0116623424368243 -0.0109087359155833 0.999845556675361
1695209622000010 -0.307459416903019 -6.22968025314022 9.71602610163318 0.00697607305575245 -0.011478055644294 -0.0111719399812875 0.999847376553243
1695209622000090 -0.3106639690958 -6.26210324666235 9.76792493226346 0.00659406616383564 -0.0112189303124832 -0.0112979044114975 0.999851494598062
1695209622000170 -0.312583090573572 -6.29101697213263 9.81286453352803 0.00679312878439156 -0.0099387173852586 -0.0107863164550865 0.99986935680387
1695209622000250 -0.315510124975353 -6.3271561345134 9.87163540852398 0.00621781975251475 -0.0118108142917854 -0.0111732412972517 0.999848489553394
1695209622000330 -0.317598895204041 -6.36062997245043 9.92295380156368 0.00600098596657971 -0.011949406019057 -0.010867612137112 0.999851536414111
1695209622000410 -0.319386494030203 -6.39475901363432 9.97347429147552 0.00633745204090728 -0.0119763532795657 -0.010790893709171 0.999849968883687
1695209622000450 -0.320974750640284 -6.41145774276727 9.998437748916 0.00672102468053287 -0.0120313086353297 -0.0108387852746165 0.999846286272813
1695209622000530 -0.322540280771232 -6.44471083436643 10.0479692291774 0.00764483283663792 -0.0121062472289996 -0.0113529637557103 0.999833038823429
1695209622000610 -0.324705942299069 -6.47787655726865 10.0973175573338 0.00795168330928079 -0.0120831958492361 -0.0114623421553683 0.999829676406402
1695209622000690 -0.327214294772122 -6.51036688299139 10.147224225431 0.00795336174919324 -0.0120593659561227 -0.0115110207659291 0.999829391511646
1695209622000770 -0.329907240042309 -6.5422857657178 10.1977520255381 0.00773283394925448 -0.0121061276244906 -0.0114928277370715 0.99983076561169
1695209622000850 -0.331671468670999 -6.57430028062244 10.2481741269144 0.0073322729390509 -0.0122061305242099 -0.0111006246636481 0.999836998856939
1695209622000930 -0.333031899420838 -6.60666399679794 10.2988767082247 0.0071956635475105 -0.0124383128578491 -0.0105114138221101 0.999841497927957
1695209623000010 -0.335668427763055 -6.63970894438956 10.3479331366458 0.00712017781962299 -0.0123501253039674 -0.0104734552497573 0.99984352986251
1695209623000090 -0.33882178911098 -6.67312815337762 10.3969120322571 0.00775826609545851 -0.0124227490989657 -0.0106334724733519 0.999836193521306
1695209623000130 -0.33939158948944 -6.68977815906411 10.4213203295633 0.00808646260440338 -0.0125550637071382 -0.0106780233829558 0.999831465455299
1695209623000210 -0.341683529742399 -6.72225791550235 10.4692520027443 0.00887381357671272 -0.0126286538983855 -0.0113495609015962 0.999816463157444
1695209623000250 -0.342743285056494 -6.73813993595584 10.4926331184051 0.00913223768692184 -0.0126995082402593 -0.0115596835103777 0.999810831328819
1695209623000330 -0.344031975659142 -6.76951870827071 10.5402468622346 0.00965384997097085 -0.0129616485049215 -0.0113855035289181 0.999804565481757
1695209623000410 -0.34600270888413 -6.80084312214845 10.5884514985039 0.00977356900109594 -0.013415399485327 -0.0107889110702477 0.999804032700183
1695209623000490 -0.347982407659546 -6.83198404526003 10.6363697940204 0.00971304952165708 -0.0136970852951635 -0.0103032895906098 0.999805925541062
1695209623000570 -0.350547643496192 -6.86294745976994 10.6852565893879 0.0092867199543037 -0.0135391038733572 -0.00995660783249889 0.999815640735464
1695209623000650 -0.352682012474521 -6.89399373107925 10.7343020423177 0.0088145982758491 -0.0134520360257302 -0.00977462246855412 0.999822885485022
1695209623000730 -0.355715367545541 -6.92502147966744 10.7831735268371 0.0083136185714855 -0.0133870894743117 -0.00985973597626765 0.999827212666335
1695209623000810 -0.358806580988357 -6.95582465223544 10.8313480745899 0.0081178331108334 -0.0133007347665166 -0.00975349515994289 0.999831016008416
1695209623000890 -0.360566133512437 -6.98725088041508 10.8794674978182 0.0079246862900543 -0.0133214761979501 -0.00934741249005497 0.999836168329018
1695209623000970 -0.362654865986264 -7.01747011000801 10.9266996080843 0.00774246361413153 -0.0134360727936052 -0.00888212209263603 0.999840304304743
1695209624000050 -0.365379763742983 -7.04808892579192 10.9742796761104 0.00755177156296173 -0.0135625377566419 -0.00854486693682133 0.999842994457076
1695209624000130 -0.368104691033342 -7.07933798813449 11.0210155773076 0.00761659995342525 -0.0137769633928864 -0.00819539691467848 0.999842496673467
1695209624000210 -0.369396881896089 -7.11041137019312 11.066999793957 0.00770457170605915 -0.0141197158819427 -0.00792415761782571 0.999839227538251
1695209624000290 -0.37117363670742 -7.14125639016093 11.1136289757821 0.00783454347359246 -0.0142449193632023 -0.00766308037229148 0.999838476655157
1695209624000370 -0.372121643334989 -7.17191741508275 11.1606847125578 0.00797156075430572 -0.01443190048719 -0.00752048055635407 0.999835794938184
1695209624000450 -0.373574708775186 -7.20325653616317 11.2080244698856 0.00786444870001164 -0.0146744008666217 -0.00713572001446314 0.999835933493954
1695209624000530 -0.375248134848927 -7.23455604699058 11.2554000533184 0.00808647404328268 -0.0149029208817265 -0.00687199108406767 0.99983262980625
1695209624000610 -0.378037105689406 -7.26587016395227 11.3020977642805 0.00822349879665382 -0.0150185297016264 -0.00644522557344163 0.999832624442937
1695209624000690 -0.38057015174345 -7.29754951988076 11.3494337477185 0.00845136346597685 -0.0152508725577392 -0.00636010479646697 0.999827752369763
1695209624000770 -0.383879224073338 -7.32747745218252 11.3955406513346 0.00838408021271709 -0.015288965183311 -0.00638596757791851 0.999827572214681
1695209624000850 -0.386820822496778 -7.35766602338211 11.4416485557186 0.00826265120272454 -0.0151147276730202 -0.00638586920526775 0.999831232897315
1695209624000930 -0.386951866523502 -7.38794497602839 11.4869853056291 0.0085938781196922 -0.0151731956019241 -0.00640407662862903 0.999827438709613
1695209625000010 -0.389340468610257 -7.41793318219984 11.5314692837593 0.00910699975738224 -0.0155943641059018 -0.00619007517373437 0.999817764061479
1695209625000090 -0.392010957698905 -7.44754318695176 11.5757954787447 0.00937296028570158 -0.0157883473444531 -0.00621409763678858 0.999812112696268
1695209625000170 -0.394915285443082 -7.47575791970775 11.6203557392712 0.00923136908559024 -0.015927786174259 -0.00598169296170204 0.99981263584819
1695209625000250 -0.397675374846552 -7.50374470402956 11.6649286787773 0.0089533813951286 -0.0157761342192774 -0.00631102912122002 0.999815543719
1695209625000330 -0.399799348864421 -7.53177242367337 11.7088933409978 0.00869249299904422 -0.0156141068405118 -0.0066049530803303 0.999818490941151
1695209625000410 -0.401973029204189 -7.56001312031624 11.7520565670835 0.00870277555554952 -0.0155622891926908 -0.0067804490451126 0.999818034626031
1695209625000490 -0.405106503144665 -7.58874402422158 11.796079203817 0.00870894715229816 -0.0155557635763685 -0.00684007966595674 0.999817676263637
1695209625000570 -0.407802721390204 -7.61615479142164 11.8389071350997 0.00856445868736292 -0.0156782296041874 -0.00667764153188456 0.999818109591661
1695209625000690 -0.410066656582285 -7.65712256976296 11.9037291004639 0.00810443490119806 -0.0157079224593051 -0.00658171815778781 0.999822114324861
1695209625000810 -0.413600382725283 -7.6985473542012 11.968556844536 0.00786927850910323 -0.0155148200852451 -0.00675922232513512 0.999825823694821
1695209625000890 -0.416870135578175 -7.72648965597164 12.012088270773 0.00767748447883497 -0.0155116543400149 -0.00678806519431918 0.999827168555961
1695209625000970 -0.420551352333604 -7.7542107752807 12.0556473331365 0.00768315208600192 -0.0155776648221646 -0.00698089831981886 0.999824770943069
1695209626000050 -0.422410745132292 -7.78242377652418 12.0993008256719 0.00758211070742863 -0.015903455711391 -0.00666016826588183 0.999822601190994
1695209626000130 -0.423472505374636 -7.81135358902263 12.1423419721179 0.00762610114389198 -0.016004547944739 -0.00634474880812081 0.999822704877715
1695209626000210 -0.424266412655986 -7.84059540074336 12.1855047505775 0.00762554887219825 -0.0158901268692123 -0.00604505726461356 0.999826391007532
1695209626000290 -0.425951284621012 -7.86963647383468 12.2284180040118 0.00794015568667131 -0.0163081013017009 -0.00568838679930094 0.999819304682214
1695209626000370 -0.429371326327584 -7.89909402806697 12.2714903550043 0.00826051430496758 -0.0163579366242208 -0.00590737867920648 0.999814625163063
1695209626000450 -0.430638028655533 -7.92766517442924 12.3146829404557 0.00857349629794113 -0.0166811251420487 -0.0056984282018907 0.999807863112334
1695209626000530 -0.432094927377211 -7.95594446182719 12.3571091725391 0.00881045099856121 -0.0166432201944439 -0.00581152964134597 0.999805783789026
1695209626000610 -0.435008186922258 -7.98417898887621 12.3995302938906 0.00932885776508898 -0.0170623737366122 -0.00588986400517091 0.999793557349352
1695209626000690 -0.438201477072145 -8.01187783356357 12.4422101593747 0.0097956698836845 -0.0174569766636023 -0.00600538605229949 0.99978159322707
1695209626000770 -0.441285521317072 -8.03928579772182 12.4852021437977 0.00985142709075477 -0.0175296877433876 -0.00607708985896728 0.999779339859922
1695209626000850 -0.443912463212576 -8.06642236100519 12.528192684805 0.00966785370827304 -0.0175059973837081 -0.00632216479937183 0.999780027252258
1695209626000930 -0.446102175870198 -8.09399569390235 12.5709727254361 0.00943668903316417 -0.0175255679033753 -0.00654677207081562 0.999780447470948
1695209627000010 -0.449257875629975 -8.12114872205612 12.6139740696068 0.0093782172986509 -0.0174841380858683 -0.00691310706429989 0.999779257089489
1695209627000090 -0.453040441879775 -8.14880046012306 12.6573123007281 0.0092121863535064 -0.0175472123410792 -0.00740785670359252 0.999776152256446
1695209627000170 -0.458263517294589 -8.17591395417525 12.6998146350204 0.00924404945272658 -0.0178802678786384 -0.00768352288801739 0.999767876582526
1695209627000250 -0.462365716122867 -8.20330562005557 12.7431662182941 0.0092138163965144 -0.0177253752486415 -0.00832357283474968 0.999765789970316
1695209627000330 -0.467017707019478 -8.23047168427032 12.7859685393587 0.00921674258988132 -0.0177052562112957 -0.00867662457683718 0.999763117815654
1695209627000410 -0.471424187317564 -8.25685785943774 12.8282553274635 0.00912953563284643 -0.0176155580770502 -0.00915140913597385 0.999761269205598
1695209627000490 -0.476853411376263 -8.28355219885901 12.8701800440219 0.00899185303475816 -0.0175817833412587 -0.00942573695478262 0.999760562813118
1695209627000570 -0.482248858180775 -8.31178376495137 12.9121637579911 0.00912533998863376 -0.0178969696996534 -0.00942544237201214 0.999753763524676
1695209627000650 -0.486358091286848 -8.3399552469812 12.9539514788999 0.0097583850380851 -0.0182022974065458 -0.00979961678602674 0.999738674755268
1695209627000730 -0.490506585529328 -8.36820406878096 12.9958350645825 0.0104620943780116 -0.0188302827246987 -0.00969451068081654 0.999720951814252
1695209627000810 -0.494138180740836 -8.39625647855992 13.0380579458282 0.0110578809751636 -0.0192547823122724 -0.00973834481134526 0.999706027423453
1695209627000890 -0.49948098989753 -8.42402375203603 13.0799439709831 0.0113837602844341 -0.0196443266313975 -0.0098111813521166 0.999694078782835
1695209627000970 -0.504278799654922 -8.45171537324445 13.1216733993522 0.0119509470287471 -0.0203385111443325 -0.0100653395398245 0.999671050280789
1695209628000050 -0.508424491185273 -8.47908468495725 13.1633211193939 0.0128831328810982 -0.0208768360640121 -0.010543687376845 0.999643443063387
1695209628000130 -0.512576370188278 -8.50657316359229 13.2054889751706 0.0133762487632485 -0.0213494929230459 -0.0107658064945691 0.999624615809092
1695209628000210 -0.518291499085518 -8.53339057670102 13.245773501759 0.0135951071469529 -0.0215054049669057 -0.0109016233594318 0.999616849211237
1695209628000290 -0.524231155168468 -8.55946183938137 13.2865685452933 0.0134980324604597 -0.0215807006026412 -0.0109939338192023 0.999615531041997
1695209628000370 -0.52943379128698 -8.58602909635721 13.3269523507793 0.0138233553958607 -0.0218032761987156 -0.0114925929014555 0.999600646408856
1695209628000450 -0.534864525962006 -8.61306847134763 13.3672339694967 0.0140432711046592 -0.0219498872946461 -0.011800713384025 0.999590782344486
1695209628000570 -0.543290650365675 -8.65191342281378 13.426923834941 0.0144894259698557 -0.0222735172057373 -0.0122384137496567 0.999571992502412
1695209628000650 -0.549757041333118 -8.67732575570595 13.467061385569 0.0145592184120919 -0.0223390278962439 -0.0122247343875154 0.99956968384452
1695209628000730 -0.555568215806866 -8.70253108482539 13.5071952139062 0.0144520569860178 -0.0224928927875295 -0.0119076855789129 0.999571615666969
1695209628000810 -0.561181587365835 -8.7280059376999 13.5477242367652 0.0142162340659216 -0.0223689849238362 -0.01180721110816 0.999578969850961
1695209628000890 -0.567160569984885 -8.75429183579695 13.5883087218572 0.0140336761310931 -0.0221507066551867 -0.0117499941825613 0.999587084633267
1695209628000970 -0.573084110270108 -8.78088143577917 13.6287013536415 0.0139764143565158 -0.0220906502548402 -0.0118771707826307 0.99958771292331
1695209629000050 -0.576303644396681 -8.8094754876738 13.6743410596921 0.0137355189898773 -0.0237662405612573 -0.0129111671860056 0.999539795650758
1695209629000130 -0.584777912571551 -8.83369406235199 13.711164403785 0.0141942279640783 -0.0231670151441936 -0.0126022365309714 0.999551397846169
1695209629000210 -0.589236426538978 -8.86017846320153 13.7510102791604 0.0149257225068487 -0.0239207669521474 -0.0129426382388458 0.999518638061086
1695209629000290 -0.59415715794808 -8.886592024186 13.7900509668129 0.015352960729973 -0.0246653145071606 -0.0132985596828983 0.999489398226638
1695209629000370 -0.59917195665925 -8.91298989580123 13.8299990336143 0.0159712500248153 -0.0255292695532924 -0.0132800268398518 0.999458261487619
1695209629000450 -0.604600592191219 -8.93943869616592 13.8696348496697 0.0164360765077011 -0.0260399869807987 -0.0136287449261174 0.999432855062716
1695209629000530 -0.609087964125707 -8.96560546375161 13.90961384601 0.016748243066775 -0.0263155103215764 -0.0140082662374534 0.999415208383238
1695209629000610 -0.614985065574973 -8.99100297728718 13.9496909141236 0.0168530607587655 -0.0264340648599539 -0.0148204963804876 0.999398602883293
1695209629000690 -0.62053109840119 -9.01654603922957 13.9890960957255 0.0170274126469257 -0.0265200671231635 -0.0154635242455722 0.999383626379901
1695209629000770 -0.62724035581424 -9.04198931745767 14.0281528936878 0.0173826790519422 -0.0266710260839505 -0.0160827102334925 0.999363720208089
1695209629000850 -0.633397564903013 -9.06789575327257 14.0674375645544 0.0177845507808684 -0.0268162967275677 -0.0168891096471912 0.99933945882201
1695209629000930 -0.638516263481961 -9.09316888679765 14.1062973952982 0.0181882199654956 -0.0269279749659784 -0.0173310998531879 0.999321622800486
1695209630000010 -0.643642772882808 -9.11882958794638 14.1444844310368 0.018626865634088 -0.0274841316679664 -0.0174622055624648 0.99929611915588
1695209630000090 -0.648880163979924 -9.1446322652165 14.1827550264339 0.0189665946063257 -0.0276799261762364 -0.0176980470480895 0.99928017547963
1695209630000170 -0.653181532950479 -9.17037285836149 14.2208286427335 0.0193023941040014 -0.0276342772384399 -0.0179846971232262 0.999269890956767
1695209630000250 -0.657584877263218 -9.19662717985558 14.258626880811 0.0199931014050529 -0.0274527876301232 -0.0192399602380232 0.999237931764793
1695209630000330 -0.661786160281655 -9.22382270604175 14.2974143147377 0.0197604587843554 -0.0288064348828467 -0.0210277977023367 0.999168426893966
1695209630000410 -0.664950712028888 -9.24868155950935 14.3336814483105 0.0206288055254726 -0.0289554067257687 -0.0215167344175577 0.999136160362511
1695209630000490 -0.67014806688879 -9.27446451591521 14.3709371984422 0.0210283004373156 -0.0294690687176158 -0.0217159865244938 0.999108502865881
1695209630000570 -0.675009791772413 -9.30144436729877 14.4099539918719 0.0216341586920527 -0.0296771730268902 -0.0223290232209494 0.999075894665074
1695209630000650 -0.679762912249686 -9.32575391405746 14.4450154488526 0.0217902097271111 -0.0296023799287122 -0.0233174469125551 0.999052142048695
1695209630000730 -0.684608782709212 -9.3510995508635 14.4819428924061 0.0223823617369388 -0.0302526403435124 -0.0234897029033814 0.999015536161893
1695209630000810 -0.689135109098651 -9.37653303868479 14.5184240862107 0.0229707680365074 -0.0306632511475853 -0.0238649255534581 0.998980767669329
1695209630000890 -0.694318454692366 -9.4013946830235 14.554848361445 0.0228491182812618 -0.0304252852394607 -0.0241833058450809 0.998983176800425
1695209630000970 -0.699032674142443 -9.42623500107458 14.5912960061424 0.0224544561017686 -0.0307309323956762 -0.0243671065415103 0.998978303725392
1695209631000050 -0.703635171065989 -9.45108263746615 14.6277166454365 0.022439355618809 -0.0310853029321652 -0.0240467720977707 0.99897544114593
1695209631000130 -0.707444359706681 -9.47566588987711 14.6638747349594 0.0222568182749195 -0.0312683293807086 -0.0229379266149509 0.998999888458764
1695209631000210 -0.70971570093827 -9.50001268277474 14.6995716855314 0.0218729820834051 -0.0316706498132462 -0.0226304893506805 0.999002704474284
1695209631000330 -0.717669022769722 -9.53643239133417 14.7527364689223 0.0216303294555161 -0.0306519404719176 -0.0227208005122799 0.99903771331068
1695209631000450 -0.723279193945701 -9.57148184488588 14.8061170641197 0.0206082417062885 -0.0302721964420241 -0.0229231832561613 0.999066275161841
1695209631000530 -0.724774286458208 -9.59528242192817 14.8412443569436 0.0201528498900546 -0.0298483954483887 -0.0227966612106085 0.999091211135457
1695209631000650 -0.726822398972055 -9.63101413188399 14.8940280925684 0.0197122782224886 -0.0290775568192185 -0.0226588205013751 0.99912586776151
1695209631000810 -0.727940112470164 -9.6816901917078 14.9689057291907 0.018988289115451 -0.0270936833098001 -0.0225118085809804 0.999198977018887
1695209631000930 -0.725204803629136 -9.71432951209508 15.0144166612655 0.0194919701513462 -0.0258503024481178 -0.0208316322245613 0.999258659237847
1695209632000050 -0.724232876967071 -9.75045380040404 15.0642777979099 0.0209128222235812 -0.024029303801881 -0.0181565960422648 0.999327566139151
1695209632000210 -0.718597755252548 -9.79697989586967 15.1323352724113 0.0218456816006148 -0.0207625967522654 -0.0147270123411315 0.999437239589866
1695209632000330 -0.711462108788292 -9.8301657678161 15.18401568655 0.0222194837599423 -0.0177611681824217 -0.0129309378575756 0.999511693924769
1695209632000450 -0.702004870228575 -9.85663583003559 15.2389007360175 0.0219841129526309 -0.0142210269466088 -0.010541083550892 0.999601594000251
1695209632000530 -0.690107036016139 -9.86110720220562 15.2850484081956 0.0212086460496192 -0.0124288212967763 -0.00771827189359405 0.999668017900388
1695209632000690 -0.672299032849126 -9.87452109097911 15.3863479102202 0.0229137543046624 -0.00900678168638086 0.000689492057101611 0.999696635158898
1695209632000970 -0.636178778911378 -9.99364792659524 15.4611742877692 0.0272243587800557 0.00731537388917398 0.00271564294375802 0.999598891994823
1695209633000250 -0.585041556702972 -10.0716718408185 15.572573009414 0.0359899611483797 0.0234948794330428 0.0158869928607631 0.998949606734397
1695209633000490 -0.52768298671705 -10.1187544456935 15.7007353745451 0.0490376220392926 0.0367224809624761 0.0381859273259572 0.997390899282197
1695209633000650 -0.470632439278111 -10.1179992115091 15.7722076279034 0.055728726205157 0.0501848443886581 0.0438219275351622 0.996220572532178
1695209633000730 -0.443589211551467 -10.1136372595116 15.8223951695962 0.0593317212759655 0.0585738832469095 0.0466192528587915 0.995427291325035
1695209633000890 -0.385995403236688 -10.1162394215888 15.9126654033606 0.0681450943170506 0.0712681440680024 0.0573096326462838 0.993475064492094
1695209634000050 -0.328134183152149 -10.1546819661769 15.9656223069915 0.0782442291418079 0.0872189693773003 0.0670334739236019 0.990846711333544
1695209634000210 -0.265353304231949 -10.1805838326148 16.024361083111 0.0881815686292157 0.103834239800184 0.0762735966930355 0.987737212039071
1695209634000330 -0.217249705276409 -10.1901755709266 16.0869169958589 0.09558963490003 0.114381629748672 0.0869312605077855 0.984998690568797
1695209634000450 -0.167286706594609 -10.1886211357009 16.1454638482685 0.103772911922977 0.125766558926036 0.0958839795124676 0.981947156358112
1695209634000610 -0.1079208411036 -10.2205632180845 16.1916704571594 0.111236770644491 0.142950551632778 0.103098984991092 0.978039937803296
1695209634000770 -0.0433955721133134 -10.2370962740784 16.2556166130893 0.123676239309618 0.15291697082006 0.121186562042767 0.972951388840009
1695209634000890 0.0070818524804499 -10.2392939577405 16.3137179237934 0.133255221688839 0.159599627297935 0.134760996061946 0.968819115624486
1695209635000050 0.0696314726296068 -10.2583065853394 16.3636981287799 0.141917892863624 0.173440390524304 0.145082664915888 0.963705745007692
1695209635000170 0.116798363630038 -10.2704147793241 16.4010342062886 0.148161301098337 0.185817297455734 0.151657397963096 0.959437436452299
1695209635000290 0.165502156335468 -10.2794695730023 16.4413628124423 0.155980067436694 0.196518114894899 0.15988836197001 0.954718053033013
1695209635000410 0.21550840020091 -10.2875467212468 16.4827319453201 0.164609155534183 0.204997148121817 0.170564495369643 0.949625056585779
1695209635000490 0.248642273358036 -10.2919261722037 16.5080357722619 0.17007916181519 0.210632838131405 0.178469922136755 0.945967955646201
1695209635000610 0.302470830049789 -10.2982703386595 16.5535171862317 0.178137029745095 0.219105645509468 0.188787367617902 0.940541995110998
1695209635000730 0.352560220242462 -10.3061908514392 16.5926853336755 0.185528753952339 0.228556074332891 0.197978720806097 0.934957554357636
1695209635000850 0.407783586577295 -10.324139924552 16.649778258306 0.193437190660675 0.236647912705023 0.207243801624702 0.929316859510147
1695209635000970 0.461251774456786 -10.3181542811428 16.6670919943862 0.202178531198142 0.245859660778519 0.218027231799047 0.922573029585451
1695209636000090 0.522375393816028 -10.3203941595153 16.7078104334356 0.21233602111944 0.251075808229458 0.230505016588898 0.915828471922794
1695209636000210 0.584388251997491 -10.3215214989095 16.7446881475194 0.222371449383898 0.25885642306058 0.241531337276144 0.908408995911415
1695209636000330 0.649004302109074 -10.3228312973883 16.7774049345739 0.229951362026075 0.268507725377889 0.250844445848616 0.901167596233712
1695209636000450 0.713100355477489 -10.3241884750544 16.8140862452936 0.238700350562017 0.277258837095107 0.260958491363363 0.89333663625735
1695209636000530 0.757389223854116 -10.3251295611882 16.8389402961737 0.244792159264857 0.282309753677726 0.268355908998647 0.887898140467914
1695209636000610 0.801883613717864 -10.3254189300589 16.8613028062075 0.250681687580731 0.287791541158056 0.275553590400999 0.882272599124934
1695209636000690 0.844531620412392 -10.3339989671735 16.8978602856971 0.257157031374396 0.291672287651583 0.283123339160669 0.876720430156223
1695209636000810 0.910157849377939 -10.3286698019421 16.9056463772958 0.26480506766517 0.300534748754519 0.291891929191384 0.868536840095361
1695209636000930 0.97485107171798 -10.3306415880161 16.9251211264831 0.270872495718892 0.309118799450289 0.300362640278724 0.860729889811098
1695209637000010 1.01855987485783 -10.3324585251033 16.9340386663343 0.273593480049908 0.314239183847882 0.305349496875375 0.856248811833776
1695209637000130 1.08210630813803 -10.3354996714862 16.9477076691316 0.277394634051229 0.32152788310148 0.312891624403802 0.84957099101006
1695209637000250 1.14263380679781 -10.3403283607927 16.9577420478528 0.280998987486105 0.329445020678134 0.320041949257438 0.842661674753081
1695209637000370 1.19989450385273 -10.3473510964083 16.9641590208035 0.284771472838875 0.336598897579758 0.327145735456924 0.835812214661654
1695209637000490 1.25603209812415 -10.354109285872 16.9710592777665 0.288157522658826 0.342556936252644 0.334208480681004 0.829412249126588
1695209637000610 1.30841828172044 -10.363620819129 16.9791231315688 0.290835227407127 0.349176924095281 0.340946197028918 0.822949595607119
1695209637000730 1.3598534302543 -10.3753594314473 16.9859201305037 0.292702707975188 0.355154220855635 0.346641955175533 0.81733099724928
1695209637000850 1.41002204717292 -10.38764379987 16.99265408065 0.294548753926727 0.360297738999257 0.352499665219665 0.811893193007713
1695209637000970 1.45937559218336 -10.4174882275066 17.0135797828602 0.295340653392063 0.366030273060236 0.358860522607376 0.806234992400702
1695209638000090 1.50606756181834 -10.4121618729209 17.0000085395515 0.29425590639154 0.370642134520798 0.36423076273202 0.802105866548307
1695209638000250 1.5631760916043 -10.4250496410669 17.0025852638803 0.294901008489192 0.376829051970759 0.3707041043685 0.795997316444739
1695209638000490 1.6421776726773 -10.4481768434031 17.0063876836771 0.294201695025762 0.384479650597618 0.379744073350015 0.788298927866733
1695209638000530 1.65447718280255 -10.4506774234746 17.0077429342464 0.293697131828516 0.385599501701892 0.381223374430958 0.787225353904731
1695209638000650 1.69050240506024 -10.4628046939248 17.0086321461268 0.292803150325522 0.389282526027146 0.385613067258382 0.783599382624155
1695209638000770 1.72616783728228 -10.475537325833 17.0092931213797 0.291968873235664 0.393084807971406 0.390110052602205 0.779777312867132
1695209638000890 1.76245030542877 -10.4879116190482 17.0100762322693 0.291562143849014 0.396386069206835 0.393959161138199 0.776315515604453
1695209639000010 1.7983781553219 -10.4998818076651 17.0106307633717 0.291877646484994 0.399219934367507 0.397604329668933 0.772878826540424
1695209639000170 1.84540178135141 -10.5177274980046 17.0108214309903 0.291511272600204 0.402528046716673 0.402708671063932 0.768646912309801
1695209639000290 1.8808304797228 -10.5326828556142 17.0107515084654 0.29112073544939 0.40412831108685 0.406364688274209 0.766026608998213
1695209639000410 1.91433185294967 -10.5441586344166 17.0092779567629 0.290982525053394 0.40662258927581 0.409374914814135 0.763150980556998
1695209639000570 1.96047392173226 -10.571357977642 17.0159057136507 0.290596550206365 0.409093332620252 0.414419339144686 0.75924495491027
1695209639000690 1.99462552058734 -10.588999335182 17.0181683482709 0.289864894722197 0.411262502007271 0.417639154594216 0.756583791658424
1695209639000810 2.02939710657774 -10.6069142726945 17.0206688096362 0.289257165306951 0.413001609632857 0.421147335614686 0.753919680379752
1695209639000890 2.05265602201339 -10.6188982104816 17.0222362939524 0.288770738766431 0.414031074724725 0.423741739974744 0.752085545265799
1695209639000970 2.07706962155324 -10.6339785728192 17.0226977657222 0.288178976579921 0.414865107875801 0.426684540389028 0.75018672523416
1695209640000050 2.10011419881327 -10.6492308770167 17.0218996392555 0.287220153887552 0.415688865342543 0.429130380049202 0.748701854779235
1695209640000130 2.12316623210543 -10.6640529760623 17.0208622579625 0.286417138602191 0.416658964008532 0.430501195961605 0.747682586865509
1695209640000250 2.15585824537096 -10.6844993453099 17.0174617581681 0.285495076660104 0.417084809010321 0.433391657038938 0.746126326371553
1695209640000450 2.20966445508022 -10.7272556676494 17.0236006331065 0.282798121240967 0.420554929018131 0.438142351889182 0.742421749265301
1695209640000530 2.2324431412169 -10.7420034079527 17.0237791423699 0.282064543926565 0.421311151329298 0.439801319617322 0.741290298120745
1695209640000730 2.28926256446416 -10.7830576519167 17.0258982127363 0.28029344422309 0.423248519897927 0.445115681023948 0.737677643714623
1695209640000850 2.32371562993944 -10.8089351888483 17.0269646458964 0.278410539631819 0.424911750297569 0.448021789514884 0.735672516817677
1695209641000210 2.42684308556977 -10.8864280546901 17.0337994273801 0.27398849162175 0.429389930262192 0.456728802722903 0.729351352238118
1695209641000330 2.46009448723113 -10.9095916110585 17.0367149391895 0.272406479010943 0.430960534508408 0.459682775004374 0.727158493214076
1695209641000490 2.50759810861935 -10.9398713203038 17.0387675507687 0.271048109012224 0.432418120914907 0.463221442476022 0.724550472041632
1695209641000690 2.56796836430038 -10.9765933483477 17.0413405594699 0.269412056482898 0.434084189552235 0.468181526239565 0.720967487956583
1695209641000890 2.62791328290828 -11.0073012548608 17.043859693606 0.26867801366289 0.436235602378856 0.471596803050773 0.717709606695919
1695209642000130 2.70942676202564 -11.0508051211693 17.0457121734411 0.263623801211452 0.438876814983388 0.478726289601329 0.713239631785424
1695209642000250 2.74664430065967 -11.0690323601688 17.0464654130324 0.26303712936352 0.43963176538663 0.481266575077498 0.711279033257982
1695209642000370 2.78548294716028 -11.0877087307324 17.0475212760184 0.262516223457762 0.440231231505245 0.483866469551221 0.709334148954418
1695209642000530 2.83652829275829 -11.1138052738988 17.0492751908858 0.260436857078998 0.44266958220596 0.487707635763606 0.70594443583209
1695209642000770 2.91430722335532 -11.1508459032595 17.053889351042 0.25775860781087 0.445949650463666 0.492534459688408 0.70149783703885
1695209642000970 2.97894223903929 -11.1785186606683 17.0550878323856 0.256715573480805 0.447206606360674 0.497712180491352 0.697413758790529
1695209643000170 3.0453559479814 -11.2032240820077 17.0581995146937 0.254014764433571 0.449860703642742 0.501756290711868 0.693788491904328
1695209643000330 3.09800354844569 -11.2237189098534 17.060876257903 0.251807126656947 0.452647143120121 0.504925158363395 0.690473981581975
1695209643000490 3.15413977474748 -11.2430286946034 17.0612093253467 0.249962357133387 0.454496284388771 0.508966312214069 0.686953594156355
1695209643000570 3.18329079371833 -11.2500457965706 17.0627378071034 0.249638591100977 0.454807667818364 0.510596970483939 0.685653916243001
1695209643000690 3.22624117339467 -11.2629815842908 17.0648522028149 0.248232239506377 0.456629814851259 0.513741505477114 0.682597709495616
1695209643000770 3.25607729017118 -11.2717341438521 17.0653952370177 0.247165161785764 0.457780545805438 0.515612160464657 0.680801332741397
1695209643000890 3.30328273583352 -11.286528892494 17.0643375074608 0.245315803244744 0.459302966838176 0.519103851873343 0.677784724158264
1695209643000970 3.33468342577114 -11.2950566534202 17.0640803643168 0.244289729090002 0.459850700004782 0.52105325457884 0.676286453996414
1695209644000050 3.36505391989757 -11.3027284340467 17.0635249348499 0.243697274387115 0.460618816933975 0.522918869192042 0.674535247548675
1695209644000130 3.39579487148614 -11.3100611123084 17.0631981322115 0.242830639768225 0.461526128915385 0.525065753329713 0.672556962196092
1695209644000210 3.42627576833709 -11.3170352502136 17.0633016001916 0.241883015111142 0.462477667109511 0.526658689044768 0.6709974960306
1695209644000330 3.4733399006692 -11.3253415784534 17.0641050344766 0.240194278085234 0.464178715015646 0.529387740603308 0.66827647676726
1695209644000570 3.56878197198784 -11.3389366229795 17.0637181369389 0.236407322236003 0.466552544324958 0.53470595460886 0.663724222462114
1695209644000730 3.63298601053318 -11.3470884903619 17.0633814469576 0.233726259374393 0.468859399656377 0.538707762140184 0.659800610823172
1695209644000810 3.66543801453236 -11.3493228560667 17.0628774468306 0.23291959050591 0.469565142616551 0.540443712684623 0.658162316315449
1695209644000930 3.71456766941098 -11.3522101655244 17.0611231969664 0.231621083766737 0.470786999202701 0.543405598755853 0.655302701182614
1695209644000970 3.73127793141928 -11.3530910320702 17.060166885287 0.231318515877285 0.471713647755444 0.544468012716434 0.653859741735336
1695209645000050 3.76498729778245 -11.3540041093468 17.0580421298121 0.230275217026818 0.472158869500582 0.546707298930198 0.652035624541812
1695209645000130 3.79910325696397 -11.3546074344854 17.0559407744649 0.229215545553421 0.472861847502933 0.548606495635762 0.650302098873292
1695209645000210 3.83355167107954 -11.3547742823548 17.0540860662666 0.227763196253671 0.473577996956565 0.550518643897901 0.648673284444284
1695209645000250 3.8509684638158 -11.3550583392259 17.0526056259916 0.227085292265637 0.474282989868268 0.551370212324114 0.647671833971424
1695209645000330 3.88577841194369 -11.3544440026573 17.0505647772333 0.225813531214757 0.475500882015256 0.553197195056402 0.645662468868033
1695209645000370 3.90389121693627 -11.3536826468332 17.0489311894501 0.225087133467601 0.476463895442418 0.554275645998779 0.644279789330544
1695209645000450 3.9396083830133 -11.3527703989041 17.0467011981035 0.223801645971364 0.477554115171749 0.556239002176853 0.642225087333355
1695209645000530 3.97401226502052 -11.3514100565825 17.0443977730745 0.222709354389829 0.478435741016758 0.558636094743099 0.639863656441894
1695209645000610 4.00638218818179 -11.348175119624 17.0420800894835 0.222062778530369 0.479126177718613 0.560238363005057 0.638168633539394
1695209645000690 4.03871275107502 -11.3448071287354 17.0396107495383 0.220781613236247 0.480237000431208 0.562035840670865 0.636194637257366
1695209645000770 4.07102527103677 -11.340401461275 17.0364560943233 0.219174241082265 0.481590458278579 0.564194561845076 0.63381210064615
1695209645000850 4.10223574052927 -11.3402805183756 17.0339933789146 0.218021656198977 0.482738290556367 0.565458227500583 0.63220826727501
1695209645000970 4.14954526310578 -11.3381668707947 17.0310748897766 0.216545235414429 0.483953674838226 0.568187807606938 0.629332675869216
1695209646000050 4.18055651714998 -11.3360552684732 17.0290275191472 0.215854769493289 0.484641588379375 0.570117652375175 0.627291887202707
1695209646000130 4.20967630855312 -11.3334600070402 17.0272801050809 0.215020908465182 0.485151453637413 0.571766761450978 0.625681106040588
1695209646000210 4.23857827595135 -11.3300624206833 17.0254397178118 0.213950250357944 0.486246815151308 0.573748569763233 0.62337942203896
1695209646000290 4.26832663447987 -11.3275777471115 17.0233032334539 0.212875232128397 0.487166024745214 0.575618378178714 0.621302569271313
1695209646000410 4.31376197355966 -11.3246843173802 17.0210903013725 0.21165496416215 0.48862903180429 0.577976149244621 0.618374818639861
1695209646000530 4.36051196918549 -11.3217038891025 17.0173828988056 0.210204365499587 0.48971728562669 0.580728057148493 0.615423454642314
1695209646000650 4.40639766100233 -11.3185357280568 17.0139343069536 0.208573293861828 0.491127874656742 0.583441882754255 0.612279479707551
1695209646000730 4.43869431285811 -11.3154758615627 17.0114485831029 0.207473289987376 0.491669785694874 0.58545798543936 0.610290589032681
1695209646000850 4.48919892184102 -11.309923751789 17.008565688741 0.206121343156565 0.493507365980805 0.588530647552189 0.606297079417197
