1702923713000320 -0.000193585785657898 0.000185694099167167 -0.000505772633724619 -0.000439554543983619 0.00046184713895047 0.000514777580224829 0.999999664246477
1702923715000640 -0.0665916113378153 -0.00320760616157814 -0.0032931535428724 -0.000177528873767535 0.000247042870581341 -0.000826818598095724 0.999999611912087
1702923716000200 -0.220749872293985 -0.0108624051161669 -0.00443114382742426 -0.00151504981830506 -0.000525664889974041 -0.000265248984600495 0.999998678970851
1702923716000600 -0.37218861652758 -0.0225050379966265 0.000330113551749719 -0.00367957403055684 -0.00228728582012091 -0.00032843311693594 0.999990560550558
1702923717000040 -0.556300226568223 -0.055513364501026 0.0112497664526902 -0.00891012716152885 -0.00434337296678362 0.00132990368932022 0.999949986800047
1702923717000400 -0.713641562648949 -0.10087629113833 0.0307183092478762 -0.0161709493431432 -0.00636388731466133 0.00188713133453011 0.999847208362815
1702923717000760 -0.88961167960471 -0.164587047441515 0.0576409797907181 -0.0260366656678653 -0.0101856907213711 0.00323179259963892 0.999603871171986
1702923718000040 -1.04406124605357 -0.22389331992287 0.0838725240670986 -0.0348778476548807 -0.0148164281855203 0.00356108075493556 0.999275401429778
1702923718000280 -1.20364820026895 -0.286901110862066 0.114149034694034 -0.0451936663804861 -0.0177802666553108 0.00621574005634964 0.998800660398414
1702923718000520 -1.38947208948737 -0.358690759413947 0.14701600576135 -0.056131451700266 -0.0220471693541164 0.00799585330017979 0.998147909271714
1702923718000760 -1.57971188941017 -0.435896766466238 0.185143757865816 -0.0679575513043127 -0.0270872059450806 0.00892437456342174 0.997280507196176
1702923719000000 -1.76450047896644 -0.514849781884333 0.228156556684198 -0.0805227259201481 -0.0316040825024912 0.0117022543721338 0.996182879707423
1702923719000200 -1.91304789642097 -0.583108227558296 0.266257934833181 -0.0910301387741279 -0.0372993388293403 0.0136058641451679 0.995056357006235
1702923719000400 -2.07309570392264 -0.655555471472368 0.305409654820217 -0.102644517779001 -0.0415074342327274 0.0169304199871396 0.993707500601858
1702923719000560 -2.20728448125272 -0.717317195015794 0.341250318375021 -0.112638621979616 -0.0451578951531494 0.0187991876091682 0.992431305375393
1702923719000720 -2.3380474010173 -0.784174891942646 0.381339349869711 -0.123288399021258 -0.0488870023811994 0.0212503843767333 0.990938168014936
1702923719000920 -2.49216391975022 -0.867596748124907 0.433263038870202 -0.136628319556229 -0.0536955262923739 0.0233928614374701 0.988889410796371
1702923720000120 -2.64893406662065 -0.95837231967348 0.488592817121583 -0.150637061786971 -0.0576704523366188 0.0266350165094249 0.986546081254708
1702923720000320 -2.79040108781157 -1.04677336200039 0.552520489646952 -0.165170441893699 -0.0621910410517511 0.0297162518699992 0.983853619148874
1702923720000520 -2.9324836612143 -1.14282116824522 0.627829571226712 -0.181347895969648 -0.0671009251213807 0.0328182212865303 0.980578079923687
1702923720000720 -3.07747305863985 -1.24189539283044 0.715239121618398 -0.198849857332604 -0.0718402085309464 0.035080649397123 0.976763567458835
1702923720000920 -3.21531753945409 -1.33589189848056 0.809323906897382 -0.21614910227808 -0.0761807069275547 0.0389745052974913 0.972603235349962
1702923721000120 -3.35011734338853 -1.43070791039373 0.915649012060437 -0.234916237599308 -0.0804518481365865 0.0420930506913505 0.967765486327699
1702923721000320 -3.47858624884676 -1.51986074880124 1.03275070265587 -0.254080413774996 -0.0847879638215289 0.0460546044556519 0.962358102753523
1702923721000480 -3.57420058067383 -1.58864770370531 1.13925258847791 -0.270697961597342 -0.0880103284993217 0.0488172040421047 0.957388988997679
1702923721000640 -3.65934751284643 -1.64728921798539 1.24226394188152 -0.286110506699766 -0.0906551697523266 0.0534800727536355 0.952398183519606
1702923721000760 -3.72155980616226 -1.69076141215341 1.32413968872492 -0.297755905328479 -0.0932276594252874 0.0572717091542599 0.948351187952359
1702923721000880 -3.78170876080565 -1.7283509027915 1.40497310566112 -0.308980070703728 -0.0955001540588641 0.0603070599178612 0.944337913570516
1702923722000000 -3.83438592069818 -1.75884595678589 1.4843621752432 -0.319887106983215 -0.0976469808751985 0.0635254520401213 0.940266889162309
1702923722000120 -3.88156395884248 -1.78557604192149 1.56671309382495 -0.331028004838125 -0.0995861995290099 0.0661969159189309 0.936013363792997
1702923722000240 -3.93299716304611 -1.81064164418096 1.64706386836981 -0.340997504848499 -0.101381424407967 0.0690916905604752 0.932024059114144
1702923722000360 -3.970818150768 -1.82649256704305 1.71552899126812 -0.349567357543201 -0.102885923338221 0.0725790162986512 0.928412319883911
1702923722000480 -4.01477542766613 -1.83956146789999 1.77810674136735 -0.357589945736478 -0.104635844565211 0.0749457753815081 0.924966973190272
1702923722000600 -4.05282770765545 -1.85062130570064 1.84455713884642 -0.366005982250886 -0.105623239052069 0.0786909155575424 0.921244317289084
1702923722000720 -4.08520002435879 -1.85971901336572 1.90673409835191 -0.373898562101397 -0.10750794258581 0.0828280310222539 0.917486471189876
1702923722000880 -4.13169976589012 -1.8704795689649 1.98145458849248 -0.383242346543325 -0.109053400668426 0.0864074002200413 0.913108110141308
1702923723000040 -4.1755491527158 -1.87663020538 2.04530702599598 -0.391363546980068 -0.110115683633509 0.0909872382928551 0.909082192533186
1702923723000200 -4.21791858563974 -1.88145182841485 2.11245791866758 -0.399635057698632 -0.1115054315314 0.0953462799268316 0.904857693950448
1702923723000360 -4.25842031874077 -1.88446202933499 2.17596307249741 -0.407546979873764 -0.113124128134277 0.0993188965021603 0.900690927914357
1702923723000520 -4.29344360384468 -1.88485246667566 2.23621071018144 -0.414972468096252 -0.114286348096661 0.104922773763326 0.896508612845768
1702923723000680 -4.32776503012476 -1.88351857631306 2.29514571945559 -0.422172864344561 -0.115760694062336 0.11042320799445 0.892287089146497
1702923723000840 -4.35967802255067 -1.88174983135277 2.35260269037744 -0.429058154776985 -0.116804582234351 0.115067497549934 0.888270938619531
1702923724000040 -4.39781867830164 -1.88217247082697 2.41456283942609 -0.43659777177488 -0.118196377365785 0.121596408273805 0.883530596840723
1702923724000560 -4.45666186214553 -1.88931321771025 2.46616596945874 -0.443583230653352 -0.120371294549856 0.131710557613809 0.878292091473324
1702923725000200 -4.52129176395515 -1.89182937132962 2.54050729805277 -0.45238013782018 -0.121302154552799 0.141026492807859 0.872209565719706
1702923725000800 -4.55617586141882 -1.88389156069085 2.59913649753277 -0.459335386516448 -0.1229925234962 0.14656396944692 0.867411577463538
1702923726000480 -4.60186699410405 -1.87233148292506 2.68976147249399 -0.469164142384786 -0.122513175411921 0.151628379008158 0.861327094680177
1702923726000840 -4.62731862456175 -1.86520658427889 2.72930839627091 -0.473816453467032 -0.122746710436034 0.154942133918744 0.858151588379211
1702923727000120 -4.64929162265958 -1.8654673485108 2.75366501750185 -0.476970792484136 -0.124488862691275 0.162336046499959 0.854779734311508
1702923727000320 -4.67764820820253 -1.86605015530533 2.78742904972015 -0.480620127070495 -0.124968644934461 0.169037943906554 0.851359680016519
1702923727000480 -4.69576556770339 -1.86711509122493 2.80838834368303 -0.482783860776916 -0.126154441410327 0.177912391405008 0.848146203004137
1702923727000600 -4.70837715847493 -1.86755724262536 2.82477690888293 -0.484588489214459 -0.127109932982667 0.185160178973372 0.845418694600811
1702923727000720 -4.72137279697336 -1.86773926544115 2.84451769607445 -0.486791190907624 -0.127930516448867 0.193178438162929 0.842229309894161
1702923727000840 -4.73507731278929 -1.86912869561377 2.86361857205509 -0.488517830431057 -0.129108256712547 0.201485052572097 0.839097825637512
1702923727000960 -4.74913635338229 -1.87110160117795 2.8841513975728 -0.490662129654262 -0.130101789128939 0.211260527376304 0.835280305383336
1702923728000080 -4.76367852766873 -1.87297362562263 2.90827634788163 -0.492893280931616 -0.131301026609082 0.222811633904072 0.830765448138562
1702923728000240 -4.77796863022747 -1.87953334944683 2.93300285455898 -0.494348120582269 -0.133458467484203 0.240185783859809 0.824693617269587
1702923728000480 -4.80758265417669 -1.88816700095416 2.96947932038976 -0.497608050708952 -0.134170672596097 0.255361649371488 0.818031103635443
1702923728000680 -4.82847029596936 -1.8996662296394 2.99938603882393 -0.499174942708147 -0.136513673941295 0.275701083501029 0.810047718320178
1702923728000840 -4.84091318997629 -1.90686630851015 3.027445696897 -0.500528320264055 -0.137689804187728 0.294028615054472 0.802533545694844
1702923729000000 -4.85204402721889 -1.91522665994457 3.05590744426548 -0.501115324731531 -0.138873903218624 0.311592933300847 0.795303284439974
1702923729000160 -4.85928595561497 -1.92109838046094 3.08573707327053 -0.501805537798197 -0.139897866871857 0.330054417393379 0.787200019460673
1702923729000280 -4.8620614606314 -1.92363876811539 3.10866195801283 -0.501953735150052 -0.141412254662583 0.344446421867818 0.780641841347627
1702923729000400 -4.86646645863947 -1.92701808126682 3.1298553841404 -0.502237648687902 -0.142417567992811 0.356844836766267 0.774684673296637
1702923729000520 -4.86848674084911 -1.92657036412112 3.15206390275795 -0.502488007860273 -0.143215295494463 0.368251847056918 0.769016097511759
1702923729000640 -4.86926533919704 -1.92805956498541 3.17322133821754 -0.502133732551383 -0.143912672372804 0.383422817480359 0.761667775608209
1702923729000760 -4.86877661159088 -1.92817133930028 3.19591849196558 -0.501305050737855 -0.145115787234732 0.400961548332856 0.752904038479327
1702923729000840 -4.87060729833366 -1.92848336795947 3.21126559572216 -0.500864033860146 -0.145719848826836 0.410652759507726 0.747840394972026
1702923729000960 -4.87722199473355 -1.92898824746253 3.22908923814626 -0.501065019215812 -0.146028974617865 0.415898928021611 0.744739865161512
1702923730000120 -4.88665070592723 -1.92973006596554 3.24815216614764 -0.502129734543646 -0.145181267864813 0.419909139033051 0.741932910784267
1702923730000240 -4.89362211331727 -1.93056072732425 3.26114521616532 -0.502736448573597 -0.144460066218177 0.42183790126555 0.740567442978507
1702923730000360 -4.90051278753377 -1.93113335558969 3.27293084569195 -0.50315986333311 -0.144379499412865 0.425157845032274 0.738393877877796
1702923730000480 -4.90665928195245 -1.93179845882253 3.28352194051584 -0.503346075370596 -0.144534483411707 0.428816382751223 0.736117532326249
1702923730000600 -4.9126805320107 -1.932384689249 3.29362937860804 -0.503801814352892 -0.144499229020098 0.431414333790022 0.734292433072712
1702923730000720 -4.91802162852495 -1.93330809470484 3.3032766401892 -0.504225677392327 -0.143957386888918 0.43349770367648 0.732879579416416
1702923730000840 -4.92266968819537 -1.93357294557707 3.31313388013968 -0.50472634800604 -0.143839198086784 0.437035594515366 0.73045293335631
1702923731000010 -4.92833331863991 -1.93342822106503 3.32562281417522 -0.505128016234088 -0.144487446186842 0.441360626891493 0.727440624477192
1702923731000120 -4.93306659844282 -1.93316293798789 3.3349792644925 -0.505255084559294 -0.143865706431801 0.443701948662317 0.726049956127759
1702923731000240 -4.9376310267178 -1.93288947048054 3.34457108550104 -0.50568607402553 -0.144151683900756 0.447732989776426 0.723213009030593
1702923731000320 -4.93943897837597 -1.9327102757985 3.34901306326687 -0.505566240030285 -0.143859091079408 0.449554219720568 0.722224578913566
1702923731000400 -4.94180258610355 -1.93196603224571 3.35495331394585 -0.505433868838551 -0.144301655938666 0.45462776356891 0.719046057576693
1702923731000490 -4.94368040951553 -1.93196815080556 3.3596851526719 -0.505117462356481 -0.144825988202505 0.458624391085797 0.716620855309765
1702923731000570 -4.94561887981643 -1.93127382148525 3.36482822053226 -0.50462962152964 -0.14472295051191 0.463642846808135 0.713750322783554
1702923731000640 -4.94750608259295 -1.9294721858729 3.37004017472729 -0.501987349794932 -0.145639307086796 0.469823439172686 0.711381633781115
1702923731000720 -4.94918437271117 -1.92929805034304 3.37429913907528 -0.503752724072301 -0.14490244765026 0.471933542600894 0.708883068652983
1702923731000850 -4.95194749534263 -1.92819426640727 3.38088665020378 -0.503405190078179 -0.145142582890931 0.477038946661174 0.705656211339842
1702923731000960 -4.95486379468143 -1.92703216444848 3.38752032013589 -0.503035719604145 -0.145209445158958 0.481146419237324 0.703112654625181
1702923732000080 -4.95686447357826 -1.92671217174595 3.39397649268905 -0.502975996804478 -0.144370521485493 0.48698673438487 0.699296946724143
1702923732000250 -4.96005934266751 -1.92563370760342 3.40175729871531 -0.503750585296602 -0.143310738219773 0.489742005626996 0.697029517343909
1702923732000410 -4.96277134497113 -1.92453064990253 3.40856425748172 -0.503908154626138 -0.143898472951728 0.491677817173352 0.695429885238684
1702923732000610 -4.96557816449601 -1.92244230020302 3.41617376730897 -0.504098193896409 -0.143956676809772 0.494815185581649 0.693050804941502
1702923732000850 -4.9698810111845 -1.92055932095011 3.42373083537525 -0.499386972570928 -0.144562327744629 0.502035758033272 0.69113998775896
1702923733000130 -4.97143277256037 -1.91673467679379 3.43343545382657 -0.503719471141752 -0.144566369880327 0.50421900937218 0.686389430046847
1702923733000370 -4.97374363092099 -1.91388933032528 3.44025406883161 -0.503007393168894 -0.144173338494663 0.508837247863354 0.683580475197752
1702923733000530 -4.97512466223577 -1.91065688849394 3.44479198865243 -0.502688165806831 -0.143155691486919 0.510876062838477 0.682507658837117
1702923733000730 -4.97743331826829 -1.90928075671243 3.45049667603973 -0.503245493285242 -0.143181073383764 0.511208179335042 0.681842614606713
1702923733000890 -4.97896899820831 -1.90699689991795 3.45478634018644 -0.503184019279557 -0.143779189588021 0.513289159908993 0.680196755140013
1702923734000050 -4.98066162408292 -1.90478529854316 3.45904422140126 -0.504134173252233 -0.145075220429882 0.513263885449323 0.679236409264089
1702923734000210 -4.98251451286772 -1.90304742091345 3.46363453692943 -0.504953822880506 -0.144852954657534 0.512846351237128 0.67899033741881
1702923734000370 -4.98524384952401 -1.90153874128992 3.46844612968638 -0.500682569342397 -0.144747157160169 0.513500494191735 0.681676219121358
1702923734000610 -4.98713374105632 -1.89733338781868 3.47460685122721 -0.504837826083015 -0.143764402646796 0.511905112861909 0.680017441918384
1702923734000850 -4.98996331752759 -1.8938858499173 3.48121692985401 -0.503846295519087 -0.139808906839639 0.512852686002314 0.680863057097541
1702923735000090 -4.99195104163528 -1.89025852669111 3.48780867331618 -0.505530084610802 -0.139975435855378 0.512120614891248 0.680131374598983
1702923735000250 -4.99210518347627 -1.89017046459964 3.48881387285911 -0.498366144189239 -0.144755780601065 0.51407929280022 0.682934426590542
1702923735000450 -4.99513137734907 -1.88558964236489 3.49819159665845 -0.505910264698403 -0.138442025041634 0.511940137517304 0.680298394363773
1702923735000610 -4.99693576346293 -1.88326745995751 3.50263808232125 -0.506317439427775 -0.138216436229786 0.512101315623542 0.679919928979785
1702923735000730 -4.99831760260054 -1.88149462764161 3.50585243197702 -0.505491868406671 -0.13836763710812 0.512709218816296 0.680045310929082
1702923735000930 -5.00062973551013 -1.87851192175905 3.51127508595375 -0.505266298813921 -0.13879220671731 0.512967846888084 0.679931377931938
1702923736000170 -5.00326358664499 -1.87493970972487 3.5181010711766 -0.50485363513165 -0.140072001890503 0.512472435134867 0.680348913872643
1702923736000370 -5.00541900622319 -1.87199023650539 3.52387840434184 -0.50498759769369 -0.140325056177236 0.51328203021663 0.679586611287411
1702923736000570 -5.00814900394319 -1.86872526719077 3.52927855713801 -0.505943638576174 -0.140403749110188 0.512709505489549 0.679291384312187
1702923736000730 -5.0099812536844 -1.86616405757029 3.53400624340356 -0.506660452146057 -0.140528812695511 0.512811647503135 0.678653853756584
1702923736000890 -5.01190099811453 -1.86344595299088 3.53868592736911 -0.50678768612401 -0.140403826629597 0.512345942839261 0.678936404619009
1702923737000010 -5.01328735942829 -1.8613851931887 3.54216251501632 -0.506948815983178 -0.13912080023778 0.512040357567505 0.679310660255377
1702923737000130 -5.01424805956002 -1.85955670293085 3.54582949458821 -0.506995190475202 -0.13781240779567 0.513198977662654 0.678668126862151
1702923737000250 -5.01527875052174 -1.85768133666902 3.54943261122725 -0.507222121183601 -0.136630022146033 0.514512268790496 0.677742637063981
1702923737000330 -5.01601125621336 -1.85631342296253 3.55177130664244 -0.507152370078187 -0.136849258400182 0.515019452598115 0.67736527623206
1702923737000450 -5.01732674379146 -1.85424187581269 3.55524520519997 -0.507349938501832 -0.136963942860983 0.51521452722354 0.677045721643661
1702923737000570 -5.01868772668778 -1.85228835079973 3.55864033534377 -0.507294589393193 -0.137938836529676 0.514525647694571 0.677413045942956
1702923737000690 -5.02002078665696 -1.85037472183507 3.56212193699137 -0.50747085220652 -0.139126387839404 0.513382079743191 0.677905614791693
1702923737000810 -5.02148703110822 -1.84840693235671 3.56554946472201 -0.508189749211695 -0.139655366445052 0.512173186034568 0.678172680757971
1702923737000930 -5.02168440946641 -1.84817145627741 3.56578278302272 -0.502887236318695 -0.141848306463942 0.512529965045655 0.681393073366142
1702923738000090 -5.02501564735346 -1.84360428633808 3.57339246954126 -0.508756724864868 -0.140125445992665 0.511812246251645 0.677923062653112
1702923738000250 -5.02666560821105 -1.84109850740802 3.57798342132212 -0.50845912053299 -0.139925383144872 0.511539538615532 0.678393330105469
1702923738000370 -5.02795024244289 -1.83925826985083 3.5813606711195 -0.507922977944383 -0.140285914155958 0.510933431589673 0.679176810005714
1702923738000490 -5.02925153545501 -1.83747436332706 3.58461684945298 -0.50809665284417 -0.139716353423493 0.510700513688352 0.679339471305066
1702923738000610 -5.03053044522716 -1.8358446809401 3.58798675532695 -0.508354724815648 -0.138862571253785 0.511447496900095 0.678759248907167
1702923738000810 -5.03224359409793 -1.83314473684359 3.5937197356428 -0.509045731039908 -0.137038110161014 0.512356070505591 0.677926439290881
1702923738000970 -5.0336892699018 -1.8311193096504 3.59796437744187 -0.509535315134426 -0.136552514341195 0.511340994694753 0.678422847936698
1702923739000130 -5.03502525317727 -1.82915988513207 3.60218910992454 -0.509195558650757 -0.13644439757088 0.511923923632034 0.678260057673343
1702923739000370 -5.03743856263754 -1.82537606073748 3.60899859019227 -0.50957020984937 -0.135783311216756 0.512856620964387 0.67740621488297
1702923739000610 -5.0401494316852 -1.82081187681073 3.61587543589844 -0.509637220031805 -0.136242097586514 0.511624327843545 0.678195061882731
1702923739000890 -5.04091442624244 -1.81590216864375 3.62148676442749 -0.506034631200379 -0.138731834891373 0.513384104493919 0.679057575811173
1702923740000170 -5.04593387170227 -1.81064664463456 3.63229965222926 -0.508880296785946 -0.136546788605482 0.511893562757439 0.678498930339667
1702923740000330 -5.04768302664158 -1.80800129267247 3.63684915684139 -0.508889859564102 -0.137078298512692 0.511672229943413 0.678551530846722
1702923740000490 -5.04932172432668 -1.8053604621371 3.64149305377614 -0.508874915369954 -0.136806425999321 0.512714222658063 0.677830692870021
1702923740000690 -5.05148295039565 -1.80196584396046 3.64735238059784 -0.50892866760351 -0.136824379594286 0.512116318517853 0.678238583942019
1702923740000930 -5.05394389996783 -1.79787311088422 3.65434562141218 -0.509374836399291 -0.136364319428607 0.512473655729725 0.677726198853918
1702923741000090 -5.05547078172576 -1.79522763270773 3.65898004454095 -0.509758661886105 -0.135533924130876 0.512981020351794 0.677220152388133
1702923741000250 -5.05704599061963 -1.79264749082453 3.66350347713662 -0.509986686293277 -0.135202642838201 0.512898175148981 0.677177441371177
1702923741000410 -5.05854965277042 -1.79015274345506 3.66797586806651 -0.510134064668606 -0.13478141711072 0.51350675227087 0.676689013534678
1702923741000530 -5.05961099936891 -1.788264628753 3.67133130949608 -0.509880219687672 -0.135274892001165 0.514007491466724 0.676401629123858
1702923741000650 -5.06092817370798 -1.78625434827596 3.67464485729364 -0.509933431793183 -0.135601071115514 0.513923786377501 0.676359805464049
1702923741000770 -5.06225088334091 -1.78421521106014 3.67782612497086 -0.51033461121815 -0.135670230911785 0.513939996800512 0.676030955449417
1702923741000930 -5.06407327787348 -1.78149062220138 3.6821220034511 -0.510715772056775 -0.135985246685516 0.512940822963264 0.676438559659413
1702923742000130 -5.06612885484028 -1.77831062994927 3.68761200995607 -0.510823163943532 -0.13588254555679 0.512750413488638 0.676522462641823
1702923742000290 -5.06777757886626 -1.77623187237477 3.6917484520618 -0.511495728039197 -0.13563062030263 0.512228949431758 0.676459871979124
1702923742000530 -5.06996009275366 -1.77358113063821 3.69820676597218 -0.511673023159113 -0.135828297140353 0.512908105932224 0.675771163883296
1702923742000690 -5.07162543519971 -1.77179932107825 3.70230188888847 -0.511691029187052 -0.136375091275309 0.514135446330539 0.674713915638061
1702923742000850 -5.07345811003944 -1.77014773941962 3.70611414806726 -0.512130999256792 -0.136740772316691 0.51472333919571 0.673857317889843
1702923743000010 -5.07527047658782 -1.76879255543672 3.70983347189645 -0.512070913591653 -0.137575955022068 0.514409400606047 0.673972703172245
1702923743000170 -5.07715264470051 -1.76761697670852 3.71353470165134 -0.5122593950112 -0.138655928462033 0.51367059668723 0.67417161303638
1702923743000290 -5.07866038565245 -1.76686468710964 3.71634851871169 -0.512645856461861 -0.138295310828816 0.513510322532368 0.674074017825899
1702923743000410 -5.08009998601837 -1.76616195849617 3.719013473541 -0.512796004522462 -0.138352457708288 0.51385135802103 0.673688085876408
1702923743000530 -5.08152524384869 -1.765692357284 3.72160716717305 -0.512668463476506 -0.138261913916517 0.514903678090377 0.672999919766549
1702923743000650 -5.08314372879079 -1.7657415450505 3.72427352455674 -0.512377332966446 -0.13910656629457 0.516474806979064 0.671842694112144
1702923743000810 -5.08568285806767 -1.76677359626512 3.72779287911775 -0.512089054094333 -0.139212226889174 0.518817156765202 0.670233925139127
1702923744000010 -5.08971770686946 -1.77009150960415 3.73256994021042 -0.511636915026671 -0.140429387316597 0.520526754861177 0.668998618708267
1702923744000290 -5.09691489119192 -1.77909582021972 3.74063950666902 -0.510268800312554 -0.141650844364739 0.525016425074461 0.666272123925635
1702923744000490 -5.10384569767348 -1.78843317785187 3.74828567638535 -0.509208735858683 -0.14303079684401 0.528956905381732 0.663666517709272
1702923744000650 -5.10999705496498 -1.79689485659047 3.75602508198369 -0.508369149474026 -0.144724676659922 0.533360169791065 0.66041086083527
1702923744000770 -5.11473588525627 -1.80335991221166 3.76241398495627 -0.507583773072068 -0.145781320926329 0.536944285508168 0.657873357146359
1702923744000890 -5.11237629479529 -1.80922280409024 3.75828183977588 -0.5061408391016 -0.148204610091501 0.541261323869092 0.654899247078993
1702923745000050 -5.12605792863329 -1.81762703137176 3.77962913428711 -0.50625532729333 -0.148797666993353 0.545614165297647 0.651052978267522
1702923745000210 -5.12965496369548 -1.82521933798383 3.78594319637323 -0.5039797717794 -0.151305970417518 0.551162970981143 0.647557157610383
1702923745000330 -5.13746886249192 -1.82927955595131 3.80048999540789 -0.503224949062178 -0.152178144046659 0.556365708205767 0.643477786600733
1702923745000410 -5.14053707850861 -1.83181813182551 3.80717751044696 -0.50250168639356 -0.152850342078932 0.559053111452821 0.641551593149687
1702923745000490 -5.14348317809663 -1.83402803980561 3.81404797492107 -0.501432687967129 -0.154221960874858 0.562265550700861 0.639248227777779
1702923745000570 -5.14628710990849 -1.83590449356046 3.82127333746919 -0.500315308492223 -0.155461036822502 0.566176676149567 0.636365012789541
1702923745000650 -5.14898061910414 -1.83734446784974 3.82867408491706 -0.499379886702442 -0.1571991850457 0.569870568361159 0.633368518552788
1702923745000730 -5.15143721394696 -1.83839658801082 3.83613081503962 -0.498428063020589 -0.15866443343496 0.573801603214496 0.630195829647246
1702923745000810 -5.15362915866225 -1.83935732106232 3.84362315311876 -0.497295198366368 -0.160198941851595 0.578224925890127 0.626649598891391
1702923745000890 -5.14887438496776 -1.84048267805207 3.83963043082998 -0.495621668997983 -0.162721763180344 0.582712362822656 0.623158961438227
1702923745000970 -5.15746910724409 -1.84215288096366 3.85812426815259 -0.49478711655736 -0.163156675257398 0.588496074211231 0.618253976328317
1702923746000050 -5.15869596786403 -1.84354961138435 3.86492808933134 -0.492347373415397 -0.164577122932825 0.596531564438452 0.612093560762345
1702923746000130 -5.1589082162167 -1.84473190522876 3.87187195603552 -0.488427589198875 -0.165640453539181 0.608926960036344 0.602668804237955
1702923746000210 -5.15785169141444 -1.84605069880883 3.87633579720314 -0.483983184449533 -0.167527921801838 0.620187984154321 0.594189815545039
1702923746000290 -5.15852124048592 -1.84833305563526 3.88480283514271 -0.479742306245638 -0.167993706520267 0.633066364598417 0.583825669341323
1702923746000370 -5.15786209510322 -1.85040433635392 3.8908442221022 -0.475729215221782 -0.16928716189066 0.644619296888136 0.574011787930281
1702923746000490 -5.15527913587645 -1.85476323873135 3.89618357033377 -0.470060602966373 -0.171396761071449 0.659530818146038 0.560968162865527
1702923746000650 -5.15574684154551 -1.86176946229661 3.90952791196431 -0.463054957230995 -0.17114730172794 0.678632880036878 0.543825451618347
1702923746000810 -5.15298301771102 -1.87097703962586 3.9196592568597 -0.455602943656345 -0.172597808441198 0.696925345241569 0.526242356156258
1702923746000970 -5.14623278961813 -1.88024858833297 3.9242346964775 -0.44829841527568 -0.172193874255913 0.714739558743027 0.508453698676562
1702923747000090 -5.14826796520825 -1.8880050601713 3.94020353983334 -0.443219264453453 -0.173612326519134 0.72563236360262 0.496863277562781
1702923747000210 -5.14547203253874 -1.89478091552178 3.94990589675441 -0.438195348973787 -0.173967639937975 0.736322286526235 0.485334510164823
1702923747000290 -5.14394726212959 -1.89888989167027 3.95670231126192 -0.435862620135157 -0.174243940979933 0.742223906533264 0.478295408687139
1702923747000410 -5.14362062693677 -1.90271747777967 3.96771869062349 -0.43270988174402 -0.174901510228467 0.749552024051092 0.469407480981917
1702923747000530 -5.14071173677582 -1.90385065404564 3.97114461226159 -0.429207056074562 -0.174704840356125 0.755764062666969 0.462688019461349
1702923747000650 -5.14543117514916 -1.9066069397573 3.9892191675668 -0.427421394300087 -0.176326842009472 0.760137701785158 0.45651995663532
1702923747000770 -5.1466249739059 -1.90676267821082 3.99966709622979 -0.425695085539138 -0.177728332059073 0.763257707460485 0.452364903737559
1702923747000890 -5.14826828459961 -1.90597959695837 4.00914406030733 -0.424285002433163 -0.179502443949607 0.765547605073731 0.449107975538493
1702923748000010 -5.15072824719416 -1.9041907826899 4.0172280843551 -0.42332890949897 -0.18024443611191 0.767246319117422 0.446808307257015
1702923748000130 -5.15336771544187 -1.90170056513687 4.02468821468314 -0.423208950712041 -0.181088983392002 0.768041932810302 0.44521068448127
1702923748000370 -5.15673312511673 -1.89685602245712 4.03898765228451 -0.422994472858979 -0.183801973378656 0.769584160924875 0.441625100924328
1702923748000610 -5.16047768361939 -1.89385875840432 4.04893409805425 -0.422711542250861 -0.186320699661812 0.769401787611084 0.441158064809316
1702923749000130 -5.16613353258414 -1.8886395630114 4.06785269001265 -0.422894136021312 -0.189782819713744 0.771713137387655 0.435432962284198
1702923749000530 -5.16765144373868 -1.89467872705835 4.08390163987621 -0.420822217227122 -0.19151784070693 0.775165913851117 0.430519899868017
1702923749000890 -5.16730514715476 -1.90715278390114 4.10365059326982 -0.420933454856668 -0.194300275118665 0.775926791865586 0.427785043376251
1702923750000250 -5.16830584336505 -1.92421234526656 4.13464208463621 -0.421107986629283 -0.197277958578246 0.77581987704347 0.426442245844014
1702923750000410 -5.16973141103833 -1.9311000989667 4.1496820785594 -0.422025958478911 -0.199208653539558 0.775308317302325 0.425566699645016
1702923750000530 -5.17022179326185 -1.93527558627305 4.16088744865421 -0.423023122934471 -0.201918678472621 0.774459546885808 0.424844318526289
1702923750000650 -5.17275645007544 -1.93823722653736 4.17482897740974 -0.422972911369078 -0.20358617789312 0.773899167418885 0.425119586807282
1702923750000770 -5.17389033301726 -1.94280226612916 4.1869072753994 -0.424484347549028 -0.205519967687483 0.772916645923723 0.424469598465702
1702923750000890 -5.1769957988642 -1.94547870052324 4.19901693705517 -0.424935307228469 -0.20710435907897 0.77249232490895 0.424020491341989
1702923751000010 -5.18005827675711 -1.94800110944731 4.21108904174374 -0.425701163863953 -0.209223987179817 0.771666052737027 0.423716114074874
1702923751000130 -5.18113589397928 -1.95137999871555 4.22004192197669 -0.425657630083717 -0.209591971779243 0.772355526105379 0.422319462743177
1702923751000210 -5.18158848434756 -1.95332231389148 4.22687883068557 -0.423391330595468 -0.210173509468231 0.776627731822131 0.416432759589372
1702923751000290 -5.18177594560832 -1.95506278752519 4.23384870463881 -0.419839157164786 -0.210781323871915 0.78263710678759 0.408393774067525
1702923751000370 -5.18197541435077 -1.95713535621152 4.23970641016157 -0.41947822701579 -0.212055664635877 0.783397797955729 0.406642720718864
1702923751000450 -5.18420017737326 -1.95680756781047 4.24532469859102 -0.420357166488775 -0.213437490126997 0.781901337871064 0.407890412029084
1702923751000570 -5.186282078743 -1.95767012544782 4.25274044752829 -0.420770699404645 -0.214655721646083 0.781483587697455 0.407625246821929
1702923751000690 -5.18737270653441 -1.96035556621622 4.25976739459308 -0.42160379321765 -0.215389003708791 0.780827321329325 0.40763526944009
1702923751000810 -5.18943879583998 -1.96117334649242 4.26641029499225 -0.421828297255368 -0.216639172843036 0.780407289508674 0.407544867353581
1702923751000890 -5.1904655287844 -1.9617373453656 4.27037339760521 -0.422061434724438 -0.217083809668697 0.779964824696903 0.407913761883077
1702923751000970 -5.19108689245217 -1.96230539587463 4.27379299710619 -0.421962366355327 -0.217696526293066 0.780152893681629 0.407329653106579
1702923752000050 -5.19233489579356 -1.96247856405249 4.27768841601063 -0.422355661306709 -0.218010612436705 0.780000663018442 0.407045493671084
1702923752000130 -5.19427998718518 -1.96233648098768 4.28275438646732 -0.420423402951151 -0.217364584605825 0.781324200182835 0.406852914231623
1702923752000250 -5.1959274107523 -1.96161403609624 4.28576103899082 -0.422556535256561 -0.217834419190619 0.780190019221 0.40656816677624
1702923752000370 -5.19665520415129 -1.96266192478019 4.28974878046144 -0.422838084879132 -0.219641470383715 0.780140413535667 0.405396736089261
1702923752000490 -5.19762561616739 -1.96340182558394 4.29279683880487 -0.423348819093433 -0.220169189508004 0.778572064988191 0.407586610407663
1702923752000610 -5.19959752494273 -1.96176187419676 4.29517819733166 -0.42274752285829 -0.218469276260952 0.779611973986011 0.407137418158576
1702923752000770 -5.20029043182075 -1.96291587303521 4.29936134090248 -0.42343332948882 -0.220085123229631 0.778982954199944 0.406758295646123
1702923752000890 -5.20166849369552 -1.96233249083092 4.3019023675254 -0.42363432448561 -0.219644086663787 0.779223067266389 0.406327264346378
1702923753000010 -5.203755121369 -1.96046811692361 4.30239674189879 -0.421894479384018 -0.218063952570185 0.780556994573114 0.406428270519836
1702923753000130 -5.20419346403141 -1.96092009269277 4.30686692619583 -0.423547570892924 -0.220012200923615 0.77940217100112 0.405874786694359
1702923753000250 -5.20547687817079 -1.96012470252332 4.30909027984199 -0.423887582062067 -0.220044322188422 0.779084867558728 0.406111540327546
1702923753000370 -5.20667630307987 -1.95947948446594 4.3113848711139 -0.423602466690956 -0.220736570609584 0.779322539569328 0.405576991369173
1702923753000490 -5.20793677337727 -1.95841234302038 4.31372007724698 -0.424299697170732 -0.221069078902883 0.779219459015553 0.404864500821404
1702923753000610 -5.20836756145739 -1.95971681316489 4.31619395394744 -0.420567932506131 -0.220777198579937 0.780491158529653 0.406464751475148
1702923753000770 -5.21079181815861 -1.95701262815123 4.31881611826064 -0.424029993039195 -0.221000498850449 0.779196041208567 0.405229408947488
1702923753000930 -5.21225352725412 -1.9567878029365 4.32188177372059 -0.423506547733584 -0.219614378921057 0.77961355769808 0.405727037860729
1702923754000130 -5.21247879819647 -1.95905217075344 4.32619501008009 -0.420571563629942 -0.217975153798513 0.781352366988646 0.406318681324919
1702923754000330 -5.21611318483419 -1.95446970405934 4.32931820737654 -0.422975641743113 -0.219706760289648 0.780202810036859 0.405097668699312
1702923754000450 -5.21707545516277 -1.95420246370791 4.33158726097164 -0.42151985010257 -0.221463763371724 0.780118819765249 0.405819472833445
1702923754000610 -5.21835063346247 -1.95370823087593 4.33452804414183 -0.421274519868744 -0.222169777146919 0.7794402553619 0.406990488037771
1702923754000770 -5.21967956074389 -1.95315401892312 4.3371109044934 -0.419676896486985 -0.222828114822544 0.780105417370445 0.407006721798263
1702923754000970 -5.22157292459395 -1.95172844845054 4.34001880070693 -0.419927842576625 -0.222681934980147 0.780002088000562 0.407025927401685
1702923755000290 -5.22445592840185 -1.95087300812462 4.34520462533546 -0.421397859255111 -0.218075553166985 0.781100750490938 0.405892245440358
1702923755000610 -5.22785581750374 -1.94703369767522 4.3498374615411 -0.421835297196627 -0.221896667300901 0.778627721111277 0.408112390153553
1702923755000850 -5.2302492209754 -1.94504088959282 4.35357510931736 -0.421457799033854 -0.221324651036399 0.778968106301778 0.408163462159191
1702923756000090 -5.23244167982655 -1.94302386331251 4.3575290557882 -0.421596439591863 -0.221879336869939 0.77776765804399 0.410004234239585
1702923756000250 -5.23382329899294 -1.94201720021293 4.36012582955203 -0.423751907773295 -0.222129079534708 0.776480125093703 0.410087317553254
1702923756000410 -5.23542023268081 -1.9410439648971 4.36281811693764 -0.425469853447644 -0.221681008260413 0.776169978130551 0.409137017920289
1702923756000530 -5.23652587705001 -1.94051842317018 4.36489225297364 -0.426704054064409 -0.2201693795591 0.776317156085565 0.408388011230472
1702923756000730 -5.23656423827013 -1.94222057383141 4.36933422152351 -0.422235671938147 -0.218557812200698 0.779306565313157 0.408204357312358
1702923756000970 -5.24067024124024 -1.93801302684677 4.37210816089899 -0.425902875976511 -0.219666551643636 0.777591068345234 0.407069375848452
1702923757000170 -5.242455829128 -1.93696326073806 4.37542844720534 -0.425012320154096 -0.219629310566257 0.778036986722278 0.407168197370007
1702923757000330 -5.24385875544 -1.93606472621217 4.37808311860361 -0.424851720606497 -0.219439118753478 0.778344902963181 0.406849727405135
1702923757000450 -5.24489789345736 -1.9353734060862 4.38013489331882 -0.425658271402542 -0.218693764145038 0.77846964031707 0.406168798180369
1702923757000650 -5.2470255501211 -1.93394107697435 4.38343004792482 -0.426651196480885 -0.217790292809174 0.777975444849333 0.406559161882998
1702923757000930 -5.25009141863492 -1.93157169079786 4.38793283070098 -0.428829623917103 -0.216020846704566 0.777396297134646 0.40631901831135
1702923758000130 -5.25211140276241 -1.92957189875388 4.3909598962259 -0.428510728753656 -0.215747997572849 0.77742199362826 0.406751030372855
1702923758000250 -5.25328390726074 -1.92856352449322 4.39284341875866 -0.427490363690264 -0.216927369765206 0.776962106870403 0.408074000257575
1702923758000410 -5.25505886988222 -1.92720626765037 4.39551699306224 -0.4269012244108 -0.216770760904871 0.777495890117337 0.4077571859133
1702923758000530 -5.25493552242997 -1.92806146912507 4.39958489300203 -0.425211228767944 -0.216932298271903 0.779155693016598 0.406266162676577
1702923758000730 -5.25871012076543 -1.92463643503142 4.40098207883209 -0.426975555770588 -0.217581805726207 0.777747198390601 0.406766920959524
1702923758000890 -5.26032905654454 -1.92349227484153 4.40392221057476 -0.428960477295778 -0.216820817870901 0.776619717248772 0.407238820149074
1702923759000050 -5.26196628600642 -1.92235634104798 4.40674490473948 -0.429367175156234 -0.215716406396095 0.777685108452941 0.405359264110798
1702923759000170 -5.26316266826947 -1.92156119529448 4.40889703075727 -0.428720500096612 -0.215989381540186 0.778060670867682 0.405177630561871
1702923759000290 -5.26416538939795 -1.92087180546155 4.41106848472226 -0.428656009241821 -0.216464435247457 0.777388439007506 0.406281169772054
1702923759000410 -5.26515124515013 -1.92016148772017 4.41332279154685 -0.429405667164155 -0.216395833862613 0.776720028646146 0.406804145989371
1702923759000650 -5.26759792026065 -1.91875716655611 4.41758718751527 -0.428913501290097 -0.216751529880076 0.777199811768742 0.406217226730167
1702923759000810 -5.26926662183459 -1.91801345660173 4.42044613125038 -0.427956557399656 -0.217669140189392 0.777045462702886 0.407030317397492
1702923760000050 -5.27136479018408 -1.91717040459693 4.4246834241641 -0.427338478396834 -0.218234958762043 0.777113582669545 0.407246617280135
1702923760000250 -5.2727581451113 -1.91709266360425 4.42845288723992 -0.425896361588157 -0.218107480745915 0.779244716964725 0.404745706723623
1702923760000410 -5.27376845731852 -1.91758612455223 4.43190045310614 -0.424133738790724 -0.217672541942666 0.781628233540815 0.402226976513865
1702923760000530 -5.27435509849098 -1.91865336285177 4.43450802598421 -0.422102077801665 -0.217711206934912 0.784072034969813 0.399578165405414
1702923760000650 -5.27474312497576 -1.92016062977431 4.43733972205933 -0.42027958849007 -0.217598263926068 0.786582295544005 0.396616131002891
1702923760000770 -5.27484094982203 -1.92211957614013 4.44055805453149 -0.419037554793017 -0.217192988064626 0.789736323417722 0.391856189287995
1702923760000930 -5.27466852003499 -1.92551568323695 4.44582543940889 -0.416443043016393 -0.216687704826664 0.795582170617955 0.38297603096672
1702923761000010 -5.27431057624378 -1.92745379825188 4.44904324088009 -0.415076102764278 -0.216525721062233 0.798592545411028 0.378257038859072
1702923761000130 -5.27362834725689 -1.93044420502919 4.45378553630348 -0.41334861800306 -0.215523843581575 0.802406631361781 0.372607019243362
1702923761000290 -5.27251878541543 -1.93380925095162 4.46161318232485 -0.411360650419019 -0.214704294879174 0.805805432937641 0.367915867142829
1702923761000450 -5.27165298138917 -1.93751240850643 4.46886510774231 -0.408150935199925 -0.214871269463709 0.810346563605504 0.361360759501128
1702923761000570 -5.27107362635235 -1.93978206756926 4.47533648335998 -0.405877048847822 -0.214774334991621 0.814593093198263 0.354364076566991
1702923761000690 -5.27066212630416 -1.94153588805607 4.48290400316055 -0.40332741123701 -0.213721940724243 0.819849479402535 0.345683037653437
1702923761000810 -5.2707296793885 -1.94247108253404 4.48976672316002 -0.399402550943191 -0.213982624855673 0.825363706976927 0.336843865559779
1702923761000890 -5.27085292127556 -1.94311496252203 4.49470880978349 -0.398519257642043 -0.213386933354881 0.82719759451529 0.333755236048744
1702923761000970 -5.27142201183033 -1.94306972819693 4.4999358072459 -0.396579156112361 -0.212997305624598 0.829997111979887 0.329335565706038
1702923762000050 -5.27183357078211 -1.94239713317715 4.50444083923968 -0.393572001182176 -0.212906521782475 0.834624972861627 0.32120561567892
1702923762000170 -5.27249625319293 -1.94188452652295 4.51122403364712 -0.386775498545454 -0.211239358577982 0.844345284244357 0.304735439499239
1702923762000250 -5.2729241187648 -1.94062924827165 4.51519241695119 -0.381183832449039 -0.209819334003461 0.852099036951118 0.290864167928578
1702923762000330 -5.27379520602775 -1.93850474894629 4.51895907414686 -0.374291841523194 -0.208621098995948 0.860386479122207 0.275894836788568
1702923762000450 -5.27355629339149 -1.93676336928128 4.52473857670502 -0.364323049847111 -0.207016427976206 0.871508829643093 0.254725879627883
1702923762000530 -5.27300631053951 -1.93580068641856 4.52869313820355 -0.357870867779074 -0.205427469044368 0.878617619228171 0.240331180122138
1702923762000610 -5.27303863473718 -1.93425356199857 4.53318860547713 -0.352464906848502 -0.203349788723059 0.885068184969692 0.225990399842601
1702923762000690 -5.27237349228851 -1.93362254443873 4.53858224550879 -0.345998712044551 -0.202150085901015 0.891142695069351 0.212802563561292
1702923762000770 -5.27262296192924 -1.93247862317838 4.54387679805885 -0.342064422972571 -0.20132932253632 0.894776082805413 0.204534095111081
1702923762000850 -5.27351303898826 -1.93065070539231 4.54868718526352 -0.336972295410451 -0.200212086834799 0.899336610082776 0.193800036573492
1702923762000930 -5.27298276633634 -1.93012972769441 4.55304786047756 -0.333795536477252 -0.198801641925317 0.902598502816701 0.185403316336877
1702923763000010 -5.27364271259833 -1.92901990590463 4.55745259051364 -0.328265579613452 -0.198251019949542 0.906736485994146 0.175405778972641
1702923763000090 -5.27395776869867 -1.92807834698229 4.56114173609232 -0.324259415008358 -0.196949934209335 0.910241448545944 0.16591281006106
1702923763000170 -5.27440387649119 -1.9270238666864 4.56454205929247 -0.318740738689335 -0.195907644761311 0.914302751045054 0.155161256940318
1702923763000250 -5.2745942492653 -1.92629242246323 4.56759054145184 -0.313288117997182 -0.193996519117985 0.918294398940056 0.144745647835123
1702923763000330 -5.27506835313867 -1.92505856349199 4.57016961935554 -0.307691859718033 -0.193212093453715 0.921993068664437 0.133879004109035
1702923763000410 -5.27545324283037 -1.92393548980404 4.57286782733137 -0.302473460441424 -0.192114858361993 0.925360539917786 0.123731799017898
1702923763000490 -5.27598995569913 -1.92311971984007 4.57483186281968 -0.297443643116864 -0.190369157249353 0.928745271144388 0.112778918528582
1702923763000650 -5.2750842060765 -1.92240987733465 4.5788663708463 -0.287321281252463 -0.18725309890313 0.934965813665549 0.0906735108360536
1702923763000770 -5.27500535995003 -1.92152633910437 4.58149363094704 -0.279004152820018 -0.184389508139086 0.939510024653916 0.0740142254719214
1702923763000890 -5.27432381422836 -1.92062663171876 4.58476072734034 -0.272398451412584 -0.180912439034943 0.943110232945997 0.0601070842996207
1702923764000010 -5.27518377200482 -1.91990912431208 4.58656877854054 -0.26501278585817 -0.179976747069604 0.946136579295993 0.0469272539577234
1702923764000090 -5.27539829381919 -1.9193682801904 4.58818300935351 -0.261118377814006 -0.178467878510856 0.947825053644476 0.039925891241945
1702923764000170 -5.27571022407875 -1.91874550347333 4.58971582836999 -0.257398373936484 -0.177215921800676 0.949351521584253 0.0327457267571562
1702923764000250 -5.27605660002497 -1.91815179892375 4.59110925072404 -0.253204457419271 -0.176012297919752 0.950919138818507 0.025689786933534
1702923764000330 -5.27701664852281 -1.91742778988137 4.59258504249293 -0.250281451138533 -0.173197171527767 0.952374509495192 0.018566869810585
1702923764000410 -5.27652123312977 -1.91715038853543 4.5936301377873 -0.246042489631216 -0.172725830482128 0.953672631868686 0.011721433572097
1702923764000530 -5.27665198737244 -1.91645671997132 4.59538316478855 -0.240400612492592 -0.170679188882761 0.955548784928181 0.00163695381310359
1702923764000690 -5.27579150025838 -1.91589441267518 4.59784697326518 -0.230672602455669 -0.16593052110693 0.958601158209732 -0.0184670550026946
1702923764000810 -5.27697638206443 -1.91441612429952 4.59942344183473 -0.221263382560189 -0.162324178034199 0.960947315504092 -0.0356880034328732
1702923764000890 -5.27709033726211 -1.91366512315815 4.60052531179963 -0.213526146134574 -0.159115157361226 0.962581937914953 -0.0502490240176218
1702923764000970 -5.27723130298006 -1.91292496108558 4.60162835592974 -0.206453148351976 -0.156305083920549 0.963796929854064 -0.0635711906450317
1702923765000050 -5.27733340990104 -1.91219475973481 4.60261545092684 -0.198563698364305 -0.152783978499777 0.964903315319705 -0.0786835795494304
1702923765000130 -5.27644233623295 -1.91176504915948 4.60379835385897 -0.189167281781304 -0.149594406153428 0.965691701463287 -0.0963160987375308
1702923765000250 -5.27753536361495 -1.9102420262312 4.60481389152471 -0.176463671440047 -0.144300612364669 0.966492561902263 -0.118025563843942
1702923765000370 -5.27779042614876 -1.90916637943788 4.60617962445355 -0.166533918439487 -0.140390186671074 0.966357049903219 -0.136788528751495
1702923765000490 -5.27823065527974 -1.90803957297471 4.60746686683403 -0.154384092868095 -0.135242653625372 0.966030408256207 -0.157035750178134
1702923765000610 -5.27876073748171 -1.90693580446037 4.60864303093046 -0.141855619629406 -0.130016446342157 0.964975646327047 -0.178310708752484
1702923765000690 -5.27934916697758 -1.90619067947102 4.6094156320364 -0.13320421126232 -0.126472320274328 0.963722712946896 -0.193648968127087
1702923765000770 -5.27996836160572 -1.90544471731787 4.6101387748106 -0.124172000478426 -0.122326782019745 0.96235537184861 -0.2085416288706
1702923765000850 -5.28068026028759 -1.90472073304694 4.61094653498931 -0.11461426147368 -0.118787041924851 0.960342277395104 -0.224712972445232
1702923765000930 -5.28135390754864 -1.90418940246976 4.61179735626926 -0.104498413495131 -0.114320557666984 0.957875453945691 -0.241837768762547
1702923766000050 -5.28189057607713 -1.90346907323055 4.61278090023809 -0.0959825023528679 -0.110303900860088 0.955954215138112 -0.2545033344709
1702923766000170 -5.28003622446857 -1.90173503064696 4.61444662951181 -0.0870412329026887 -0.106988877631108 0.953882018639496 -0.266620138688465
1702923766000450 -5.27488525278609 -1.89257414585138 4.61488892823725 -0.0830182037407894 -0.106372232753261 0.951981335542292 -0.274817144162901
1702923766000650 -5.2635042906148 -1.8799980633696 4.61529288593255 -0.0898437867550311 -0.109861081896986 0.953235442965722 -0.266834830822148
1702923766000770 -5.25884444650257 -1.8695713591296 4.61583109701668 -0.079720768392377 -0.105212474698742 0.949846414993803 -0.283490250587415
1702923766000890 -5.25215384749941 -1.85733649913212 4.61471288644156 -0.069907620830483 -0.100584318913447 0.946696317794861 -0.297929188251488
1702923767000010 -5.24649015261534 -1.84606125072995 4.61301707264078 -0.0602802697118869 -0.0968095452804338 0.943666549232758 -0.310624604442719
1702923767000090 -5.24352052136639 -1.83559818825083 4.61128009583253 -0.0511460786138625 -0.09370659521064 0.939719353468982 -0.324854874324355
1702923767000170 -5.2407003698652 -1.82485674283009 4.60968234575255 -0.0427310503506915 -0.0912791802440601 0.935253340294764 -0.339327803248402
1702923767000250 -5.23046375444169 -1.81621926258849 4.61110970364553 -0.0399563214794919 -0.0909315465956938 0.934408470076941 -0.342075660133855
1702923767000330 -5.21858038079227 -1.80590963179755 4.61368254333936 -0.0387050628149768 -0.0904396709729254 0.934152770229917 -0.343046915011007
1702923767000410 -5.20644873954897 -1.79488982081458 4.61676275652819 -0.0372602383915694 -0.0909538862481962 0.933523494486738 -0.344779567916406
1702923767000490 -5.19445009501774 -1.7832543191433 4.62026127549892 -0.0350630296831748 -0.0924610608992329 0.93261170771568 -0.347069069204485
1702923767000610 -5.17931057593012 -1.76839077221212 4.61928180942736 -0.0316589400650177 -0.095754656763299 0.930790383612098 -0.351365933177004
1702923767000850 -5.16158125720981 -1.74572603959714 4.63221679980492 -0.0289379062346826 -0.0994060846383185 0.929437185094351 -0.354157517050706
1702923768000450 -5.14210665397406 -1.72552742022013 4.63585445763175 -0.0248018934768966 -0.102245480396777 0.927765316938156 -0.358025480245522
1702923768000890 -5.13719471118463 -1.71959885456019 4.64394193300544 -0.0224487798817648 -0.104763657773958 0.926028785195424 -0.361927226498819
1702923769000410 -5.13996941256431 -1.71887216653737 4.64605101654296 -0.0217296210589784 -0.10940751870485 0.925225327129813 -0.362651227017104
1702923770000930 -5.14761079658163 -1.7291116518186 4.64797086198777 -0.0192264710896853 -0.110262207390528 0.923771557327984 -0.366222197992745
1702923771000570 -5.15216006302791 -1.73701031656861 4.65050267567148 -0.0194525114697196 -0.111857133197481 0.92378936682619 -0.365681264613363
1702923771000850 -5.15709221517164 -1.74107861999831 4.6470414894145 -0.0213065293154645 -0.112290513694408 0.924305259019963 -0.364138243653169
1702923772000570 -5.17087725920309 -1.7654978600022 4.64352763241476 -0.0166885352595831 -0.108887766984553 0.922016405263203 -0.371147808046238
1702923773000290 -5.1858707554133 -1.77946057189598 4.6481262404217 -0.0153226121972659 -0.112550075113266 0.920909398160526 -0.372858657572904
1702923773000730 -5.19665040085531 -1.78395716028855 4.64849981728088 -0.0161661540285188 -0.1169814888751 0.921101307081402 -0.370980280901052
1702923774000370 -5.19649298886062 -1.79164655820311 4.64926088699365 -0.0188279942544648 -0.11736280387186 0.922127100101598 -0.368175352458453
1702923775000130 -5.18008497887324 -1.76600029691352 4.65471962551118 -0.0211195462656454 -0.125438051525932 0.922702803257813 -0.363921415768686
1702923775000450 -5.15096377577058 -1.73874788593169 4.65986168847467 -0.016680671141601 -0.123592957877013 0.920981665373308 -0.369106093176048
1702923775000650 -5.1252177021986 -1.71164035406912 4.66765030672082 -0.012256910523509 -0.125616441034579 0.918725769652699 -0.374183428364058
1702923775000810 -5.10267194984637 -1.68422922230696 4.67703437073711 -0.00724753610686177 -0.130070695789367 0.91635153757026 -0.378588096629926
1702923775000930 -5.08481593327696 -1.6592113230056 4.688057377907 -0.00120176518106651 -0.13271388058515 0.913512159237845 -0.38455313883141
1702923776000050 -5.06874417695715 -1.63156974681472 4.69739049774376 0.00670646758848659 -0.141480631145737 0.908389313441683 -0.393404511321408
1702923776000170 -5.05329256135018 -1.60010147525639 4.71273552419889 0.0151872090583647 -0.151063019107875 0.902675064156546 -0.40265002358004
1702923776000250 -5.04095394040921 -1.57703647531403 4.72339772962957 0.021392816182668 -0.157390261734812 0.89877418353221 -0.408626504209934
1702923776000330 -5.033833747156 -1.55339384673844 4.73840373726718 0.0273545063036247 -0.167476618475946 0.893904689924604 -0.4148948283355
1702923776000410 -5.02514138829092 -1.52821150670636 4.75430148411341 0.0338431057436536 -0.177625041097782 0.888619850241107 -0.421495849002227
1702923776000490 -5.01708676374142 -1.50198977600499 4.77300720607313 0.0412942343193843 -0.188433817447604 0.882812454702652 -0.428286881045845
1702923776000570 -5.01119858963917 -1.47525409175257 4.7923606813056 0.0480007674527646 -0.201872780764467 0.875723779133183 -0.435948585696826
1702923776000650 -5.00616744171935 -1.44971815470696 4.8137700986741 0.055156300590356 -0.215067579821714 0.868734556380253 -0.442723377703982
1702923776000730 -5.00017091810423 -1.42446886855978 4.83343497129333 0.0619466089409849 -0.229029200160982 0.86090844326418 -0.450049881047401
1702923776000810 -4.99631644859611 -1.40068716994481 4.85795687171103 0.0689731022084562 -0.240403532798414 0.853667549976456 -0.456837571470406
1702923776000890 -4.9929720297302 -1.37795329941848 4.88149758889422 0.0759424901540238 -0.253682169391014 0.844846471289626 -0.464879054240716
1702923776000970 -4.99236786148044 -1.35905729501264 4.90842717225248 0.083861230613392 -0.26655223308425 0.834378066217083 -0.475110980354746
1702923777000010 -4.99212375432372 -1.35090909173012 4.91986262157326 0.0878856418027578 -0.274822133283292 0.827715958012683 -0.481284948729631
1702923777000090 -4.99401579801314 -1.33598626281612 4.94997172891915 0.0959862064177556 -0.287022039600808 0.814481479129846 -0.494999916278153
1702923777000170 -4.99696928138149 -1.32593165480743 4.97728137076868 -0.103882106422635 0.298729618073922 -0.799772984943665 0.510227690158919
1702923777000250 -4.99633602750211 -1.31195034050991 4.99224679635253 -0.109896125440603 0.302488912021016 -0.787957103395632 0.524925616564719
1702923777000370 -4.99823089594091 -1.29603540538109 5.01406326149344 -0.118532936328778 0.309082290315534 -0.769182759717029 0.546604027585488
1702923777000490 -5.00164861799807 -1.27876982612266 5.03856524859975 -0.125787999344533 0.314103948896701 -0.750625382927193 0.567518830536752
1702923777000570 -5.0045309502254 -1.26998803321665 5.05390958839794 -0.129429350155023 0.318171325011533 -0.738828314015159 0.579782522734492
1702923777000650 -5.00756525959105 -1.26263270783106 5.06844149333781 -0.132789851775297 0.321531639058667 -0.727875784284899 0.590915478728883
1702923777000730 -5.00998129556205 -1.25624349468364 5.08204121595708 -0.13510236921499 0.325232847437331 -0.718439851948722 0.59984591680881
1702923777000810 -5.01248579197304 -1.2508307260787 5.09528644895882 -0.137196808919825 0.3284379500292 -0.708878237357489 0.608931189219088
1702923777000890 -5.01474510549865 -1.24656870510517 5.10847649016072 -0.139173984113168 0.331796890891656 -0.700104929599538 0.616761309495921
1702923777000970 -5.01648972357675 -1.24358621633754 5.12124365719855 -0.140853427938308 0.334708132676184 -0.691171056857868 0.624830655394266
1702923778000050 -5.01764188518655 -1.2412333492618 5.13328061821137 -0.142146232119669 0.338095971801881 -0.683196176940759 0.631449559631689
1702923778000130 -5.01857218963323 -1.2425349162308 5.14325738512674 -0.143673667185795 0.3417103033892 -0.675603866984387 0.637300055570991
1702923778000210 -5.01921699637061 -1.23955388684356 5.15519221616295 -0.144554402591827 0.343929805276467 -0.669246144038985 0.642593115760481
1702923778000290 -5.01986474851117 -1.23889912690366 5.16448503922321 -0.14560858949592 0.345948014795306 -0.663468967518613 0.647245732982444
1702923778000370 -5.02052643571717 -1.23879471336006 5.17246539674667 -0.146098406706983 0.347894048364842 -0.657845694401733 0.651815947202202
1702923778000450 -5.02099091463969 -1.23914425226795 5.18002990406203 -0.146566418430982 0.350089049581096 -0.653913481695015 0.654486898882799
1702923778000530 -5.02035926247445 -1.23916745754698 5.18633213916066 -0.146924870481169 0.351980168801084 -0.650523186597171 0.656766797961281
1702923778000650 -5.02033461946713 -1.24345551303548 5.19475832434695 -0.146952872386979 0.355366983573489 -0.644414619091374 0.660945503793176
1702923778000810 -5.01973608236413 -1.23996192680509 5.20609982933668 -0.147435825807207 0.357935842920515 -0.63971691949769 0.664008187095395
1702923779000210 -5.02124869964153 -1.2373571256159 5.20841458648806 -0.148186395351036 0.356293003743845 -0.632612247100006 0.671489264646231
1702923779000730 -5.02288076425607 -1.22581052236622 5.21982181254508 -0.150990547562028 0.351101129519827 -0.612029468339344 0.692350909063519
1702923780000010 -5.02275463189033 -1.21790795166002 5.23015715669228 -0.151191657822016 0.352208396693454 -0.604024036846952 0.698745512196515
1702923780000210 -5.02241524206973 -1.20777273565589 5.2389412235378 -0.151418267127668 0.352282908483555 -0.596128917967984 0.70540738154115
1702923780000330 -5.02249421285396 -1.20368995099256 5.24588387952012 -0.151506020296075 0.353168412963616 -0.590906874202199 0.709328600804587
1702923780000410 -5.02254390234925 -1.20126149644446 5.25103703787862 -0.151503782256093 0.353716294093017 -0.587563019678522 0.711829393296917
1702923780000490 -5.02248837821881 -1.1990050510582 5.25630235317258 -0.151681564857292 0.354704683200651 -0.584971119350052 0.713432603771594
1702923780000570 -5.02230525550224 -1.19710419912885 5.26177024860839 -0.151880373229383 0.356415065068407 -0.583085437785766 0.714081245981274
1702923780000650 -5.02209499591225 -1.19479915880736 5.26705449539825 -0.151749438188338 0.358035962698478 -0.580968666988223 0.715022912501428
1702923780000730 -5.02190646088087 -1.19310089116833 5.27250776824729 -0.151123101342371 0.359494436905429 -0.578275545731336 0.716605157170835
1702923780000810 -5.02197648009313 -1.19238353657703 5.27837776752241 -0.151286953293575 0.359824274467209 -0.575565742778265 0.718583902552373
1702923780000890 -5.02165573228151 -1.19087760174764 5.28273305688233 -0.150926849950662 0.361041129293441 -0.573306923364955 0.719853846655206
1702923780000970 -5.02188992461389 -1.19051149857909 5.28821007692646 -0.15153290232991 0.360725223900778 -0.569277392780096 0.723075613212549
1702923781000050 -5.02230001438367 -1.19006664413529 5.29257895701761 -0.152460184984214 0.35719421581914 -0.557340442691901 0.733852720319224
1702923781000130 -5.02274752330687 -1.18987023067375 5.29690046306832 -0.15303251123177 0.35496219402863 -0.549471680627815 0.740718410399339
1702923781000210 -5.02372098291577 -1.18984802025044 5.30087790338668 -0.153900581767925 0.351000811295112 -0.537856441767731 0.750881807910288
1702923781000290 -5.02485599844594 -1.1902693337793 5.30476125367059 -0.154649672438068 0.346337073631569 -0.524111911418664 0.762522664943275
1702923781000370 -5.02620065969023 -1.19088826561146 5.30837824903119 -0.155960577654502 0.33980940153688 -0.50763697696839 0.776215542526182
1702923781000450 -5.02725110052579 -1.19205454026226 5.3115843220547 -0.156671284726258 0.334527229454986 -0.494148026957509 0.786996422323123
1702923781000570 -5.02807292674835 -1.19247906170166 5.31508288603185 -0.15744435387229 0.329922005487074 -0.481935108025784 0.796304776691249
1702923781000690 -5.028487643184 -1.19158496742132 5.31814310891683 -0.157359282528988 0.329736987672972 -0.48029130953044 0.797390640245953
1702923781000810 -5.02853569089667 -1.19105260922869 5.32042190821846 -0.157617431425328 0.329549464767517 -0.478475039834595 0.798508316699086
1702923781000930 -5.02869272864525 -1.19114383267579 5.32319073738498 -0.157391074570177 0.329870325073814 -0.477052451520251 0.799271278590605
1702923782000050 -5.02850980055557 -1.19109956062427 5.32472543501591 -0.157345132176901 0.329619407135924 -0.474351485271956 0.800989528171177
1702923782000170 -5.02838872794451 -1.19090527278213 5.32693646903524 -0.157449087820438 0.330849208028973 -0.475547021119601 0.799752222250984
1702923782000330 -5.02777095872328 -1.1900367254123 5.32855855065602 -0.157035461642935 0.333153050280732 -0.478972363858847 0.796827700029751
1702923782000530 -5.02685739828938 -1.19068801592611 5.33065126827223 -0.15642522798372 0.3383590746824 -0.486425183048488 0.790211886728209
1702923782000810 -5.02643820629193 -1.18989514467295 5.33192781561322 -0.156173159482385 0.339753896717395 -0.487357843837094 0.789087806250416
1702923783000170 -5.02516047925396 -1.19080678434224 5.3340729002638 -0.156347508651334 0.344710410702991 -0.495162345924586 0.782013069244982
1702923783000370 -5.0252396948266 -1.19913056644983 5.32297410757832 -0.155466378360178 0.343143414656356 -0.487819684702843 0.787473655047561
1702923783000890 -5.02433351057745 -1.19194002422667 5.33655791170154 -0.156159014197577 0.347984802685549 -0.497329720041134 0.779220180018811
1702923784000450 -5.02497971337269 -1.19091245379604 5.33554717450302 -0.155500332635486 0.344444371567315 -0.491236272948093 0.784770441330405
1702923785000290 -5.02448844114505 -1.18943647527546 5.33824569860668 -0.154614238375968 0.345825979818111 -0.489225978209199 0.785593260675978
1702923786000130 -5.02541389317392 -1.18899556371549 5.33645383366491 -0.151911030630182 0.349531915413083 -0.491645424189349 0.78296567980609
1702923786000570 -5.02416499040316 -1.18729232334018 5.34313930636304 -0.153983723516522 0.348696416574539 -0.48743728812741 0.785560126344928
1702923786000730 -5.02456136719681 -1.1864098153638 5.34288394454704 -0.151560852249218 0.34934708274403 -0.486391230552009 0.786390166956473
1702923786000930 -5.02492206468792 -1.18589318302146 5.34211723117758 -0.150457524471855 0.349131403197096 -0.486225131298767 0.786800431065543
1702923787000330 -5.02413004425719 -1.18669235538397 5.34290330442261 -0.14744125479788 0.355466784081934 -0.485008046368549 0.78528443048098
1702923787000810 -5.02341443626647 -1.1876389636385 5.34655007947575 -0.145234663093592 0.359046931505279 -0.481392906165577 0.786290699109556
1702923788000090 -5.02171558830338 -1.1895784595292 5.34470158896192 -0.145442693045873 0.363023990872557 -0.475112339220055 0.788243788565044
1702923788000610 -5.02185500142715 -1.18843233677016 5.35895486528165 -0.139202477748257 0.372163492889491 -0.4675439663594 0.789632600815063
1702923789000450 -5.01988112604243 -1.1879029370402 5.37291210675992 -0.132642090620379 0.37716081595783 -0.447686182822563 0.799833030332982
1702923789000650 -5.01907654090709 -1.18968244208569 5.37535563317956 -0.135620492937404 0.380686311205294 -0.440953050634601 0.801402159650422
1702923790000010 -5.02031339130921 -1.18295937631851 5.38658927721248 -0.12617918620446 0.384818859074659 -0.41950132379735 0.812411163144334
1702923790000130 -5.02105108950362 -1.1809749160634 5.39136517379307 -0.123572624906123 0.38274710734197 -0.410621342568715 0.81830591542664
1702923790000250 -5.02207241470735 -1.17930923332846 5.395525661142 -0.124913817745495 0.382834739154735 -0.403561225492189 0.821567062333815
1702923790000450 -5.02451162265125 -1.17661191192999 5.40678435272126 -0.125199795085878 0.378371256973474 -0.39267037670594 0.828836641603388
1702923790000570 -5.02706764917245 -1.17270142687958 5.4130494126032 -0.121830286074325 0.383240924151874 -0.383378077029749 0.831447548257398
1702923790000650 -5.02821401711127 -1.17088627918409 5.41839584722638 -0.12116058421949 0.38292221294014 -0.379358326681051 0.833533413635213
1702923790000730 -5.02929393723776 -1.16980768656932 5.42449391377377 -0.120631571409324 0.38202396527714 -0.374058283215876 0.836412646180603
1702923790000810 -5.03020000838475 -1.16759044791466 5.43033085788683 -0.117295209106872 0.38374790432445 -0.36961413377697 0.838072056543749
1702923790000890 -5.03126153014719 -1.16617602032073 5.43690170345478 -0.115490442471081 0.384431555664499 -0.36383076769054 0.840536441321207
1702923790000970 -5.03273782982901 -1.16526056170526 5.44421993328055 -0.115707678962223 0.386846023856127 -0.357895244249057 0.841945889591361
1702923791000050 -5.03335074609328 -1.16469336341206 5.45118850496213 -0.113303034621147 0.388958851812573 -0.35241189026269 0.843610866184026
1702923791000130 -5.03409523772341 -1.16493449391961 5.45870362343941 -0.112250234723058 0.39178683893386 -0.346522022599398 0.844881912160779
1702923791000210 -5.03440219470057 -1.16621702259731 5.46648261218601 -0.109492255875011 0.394214746515112 -0.337728199916445 0.847670833823262
1702923791000290 -5.03448771757929 -1.16823032511098 5.47363413048581 -0.106949674470339 0.395543242977988 -0.327373110608512 0.851430652793081
1702923791000370 -5.03481462511555 -1.17029022681001 5.47988667941346 -0.104172356036273 0.393550406114655 -0.314126431547916 0.857665892459187
1702923791000450 -5.0351162394418 -1.17300557693904 5.48551225679372 -0.100917782522168 0.389221059542096 -0.297897975608452 0.86578251547841
1702923791000530 -5.03560572511364 -1.17563094394979 5.49077047758874 -0.0974527369536126 0.384488220053595 -0.282621752203046 0.873382343468168
1702923791000610 -5.03614221101081 -1.1785302108364 5.49547298920293 -0.09395823351326 0.378050644772807 -0.265671182064539 0.881855080703379
1702923791000690 -5.03724205470873 -1.17980818290769 5.50029216730172 -0.0915541320366766 0.37512215618654 -0.254733755288876 0.886573134468555
1702923791000770 -5.03819266125293 -1.18101235180739 5.50503644276905 -0.0889051970027383 0.372635465340026 -0.24523413085259 0.890561001269257
1702923791000850 -5.03880506832398 -1.18292657687682 5.51015082131208 -0.0868425644229107 0.370622653408981 -0.235687441515288 0.894174841793548
1702923791000930 -5.03980028605663 -1.18310305077857 5.51458483867403 -0.0841260766251817 0.371380512688286 -0.230414956541477 0.895493308645592
1702923792000010 -5.04045686631318 -1.18362245191617 5.51850574197518 -0.0829382331922461 0.371792016453988 -0.227116681812605 0.896275604274968
1702923792000090 -5.04088482018818 -1.18430947213171 5.52236807166219 -0.0828586591641197 0.373294460109979 -0.225790608381961 0.895993465277078
1702923792000170 -5.04084735326015 -1.18539473110045 5.52599682841021 -0.082167882424156 0.374775357112418 -0.224155203416253 0.895849493821707
1702923792000250 -5.04014597552537 -1.18662125517684 5.52882125898555 -0.0795807140903282 0.377976537701758 -0.223080854605445 0.89500591014829
1702923792000330 -5.04022869915002 -1.18712034600393 5.53205440403902 -0.0787006361599326 0.378888357513037 -0.221666384634401 0.895049627859935
1702923792000410 -5.03906080871703 -1.18901450917077 5.53498469018188 -0.0763604848933265 0.377250179651357 -0.214789153952343 0.89761740047991
1702923792000490 -5.03979333603499 -1.18905203347154 5.53717712247171 -0.0756891177840469 0.374393187001207 -0.208599996890079 0.900326018880722
1702923792000570 -5.04013090489734 -1.18948672816686 5.53937106003395 -0.0740784023604667 0.370091739333266 -0.2003993662999 0.904093241191193
1702923792000650 -5.03985541167906 -1.19071141672836 5.54164660851319 -0.0748166880672191 0.364785531235479 -0.192806883628965 0.907832300049513
1702923792000730 -5.04022676923235 -1.19112892315895 5.54335717094412 -0.0724850939405729 0.360877539294672 -0.185104075548974 0.911180439871384
1702923792000810 -5.04017171660837 -1.1920216325154 5.54514267190321 -0.0724754053785192 0.357382873109303 -0.177874627158077 0.913994209301533
1702923792000930 -5.04116473475158 -1.19447637654242 5.54863918835948 -0.0708714208442758 0.350811118825885 -0.16774821450984 0.918569179291579
1702923793000130 -5.03976779127855 -1.19517912530398 5.55150524818777 -0.0696384341505663 0.341732211735687 -0.150150002767334 0.925107864316514
1702923793000290 -5.03927058737875 -1.19674442078705 5.55416039517481 -0.0687914186853922 0.336478108923829 -0.141113386534134 0.92851345443734
1702923793000410 -5.0381852528723 -1.1981972435564 5.55587958277262 -0.0661123600294905 0.333475906756711 -0.134734497628643 0.930736047766969
1702923793000530 -5.03830747990437 -1.19905921110067 5.55780299111754 -0.0677804887920731 0.329669914903756 -0.129727530616093 0.932681253347953
1702923793000610 -5.03789109691435 -1.19984583506006 5.55887368788454 -0.0683112584544552 0.327240419779916 -0.126296149038105 0.933968180597593
1702923793000690 -5.03741108518371 -1.20062292301075 5.55989080821969 -0.0684053729060482 0.32599094335265 -0.124503643650922 0.934638674851024
1702923793000810 -5.03674190245285 -1.20156269858862 5.56124413147237 -0.0648067932095232 0.325298723976973 -0.122428801285283 0.935410074966429
1702923793000970 -5.03607423884539 -1.20265555952048 5.56286248892103 -0.0661826673503691 0.322178506918536 -0.118157260660748 0.936941687606695
1702923794000090 -5.03650945315621 -1.20435420963952 5.56485458904753 -0.0649979079951631 0.320104989176152 -0.11371389699692 0.938284188021178
1702923794000330 -5.03478150603942 -1.20517651872617 5.56629976876122 -0.0617849629015751 0.314951778822067 -0.104932602607286 0.941263589164124
1702923794000530 -5.0340901608091 -1.20635624112424 5.56798336701661 -0.0607560401852293 0.310329451580106 -0.0978777645019086 0.943622953450747
1702923794000690 -5.0337065896101 -1.20734215495906 5.56933247676618 -0.0596518532055373 0.303708496391049 -0.0876921189681089 0.94684365018725
1702923794000810 -5.03361503199416 -1.20801175698164 5.57035448785403 -0.0576203842343219 0.296631360673 -0.0771747963946735 0.950123033079093
1702923794000930 -5.0336019568662 -1.20884005394003 5.57142934200281 -0.0542367715927904 0.286647902484998 -0.0626688283454914 0.954444325543374
1702923795000050 -5.03432936647389 -1.21022828257784 5.57281018145589 -0.0524961185738779 0.273804185833308 -0.0434074498718645 0.95937021980592
1702923795000210 -5.03355801731811 -1.21145177045697 5.57391965100997 -0.045051547977157 0.253106637136874 -0.0111589948324738 0.966324409862678
1702923795000330 -5.03340322958678 -1.21278787465164 5.57481992042321 -0.0388371310503859 0.233525579611609 0.0155152636783055 0.97145085182516
1702923795000450 -5.03306505271965 -1.21420795740339 5.57560478116152 -0.0314811903216523 0.214292654150888 0.0429367177203553 0.975317400287877
1702923795000570 -5.03260045411243 -1.21554177444676 5.57626419458142 -0.025485107676353 0.196884756546439 0.0679067612995362 0.977740033800489
1702923795000650 -5.03190172003591 -1.21636080040395 5.57661140265211 -0.0216940032562044 0.184186203644339 0.0841408757711775 0.979042964141138
1702923795000730 -5.03207749953119 -1.21721190109422 5.57702946631403 -0.0186079804372454 0.170167781260826 0.101237901772197 0.980024263235139
1702923795000850 -5.03407928143906 -1.21863203178502 5.57794767273831 -0.0124244582925676 0.153031343859358 0.123580767124628 0.980385044066679
1702923795000930 -5.03658998555755 -1.22043925182601 5.5793896255146 -0.0129614280845953 0.144392922842079 0.135088741182635 0.980170249100033
1702923796000050 -5.03783626624959 -1.22142860598433 5.58076361360696 -0.010413955497371 0.135765954305218 0.142402054272656 0.980398291574103
1702923796000130 -5.03928504809937 -1.2227613035401 5.58216022059039 -0.0087508990779549 0.128668051231037 0.153753892606358 0.979656927126087
1702923796000250 -5.04132143980237 -1.22486975844654 5.58418237231429 -0.00842589769599433 0.118383400448795 0.168937474998208 0.978455162124165
1702923796000370 -5.04329034981042 -1.22707060111044 5.58634182141778 -0.00600404456511055 0.109472074675803 0.179347449750929 0.977657562024083
1702923796000490 -5.04486933279813 -1.22914860012921 5.58804327332912 -0.00679442313354212 0.100905235555863 0.191512200346127 0.976265868690636
1702923796000570 -5.04603753038064 -1.23067507410488 5.58926832228738 -0.00603969778123991 0.095062152001406 0.198765827011073 0.975407020335704
1702923796000650 -5.0471470577482 -1.23232623574974 5.59041259294381 -0.00313932334336761 0.0882641319461673 0.208613692705678 0.974002009688089
1702923796000730 -5.0481536507534 -1.23398440269528 5.59163261858726 -0.00212402679888068 0.0816716075150881 0.216317995442941 0.972898639059387
1702923796000810 -5.0485687966052 -1.23226021253863 5.59376922443495 -0.000911850218757763 0.0725373822448782 0.225230433676251 0.971601126209849
1702923796000890 -5.04907248711587 -1.23722385930733 5.59445011455573 0.00163557891063349 0.0630953533051758 0.235738200877053 0.969764817839961
1702923796000970 -5.0499863786787 -1.2395119990507 5.59592711485547 0.000896635406335664 0.0545276603535863 0.24598653351539 0.967737854809036
1702923797000050 -5.04991494964059 -1.24101718220229 5.59720583000485 0.00407028387734588 0.0450978564742535 0.255745675027291 0.965683056616104
1702923797000130 -5.05038566198911 -1.24275044308322 5.59820350375169 0.00424942747838827 0.0374238560113858 0.264829522922204 0.963559401986272
1702923797000210 -5.05090023848652 -1.24557903456397 5.60025910217085 0.00318792129525347 0.0307692914740782 0.273266910972888 0.961440733081002
1702923797000330 -5.05138103091185 -1.24712130731595 5.60047956299222 0.00510110506633252 0.0211993943909643 0.285024416723848 0.958272219296682
1702923797000450 -5.05163925016932 -1.24951562027436 5.60179695650955 0.00522289687459375 0.0127138397987002 0.295300708316553 0.955305485849188
1702923797000570 -5.05346832861162 -1.25183872208006 5.60510886905842 0.00930783041131654 0.00490221410584033 0.30474759875688 0.952375048834129
1702923797000730 -5.05201291104752 -1.2538896028598 5.60490917479627 0.00586002874566569 -0.00259480848692754 0.312196653322581 0.949995882457496
1702923797000970 -5.05154686471472 -1.25748044207307 5.6078498974755 0.00469147344895894 -0.0116584301399989 0.322426498461871 0.946511079794191
1702923798000170 -5.05034618737256 -1.26321923861837 5.61638556261227 0.00884246601304185 -0.0179965933588887 0.328331907801125 0.94434956014283
1702923798000410 -5.05036677044357 -1.26178585341126 5.61271363935033 0.00313397335105364 -0.0217792117262876 0.331720712308311 0.943120996040955
1702923798000610 -5.04986039341839 -1.26357563584717 5.61545688956251 0.0040597968731474 -0.0245416313281011 0.333265900046679 0.942504677042603
1702923798000890 -5.04929458576664 -1.26518308366107 5.61790607827776 0.00517349830602325 -0.0272899506045261 0.334212601686434 0.942088334703952
1702923799000170 -5.04865470162544 -1.26709399786335 5.6209906176745 0.00549082221849635 -0.0272891596954813 0.33548291629094 0.941634942805016
1702923799000490 -5.04800360298866 -1.268326505992 5.62251409886273 0.0020617780041349 -0.0278559541670875 0.335559909061435 0.941604663497152
1702923799000810 -5.04706636995258 -1.26208806942086 5.62180660521329 0.00176392468152046 -0.0278961139681314 0.335751669196987 0.941535719995068
1702923800000130 -5.04653026316455 -1.27080754701065 5.62732500349603 -0.000603200567942871 -0.0288346444964406 0.336350182871144 0.941295253312364
1702923800000330 -5.04609976183727 -1.27140323030364 5.62872450297974 -0.00153715326583988 -0.0290295328811876 0.336801593003538 0.941126776970466
1702923800000530 -5.04570337901425 -1.27201117454239 5.63005310451436 -0.00282181736314033 -0.0297813209947835 0.33700330241322 0.941028099702213
1702923800000730 -5.04545897628196 -1.27253905091417 5.63132877835502 -0.00383697661785988 -0.0299981900323861 0.336620471694936 0.941154633543869
1702923800000970 -5.04507115736996 -1.27330040607331 5.63274977940305 -0.00295940230522723 -0.0317021451045741 0.337975245502147 0.940616260417354
1702923801000370 -5.04457176353446 -1.27381960932875 5.63512893105799 -0.00421954712607905 -0.0309893993378743 0.334706306569509 0.941803345127488
1702923802000050 -5.04265947224728 -1.2731856927349 5.63745283130286 -0.00944256653264612 -0.0322715588956213 0.333913195453669 0.942003907808053
1702923802000650 -5.03999247046656 -1.27715210259698 5.64300075125291 -0.0119410077438995 -0.0321797705907225 0.33287472912198 0.942346162198773
1702923803000210 -5.03771569691744 -1.2778835077946 5.64675854094879 -0.0133723446074618 -0.0352806452757956 0.332294966448688 0.942420559910218
1702923803000810 -5.03586245504751 -1.27885431498677 5.6503790844184 -0.0168991247987948 -0.0366312863919653 0.332669768562694 0.942180127960014
1702923804000250 -5.03403666151365 -1.27930397971125 5.65258109721369 -0.0207898832258624 -0.0370000744498684 0.328400983930098 0.94358442600538
1702923804000930 -5.03289733075363 -1.27955690626973 5.65519802807743 -0.0229194003767873 -0.0369240619529244 0.328248720234166 0.943591062060201
1702923805000450 -5.0326171324045 -1.27850716287059 5.65486078965583 -0.0228570024678902 -0.0388388465500442 0.330601521468563 0.942693871540235
1702923805000930 -5.03279297558271 -1.27735961167385 5.65760267773424 -0.0233396393819231 -0.0485395937834728 0.344231116297952 0.937338843557186
1702923806000250 -5.04277126404976 -1.28543908821708 5.65608165156527 -0.0151539387182182 -0.0706673120570144 0.372891811731534 0.925055774476077
1702923806000490 -5.04845858076887 -1.29241583922931 5.65688369387325 -0.0126233154127444 -0.0965749351026465 0.404863728295183 0.909175063081272
1702923806000650 -5.05011623226452 -1.29754795868442 5.66450317727708 -0.00920269471673586 -0.115594982007818 0.425817576651012 0.897347481168595
1702923806000770 -5.05295529060217 -1.30612062986357 5.66092618285693 -0.0112729600905822 -0.129102454802221 0.443315270663462 0.886948164963104
1702923806000850 -5.05323188808325 -1.31093512419928 5.66269897840577 -0.0118451215671852 -0.14011873925289 0.456316866150863 0.878636073509104
1702923806000930 -5.05304582488021 -1.31592239992779 5.66489487002955 -0.0125201333573497 -0.150819249743409 0.469104270240415 0.87007929742625
1702923807000010 -5.05250238121034 -1.32077853098863 5.66718397314875 -0.0121644666848032 -0.161534773648506 0.48109977533823 0.861569236232414
1702923807000090 -5.0515213687894 -1.32546760148647 5.66977205753552 -0.0112602443387093 -0.172371955383165 0.491521214049088 0.853561955592286
1702923807000170 -5.050056064644 -1.32981453305987 5.67263218968473 -0.0103401083765001 -0.183497371123063 0.50323415400601 0.844379762424196
1702923807000250 -5.04789780105219 -1.33345796973375 5.67570037302555 -0.00896406498622946 -0.196334218317256 0.515103328944534 0.834290765121449
1702923807000330 -5.04598497826578 -1.33739291868644 5.67869197382457 -0.00874992141133972 -0.207313302871322 0.528383416903425 0.823259131786183
1702923807000410 -5.04336040570737 -1.34038800552359 5.68198918054372 -0.00796971170598937 -0.219049368894782 0.542384503859017 0.811032001622457
1702923807000490 -5.04061054507111 -1.34271269953318 5.6852346095608 -0.00618109139482505 -0.228938417219526 0.557546198171644 0.797929340314374
1702923807000570 -5.03840415059856 -1.34496212844929 5.68766561335006 -0.00507089778923182 -0.241805468433808 0.570006442328012 0.785236943307993
1702923807000650 -5.0359322270919 -1.34629877433841 5.6904624977222 -0.00300072482580849 -0.253105818811547 0.583212119871201 0.771875678700654
1702923807000730 -5.03373401679901 -1.3472463134477 5.69292825669387 -0.00135991601528165 -0.263947713630405 0.596455060406844 0.758004693925296
1702923807000810 -5.03215033091557 -1.34821839261967 5.69458758049119 0.000851442098680137 -0.274931535669462 0.609067157911955 0.743941612556952
1702923807000890 -5.03113306707926 -1.35109446065765 5.69425724675465 0.00371643232320065 -0.285682556539429 0.621420693173793 0.72952586459651
1702923808000050 -5.02798789735972 -1.35421325477536 5.69724541323126 0.0124103600207299 -0.304449089249112 0.645707104945065 0.700156460830724
1702923808000250 -5.02376750253095 -1.36265909536473 5.6919289399574 0.0146381991432047 -0.325765650046245 0.670281495176118 0.666622218051769
1702923808000410 -5.02010035813103 -1.36743750034639 5.69117516059688 0.018613449017571 -0.339126961388526 0.688362405754977 0.640939655442129
1702923808000530 -5.01711406763917 -1.37059191599143 5.69117159408132 0.020671893446699 -0.348595657856287 0.700238800332933 0.622671151293655
1702923808000660 -5.01406338884185 -1.37368072097423 5.69197557897561 0.0218733910633565 -0.356189192567884 0.710460005057493 0.606545460023348
1702923808000770 -5.01153651057522 -1.37672257566473 5.69343955469418 0.0226128249389328 -0.362761466647347 0.718799286542287 0.592638476754965
1702923808000890 -5.00976016243638 -1.37988160800478 5.69558397507201 0.0221879876682563 -0.366772801921175 0.724262339371093 0.583463339673398
1702923808000970 -5.00879848234886 -1.38170288406797 5.69729827452668 0.0213626028766818 -0.369518916063951 0.726479679759931 0.578987637834493
1702923809000050 -5.0078894415477 -1.3834312749286 5.69911727841736 0.0213898125679014 -0.371744736663281 0.728636821686891 0.574836245172034
1702923809000130 -5.00709016640847 -1.38496706614326 5.70118282752279 0.0207137554100291 -0.373604038973499 0.730128819094941 0.57175420411793
1702923809000220 -5.00634516964843 -1.38651384106484 5.70332647889435 0.0200819524021015 -0.375013289975109 0.731525887999507 0.569062055242043
1702923809000290 -5.00579652417104 -1.38796236925502 5.70545592067631 0.0196761494527931 -0.375757457941489 0.732507534257482 0.567319922266163
1702923809000380 -5.00544700691503 -1.38940932748704 5.70751281752374 0.0185375707100038 -0.375692343167563 0.733433342571891 0.566204162613859
1702923809000490 -5.00478310476455 -1.3914685833194 5.71045564647209 0.0171080192329144 -0.375887285376006 0.733534898764185 0.565988177142951
1702923809000660 -5.00352614871888 -1.39437063924897 5.71386606959783 0.0148469951726312 -0.376771564586083 0.734663509460271 0.563996704530459
1702923809000770 -5.00316985258373 -1.39564896594945 5.71997188446295 0.0174406993468947 -0.377863541930435 0.734818611908069 0.562988963728043
1702923809000930 -5.0014816177682 -1.39983214458309 5.71999648810693 0.0117779867979774 -0.377047466198006 0.735390080399871 0.562936867606059
1702923810000010 -5.0007414223118 -1.40158141685886 5.72177161215477 0.0114434338052108 -0.378753238817329 0.735434747462523 0.561739053416143
1702923810000130 -4.99961015021729 -1.40421408627878 5.72405245447476 0.00886216152331972 -0.379967678139132 0.736540496459595 0.559512397304783
1702923810000250 -4.99845399937728 -1.40706518365126 5.7261862837413 0.00687668323456716 -0.381474737226504 0.73766780095664 0.557024192937305
1702923810000460 -4.9963577725938 -1.41201360318819 5.72819319407302 0.00600988750648721 -0.383265072797591 0.739176796341911 0.553795475762782
1702923810000660 -4.99373011469358 -1.41718089686114 5.73080532635632 0.00692171811918518 -0.384658743444147 0.740670045929597 0.550815417334063
1702923810000860 -4.98981752563606 -1.42668535148942 5.73033361426647 0.00306320537100089 -0.385487150436517 0.742349859323803 0.548002700707869
1702923811000020 -4.98600346338525 -1.43453595107808 5.73215156618898 0.00247214476109138 -0.387271371068569 0.744917806067744 0.543242336213011
1702923811000140 -4.98263318759979 -1.44103704687231 5.73395707675242 0.00185750673763719 -0.388832636769857 0.747072376892386 0.539155445057991
1702923811000260 -4.97889366152001 -1.44740285159323 5.73719690620763 -0.00050425698463656 -0.391642253013357 0.748830103221861 0.5346677172677
1702923811000380 -4.97499726936903 -1.45499833063111 5.74031009361882 -0.00143238099977938 -0.392559378534438 0.752353101141669 0.529017857743802
1702923811000460 -4.9724003910892 -1.45976627535129 5.74334601240602 -0.00479091125403726 -0.39361991800858 0.752411632630001 0.52812606676752
1702923811000540 -4.96979419933277 -1.46428202205925 5.74710717963888 -0.00809521540967549 -0.394468266038443 0.753176258485198 0.526359932204507
1702923811000620 -4.96733622015247 -1.46836965982048 5.75166972131819 -0.0125780760653639 -0.39472010672754 0.753585382053499 0.525496813789365
1702923811000700 -4.96530707907556 -1.4720274578079 5.75616504191335 -0.0151283944753092 -0.395397964558149 0.753467874286818 0.52508831992492
1702923811000780 -4.96366324533708 -1.47546198205265 5.7605208179798 -0.0173978932720042 -0.395610074582178 0.753422972382578 0.524922667528256
1702923811000860 -4.96249846075393 -1.47836441529345 5.76513895327424 -0.0198994806640891 -0.395785896256605 0.753364657242206 0.524784935199163
1702923811000940 -4.96136740146071 -1.48145407258627 5.76886594991015 -0.0216134951498231 -0.39531327361153 0.753880043665261 0.524333054744033
1702923812000020 -4.9602145939723 -1.48452411869272 5.7717720513215 -0.0248791939038688 -0.395102886395621 0.753928521472097 0.52427713986349
1702923812000100 -4.95909089271851 -1.48707343045255 5.77485360392495 -0.0252742623126955 -0.396079365790224 0.754608773577514 0.522539899433147
1702923812000220 -4.95772280572492 -1.4899284781343 5.7787170573828 -0.0261474867035568 -0.398005275811589 0.756233395063554 0.518670571322376
1702923812000340 -4.95619429406875 -1.49307313458776 5.78108456397011 -0.0271128500432579 -0.399819961096077 0.758113399015718 0.514463765783847
1702923812000420 -4.9555447432756 -1.49434276186037 5.78289074822659 -0.0277564119140408 -0.400451264756423 0.759199544633237 0.512332331188775
1702923812000540 -4.95475410744687 -1.49649959138763 5.78476529977148 -0.0290793697402774 -0.400618986149428 0.758818919448695 0.512691589241357
1702923812000740 -4.95381830706337 -1.49994135363582 5.78704800567495 -0.0312273175413959 -0.400370918202351 0.758454994704195 0.513297188288846
1702923812000940 -4.95266752146186 -1.50306146776404 5.78903144139021 -0.0327013964337101 -0.400205798945129 0.758022932997995 0.513971954693146
1702923813000060 -4.95218723633126 -1.50450269920585 5.79026133352157 -0.0334096709643577 -0.400262827390713 0.757647454723073 0.51443541601147
1702923813000180 -4.95198729692535 -1.50552689401712 5.79166910362578 -0.034331790846276 -0.400132614089655 0.756885569671462 0.515596211877253
1702923813000300 -4.9517261627751 -1.506317968876 5.79290965216869 -0.0351513394315799 -0.399863188728808 0.756242379035619 0.516692633764352
1702923813000460 -4.95143735878377 -1.50703619370223 5.79444669359524 -0.0362985451794531 -0.3999841820058 0.756281740122949 0.516462001815826
1702923813000700 -4.95129276666919 -1.50850139251132 5.79560147349569 -0.0379963766634834 -0.399502338849853 0.754569074028813 0.5192106211676
1702923813000980 -4.95139066774415 -1.51085162763424 5.79481924483137 -0.0402821843071922 -0.394991910908813 0.748639763123563 0.530939959895976
1702923814000740 -4.95143868279061 -1.51613009788485 5.79266910037401 -0.0407123244569421 -0.394159429306726 0.747482988690072 0.533151041023899
1702923815000340 -4.95048918783814 -1.51948397475092 5.79031953977233 -0.0398609828295119 -0.395696746581541 0.749576989770161 0.529121463559883
1702923815000820 -4.94989546360499 -1.52145379690472 5.78928735047325 -0.0384286968641968 -0.395851831145956 0.749471237958997 0.529261208202454
1702923816000860 -4.94824684937337 -1.52703517013111 5.78911973480518 -0.0407965250893526 -0.395155277495794 0.750325926681662 0.528392802711355
1702923817000700 -4.94842220478553 -1.52722051368469 5.78974558543732 -0.0436775496373278 -0.394137177474216 0.749568972326184 0.529994823291893
1702923818000540 -4.94755911304056 -1.53025432938019 5.79125383549018 -0.0501797238746296 -0.391543137747656 0.750467754247502 0.530069916548088
1702923819000420 -4.94618157637725 -1.53272545288083 5.79273525574616 -0.056270907372009 -0.390383237306665 0.752920297890977 0.526825908661734
1702923820000100 -4.94536924157683 -1.53515851143456 5.79450213509539 -0.0614374146274499 -0.389093059405641 0.75458042372691 0.524824179449051
1702923820000860 -4.94440778689859 -1.53834629704111 5.79713907467504 -0.0673519514924752 -0.388784990060811 0.758118694856893 0.519197448608958
1702923821000140 -4.94392893816533 -1.53980983882882 5.79845426967841 -0.0691773380439233 -0.388311793106659 0.76077877912401 0.515406729166421
1702923821000540 -4.94342874925598 -1.54198167134396 5.80088138530371 -0.0741241450306685 -0.387332064819201 0.762829945814666 0.512415804259354
1702923821000980 -4.9428449864555 -1.54481514315566 5.8042401666967 -0.0789557465559403 -0.386802418888352 0.765466816221341 0.508144105635279
1702923822000260 -4.94221140510481 -1.54626073768657 5.80617796632139 -0.0841858592863477 -0.385230784495693 0.767804999611813 0.50496085624943
1702923822000420 -4.94185352193345 -1.54765263097803 5.80787662782224 -0.0842569196402435 -0.385373196772725 0.768875704757108 0.50320812924293
1702923822000900 -4.94148884340052 -1.55027827044687 5.81167312740836 -0.0922718968227557 -0.384329897035766 0.771247802466584 0.498952156515705
1702923823000180 -4.94110287969721 -1.55215110422388 5.81396232442437 -0.097434059901619 -0.382164825760743 0.772843449792335 0.497161595495299
1702923823000420 -4.94078178891379 -1.55375014279377 5.81620647236999 -0.101091250447054 -0.381497076521501 0.77531149810965 0.493084800604895
1702923823000580 -4.94050319823982 -1.554940467363 5.81777266628949 -0.104816351744255 -0.379839447152586 0.775974749847205 0.492543109172598
1702923823000980 -4.93971879050652 -1.55743006270529 5.82128457528155 -0.112157548889274 -0.376011344649026 0.778012337252263 0.490645448369443
1702923824000300 -4.93964419147625 -1.55899116823585 5.82391249818728 -0.116908563558344 -0.37443290197778 0.780307767520797 0.487085390491167
1702923824000780 -4.93949151142311 -1.56124304970526 5.82776741370726 -0.124720849997687 -0.370931761759381 0.781840568677481 0.485365494101105
1702923825000860 -4.93909885079356 -1.56507078828483 5.83488616485698 -0.136732095720668 -0.366751232633705 0.785195155593484 0.47986084961582
1702923826000420 -4.93911285347327 -1.56646549075458 5.83774142757938 -0.141821854978937 -0.365065242929437 0.786236896739831 0.477959697108579
1702923826000900 -4.93907324823233 -1.56750405484411 5.83974578149031 -0.145827125673009 -0.363738202722461 0.786653721574355 0.477079544343917
1702923827000500 -4.9390089804094 -1.56860115124409 5.84187175083544 -0.150609635136518 -0.361870323108565 0.787166108305502 0.476168168814883
1702923828000020 -4.93896838713027 -1.56952277765416 5.84361043052494 -0.154550167420963 -0.360541824153953 0.787366928587245 0.475580864367965
