1703155552000430 -1.50935457419703e-06 1.47191370769691e-05 2.96927415916179e-06 -3.21827557638124e-06 2.6069402159145e-06 -3.13802633207006e-06 0.9999999999865
1703155556000030 -0.000908272641083191 -0.0245129372783293 0.0394755213785095 0.000249446699330894 0.00035636712039556 -0.000546372567715084 0.999999756127889
1703155556000430 -0.00228200925027761 -0.0487610897125883 0.0813429271880226 -0.000212933777347241 0.000892575003779852 -0.00151804438241348 0.999998426753923
1703155556000750 -0.0026000772136917 -0.0759345018396924 0.125324409360019 -0.000467694485457976 0.000676111303909054 -0.00130184797454832 0.99999881466291
1703155556000990 -0.00255295446595958 -0.100126244285956 0.16544963604326 -0.000691546104931682 0.000696420815884024 -0.000906837607420633 0.999999107203394
1703155557000190 -0.00328868314751795 -0.124107955752896 0.204275781290602 -0.000594136707129408 0.000729825085576526 -0.000921943326169848 0.999999132188334
1703155557000390 -0.00353200352470688 -0.150696436588843 0.248177282547842 -0.000561380296833686 0.000969293469303341 -0.000841381191124505 0.99999901869953
1703155557000590 -0.00385593592348783 -0.179265066948135 0.296785964299643 -0.00105880315329283 0.00118248424276481 -0.00100588952318986 0.999998234425024
1703155557000830 -0.0049476365633063 -0.2171466725723 0.358290291870421 -0.000823557090326858 0.00197051432962443 -0.00183194772818603 0.999996041389423
1703155558000030 -0.00568729279431287 -0.249548515891702 0.412404326167771 -0.00081735581627124 0.00200140332495237 -0.00163195228722454 0.999996331516237
1703155558000310 -0.00360715997858204 -0.296547728085122 0.489932666546334 -0.00102956530916646 0.00132872526158075 0.000410458344251795 0.99999850300308
1703155558000590 -0.0067718968126439 -0.346511950933589 0.569139832869621 -0.000462884378776686 0.00277900599675451 -0.00193330875411823 0.999994162573454
1703155558000830 -0.004962506850404 -0.389827303880936 0.640119910214284 -0.00011240010420843 0.00242113747256579 -2.63931210617099e-05 0.999997062377165
1703155559000070 -0.00575265928623527 -0.43509990441123 0.710768469922166 0.000440274861018616 0.00374667821139822 -0.00192848599014738 0.999991024710828
1703155559000270 -0.00422489706442077 -0.470977717340262 0.771900753772972 0.000106316072902456 0.00354455859204377 -0.000258852749927256 0.999993678878289
1703155559000430 -0.00362496753487436 -0.501192463882617 0.820521695334878 0.000594088737317345 0.00335993156021662 0.00106684480833397 0.999993609859902
1703155559000630 -0.00503964540119146 -0.540085229764009 0.880675815547545 0.00125491259503336 0.0047326468367177 -0.000714922638102916 0.999987757992026
1703155559000870 -0.00509207089953197 -0.585587205431281 0.953673943578788 0.00116744397787964 0.00529123336719956 -0.000553042980417401 0.999985166923727
1703155560000110 -0.00351989686185643 -0.630330093649796 1.0291668745254 0.00115512607191154 0.00472920651801767 0.000838622159867171 0.999987798426731
1703155560000350 -0.00308783215319965 -0.67681082008838 1.1042874825275 0.00151612774805548 0.006208202071809 -0.000389185650489634 0.999979503849062
1703155560000550 -0.0019512387337489 -0.715083794982836 1.16745060332361 0.00129771099419985 0.00620024920005972 0.00085138619098541 0.999979573790178
1703155560000750 -0.00100549224195433 -0.754600176165634 1.23013486020208 0.000741443599764887 0.00683186452531017 0.000107622993932891 0.999976381873986
1703155561000030 -0.00177073064380641 -0.809455213560511 1.31937640308082 0.00137231369216067 0.00817479463203359 -0.00161675802387319 0.999964337154754
1703155561000230 0.000721706136969397 -0.847387576826017 1.38417625957529 0.00108161419202751 0.00702029365025221 0.00197344363172516 0.999972825184783
1703155561000430 0.00162191118313372 -0.886382478770587 1.44736141625783 0.000533937981051203 0.00788103254250797 0.00151740251992134 0.999967650339694
1703155561000590 0.0017988525609858 -0.918444174551464 1.49726052539659 0.000308639630147523 0.00875252367877842 0.000888021860556641 0.999961253993377
1703155561000790 0.00337960995311491 -0.955567207194972 1.56246086785661 0.000213295902817623 0.00813846851252826 0.00266560443695653 0.999963306520851
1703155561000910 0.0053380792537814 -0.979120641521554 1.60137804794342 -8.14589361037173e-05 0.00843223137803815 0.00318672318047962 0.999959366991379
1703155562000070 0.00549966159557051 -1.0105640788124 1.65416847137874 -0.000613632047601592 0.00887622748753276 0.00250350320251294 0.999957283344151
1703155562000230 0.00658619286567487 -1.04288141996249 1.70739431830793 -0.000773016457092684 0.00884667699279236 0.00277413398399306 0.999956720529634
1703155562000390 0.00859254917527189 -1.076978237528 1.75986521734453 -0.000505286554312399 0.00893449131538798 0.00350268329621946 0.999953824313983
1703155562000590 0.00780715008982058 -1.11788078256221 1.82749751226225 -0.000793029955342122 0.0100513724126766 0.00225305006854327 0.999946630966623
1703155562000790 0.00844419287072121 -1.15950939632382 1.89569812225459 -0.00135835592532228 0.0102905969258252 0.00200413714238222 0.999944119397882
1703155562000990 0.0118031812812668 -1.20236864719237 1.96533701499741 -0.000735897217962588 0.00939388994916306 0.00491936676359833 0.999943504962932
1703155563000150 0.0125794812378738 -1.23499103604211 2.02249770303897 -0.00189780510080892 0.00942289581020064 0.00441558387237134 0.999944053429698
1703155563000270 0.0145731547857594 -1.26134885753094 2.0652768751458 -0.00246370434700868 0.0106148565226041 0.00305227102865062 0.999935967261636
1703155563000470 0.0131631741133901 -1.30607856760149 2.13828212525376 -0.00169920711911939 0.0110094174114914 0.0027880950200968 0.999934063801001
1703155563000630 0.0143777867621354 -1.34293968693872 2.19778089109556 -0.00153902501118365 0.0112177873900574 0.00346939871766559 0.99992987550159
1703155563000870 0.0148900932322084 -1.40044429732175 2.28933424288353 -0.00134204811098126 0.0121562932000968 0.00274778443732918 0.999921433475244
1703155564000070 0.0171338808362226 -1.44771441681736 2.36830778068552 -0.00222579795904812 0.0119479865813052 0.00311484218586417 0.999921291501614
1703155564000270 0.020782704216585 -1.49561733408255 2.44998731451343 -0.0031570499524063 0.0126526632205767 0.00274239240105561 0.999911207274398
1703155564000430 0.0220840418317822 -1.5363365770866 2.51487499524559 -0.00313847642150235 0.0128337108451455 0.0016834412363498 0.999911301994981
1703155564000630 0.0238659044125375 -1.5870922661425 2.59496857679076 -0.00223434933599568 0.0129808306233644 0.00349438328775399 0.999907143191212
1703155564000750 0.0251189647170305 -1.61740418768326 2.64436479180437 -0.00185872328124631 0.0129491850189762 0.00356605334773533 0.999908069283686
1703155564000870 0.0257047298430154 -1.64775634466727 2.69331135141898 -0.00191152568835832 0.0139451337411877 0.00230582448273453 0.99989827607009
1703155564000990 0.0255556511795619 -1.67800443723502 2.74197469586406 -0.00195585383829275 0.0142960171471788 0.00126488950673722 0.999895093789357
1703155565000110 0.0271129748895884 -1.7085105557603 2.79121311699574 -0.00157307924444987 0.0143549739280509 0.00142185909609082 0.99989471368836
1703155565000230 0.0284383613977664 -1.73801690437613 2.84039674646651 -0.00215452279165895 0.0145387878083419 0.00161384033924305 0.999890682624838
1703155565000310 0.029002386683721 -1.75805650261464 2.873305806824 -0.00253170851650202 0.0143274052175531 0.00151647239849165 0.999893002387348
1703155565000390 0.0301991572217846 -1.77872724525762 2.9067728512973 -0.00227271690017057 0.0143511629021015 0.00177052631053157 0.999892866320104
1703155565000510 0.0321078913567901 -1.81032680411552 2.95680793199912 -0.00116274534329454 0.0146296086367054 0.00239799907655487 0.999889429974551
1703155565000590 0.0324330070916974 -1.83201518475131 2.98995597432774 -0.000552755899710805 0.0148228815467892 0.00225115468048128 0.999887448139124
1703155565000670 0.0333976024090339 -1.85339253795375 3.02331265617746 5.46992905412009e-05 0.0149555305854022 0.00220117725802308 0.999885735437593
1703155565000750 0.0341709167279032 -1.87427751035769 3.05651011731845 0.000204966366868854 0.0156660714077083 0.000876901661596808 0.999876874039455
1703155565000830 0.034447336371382 -1.8951347971583 3.09002834651434 0.000251356115804506 0.0160594411731381 0.000105269119100665 0.999871001723583
1703155565000910 0.0348811451971072 -1.9153504776263 3.12325410040199 -1.34728726912127e-05 0.0159704003401047 -6.98376580648443e-05 0.999872462494172
1703155565000990 0.0354891532459444 -1.93621221613551 3.15632252145029 0.000120235570260453 0.0153337786678831 0.000591337804712625 0.999882248614692
1703155566000110 0.0374022072802528 -1.96690318271639 3.2059007614798 0.000344232405938984 0.0147355555379127 0.00210959840048375 0.999889141105967
1703155566000190 0.038579188104652 -1.98736800797613 3.23965582423494 0.00049751700384444 0.0149692358182324 0.00241050829952003 0.999884925331704
1703155566000310 0.0386995751431805 -2.01792329383703 3.29024871515144 0.000452023141531569 0.0150932852224161 0.00194925225601368 0.999884087698128
1703155566000430 0.0389247320064954 -2.04887431185085 3.34098355318395 0.000345328032767139 0.0153059572063396 0.000782838216796281 0.999882490889241
1703155566000550 0.0394013164561912 -2.08040886312075 3.39157319154169 0.00069757203608763 0.0157145730152894 0.000708527447957576 0.999876024103517
1703155566000630 0.0392994779085626 -2.10142820210826 3.42496422577526 0.00104819607629808 0.0154639932148247 0.000570102231515979 0.999879713356703
1703155566000750 0.0399959562595784 -2.13284605601048 3.47544148558952 0.00126309628660795 0.0151657841856453 0.000886222466675929 0.999883802342825
1703155566000870 0.0404337910644087 -2.16332702459905 3.52540121645808 0.00109108017459798 0.0151648540535603 0.00107322621752924 0.999883835718466
1703155567000030 0.0412667315309869 -2.20363009776366 3.59409917617395 -5.85392954376116e-06 0.0146987748279991 0.00147557724602298 0.999890878374274
1703155567000190 0.04201679580132 -2.24544697669775 3.66131795029352 -0.000521965021693585 0.0149696386768936 0.00104506884796563 0.999887266296307
1703155567000310 0.0433334966485701 -2.27780169716787 3.71254072745746 0.000142469990554916 0.0147893456806933 0.000525333179991818 0.999890483493912
1703155567000510 0.045029183750172 -2.32991815986045 3.79765251116469 -0.000284677494693916 0.014180848453933 0.00157228520351707 0.999898170022873
1703155567000630 0.0465918213389911 -2.36232916459951 3.84933186517125 -0.000109680568330717 0.0138686502847835 0.00223887612924872 0.999901313102013
1703155567000790 0.0469938685335018 -2.40516225858325 3.91778339192904 0.000410969159747942 0.0143506933804305 0.00151459569038036 0.999895791922211
1703155567000870 0.0464043782886898 -2.42611296539126 3.95209560613546 0.000217214205800708 0.0147067373581103 0.000920807007404527 0.999891402507654
1703155567000950 0.0461855577405793 -2.44735043271941 3.98782635990295 -1.51129155917845e-05 0.0147828449286631 0.000555361285806673 0.999890573433542
1703155568000070 0.0464102768139343 -2.48020377392612 4.04128942282461 -7.09969366549371e-05 0.0145298738170197 0.00110859547523912 0.999893818733954
1703155568000190 0.0470379264195162 -2.51438312606745 4.09576003553322 0.000404765925751575 0.014727688415056 0.000829763132714811 0.999891115497902
1703155568000310 0.0472013795496718 -2.54867798836153 4.15059564416687 0.000641095343267019 0.0142535479755462 0.000908588611714152 0.99989779469384
1703155568000430 0.0478423296634096 -2.58249765311064 4.20645190019406 0.000408629059114819 0.0142406578338152 0.000693902027051515 0.999898272419114
1703155568000550 0.0497901334503231 -2.61749212212258 4.26395248710698 0.000142078647284448 0.0142612661598837 0.000845948085983185 0.999897935027876
1703155568000670 0.0500910477604477 -2.65200594553125 4.32227979701003 -0.000147651157964208 0.0138113363310695 0.00144272918554424 0.99990356721055
1703155568000790 0.0507064259397257 -2.68819102844576 4.38145591775427 -0.00013787693050229 0.0137317312335298 0.00137161607829885 0.999904765073462
1703155568000910 0.0507128604184313 -2.72533692979846 4.44129594820908 -3.09741292824504e-05 0.0136948659459994 0.00117905180596088 0.999905525299347
1703155568000990 0.0515740111217583 -2.75017264715538 4.4808999425544 0.000252866741540644 0.0137849475021752 0.000868036717631889 0.999904574343487
1703155569000110 0.053596301222865 -2.78870150512951 4.54073708231213 0.000549697322273424 0.013476983959935 0.000888656995549073 0.99990863533872
1703155569000230 0.0554779587220652 -2.8255008187061 4.60149758340438 0.000505790845929509 0.0132169093627146 0.00165790469179624 0.999911150470156
1703155569000350 0.0564433990071962 -2.861622616405 4.66373421293425 -0.000385248388817417 0.0128425578195211 0.00192881322061919 0.999915596423964
1703155569000430 0.0573462665087151 -2.88613794487729 4.70497857342128 -0.000790124854109534 0.0125778456493079 0.00193807229504785 0.999918705384251
1703155569000550 0.0586878706114349 -2.92424330268344 4.76797149610283 -0.00118854321675056 0.0133451572075562 0.000930715025135892 0.999909809889707
1703155569000670 0.05886525391958 -2.96343017215653 4.83159218865846 -0.00112320908698953 0.0134600059696224 5.94971783422015e-05 0.999908777389583
1703155569000750 0.0595229850231807 -2.98965907135753 4.87404254451041 -0.000634861905024606 0.0130650247299658 0.000201297289030219 0.999914427117925
1703155569000870 0.061683489571113 -3.03038805331998 4.93819423086974 -0.000354311897776144 0.0125867613933969 0.00149696777281411 0.999919600262037
1703155569000990 0.0623812583915382 -3.07035858226262 5.00419903777787 -0.00027599181363621 0.0123365613621085 0.00168533414315132 0.999922443358035
1703155570000110 0.0629771144743571 -3.11062766660125 5.06839508075849 -0.00084843376961886 0.0124579435281944 0.000603768412962695 0.999921854580092
1703155570000230 0.063617383399536 -3.15298119450813 5.1357389245695 -0.000317130047897797 0.0126424102519528 3.46201412172193e-05 0.999920030648951
1703155570000350 0.0640245804932247 -3.19618508476395 5.20317243502848 0.00101406841078792 0.0113447498663389 0.00108619428573269 0.999934542106483
1703155570000470 0.0650525272467524 -3.23847669029349 5.27085776261229 0.00175602825687175 0.0113397542980563 0.00130748673117302 0.999933306183802
1703155570000550 0.064802419699753 -3.26642197830814 5.31681515260413 0.00173385143812997 0.0113847271346761 0.000852759296529383 0.999933325051646
1703155570000630 0.065021098115759 -3.29390448549036 5.36213874105375 0.00164856235071433 0.0113394981409726 0.000388347137876925 0.999934271445172
1703155570000710 0.0651671454176172 -3.32156369948629 5.40783945668152 0.00112441984652711 0.0115595840775843 -3.52240757190611e-05 0.999932552953061
1703155570000790 0.0651010629086203 -3.34896644500488 5.45408147134107 0.00072382212444402 0.0110678020027055 0.000563148794821386 0.99993832945027
1703155570000910 0.0656278521774728 -3.39029097346408 5.52289638807596 6.89506227821619e-06 0.0101404705813041 0.00144108237037341 0.999947545669496
1703155571000030 0.0672760125788615 -3.43237020010881 5.59144400595313 -0.000429491428725099 0.0100564293142726 0.00239667084594404 0.999946468434894
1703155571000150 0.0670139947478053 -3.47398912538086 5.66040812927702 -0.000987482428135657 0.0101614699025909 0.00209320223727211 0.99994569248148
1703155571000230 0.0669352822705463 -3.50155165011526 5.70573472805202 -0.00147721215870561 0.0102520350214559 0.00092782802468195 0.9999459249166
1703155571000350 0.0666501612279896 -3.54412536860395 5.77397197255641 -0.00142736686419528 0.0107088493962872 -0.00014429404472327 0.999941629470276
1703155571000430 0.066679201596819 -3.57211988141353 5.81895204678112 -0.00138647484643558 0.0112101496331818 -0.000367796461140785 0.999936135439892
1703155571000550 0.0653680489975438 -3.61532455561931 5.89069429218052 -0.00133075479448684 0.0106201749349098 -0.000988107083799112 0.999942230641561
1703155571000670 0.0659796889510429 -3.65909091426392 5.9608579719802 -0.000988456054820601 0.0103329701181819 -0.000900612241893869 0.999945719317181
1703155571000790 0.0680481653344649 -3.70305328000844 6.03051561379408 -0.000491781178631299 0.00955670297492488 0.000204967979224345 0.999954191734626
1703155571000910 0.0702295011471049 -3.74743128777149 6.09931705888995 0.00040784034558798 0.00899807229292582 0.000858097947970464 0.999959065176758
1703155572000030 0.0712650415332738 -3.79028805630762 6.1680806787388 0.000405727076948462 0.00863590475971819 0.00109142745181034 0.999962031939532
1703155572000110 0.0713438140193859 -3.8177849923507 6.21424236069088 0.000241602769593085 0.00864521702191267 0.000605868169143516 0.999962416681001
1703155572000190 0.0711283039496138 -3.84513229456156 6.26091375442604 7.11789043352182e-05 0.00920389819355378 -0.00028787629810766 0.99995759926051
1703155572000270 0.0716288324915234 -3.872994785123 6.30789974430774 -0.000672350850178107 0.0102537143024851 -0.00134760867962134 0.999946295176988
1703155572000350 0.0713276788968236 -3.90142867419911 6.35493837151528 -0.000848194503925997 0.0105828386484296 -0.00168099578032774 0.999942227503875
1703155572000430 0.0733123160931699 -3.93020326363633 6.40174231120805 -0.000768241071706304 0.0104635122470723 -0.00140799421334911 0.999943969564998
1703155572000510 0.0727420597190347 -3.95572450943891 6.4424341275992 -0.000810249703722867 0.0116002431564572 -0.00103531503896885 0.999931850666284
1703155572000590 0.0750842909418194 -3.98813822952284 6.49446003283795 -0.000227980302245151 0.010853080829831 -0.000671745056473919 0.999940851960786
1703155572000710 0.0788331443586671 -4.03202282649155 6.56244491149959 0.000129444937371048 0.0117801533343883 -0.00125755295570057 0.999929812432848
1703155572000830 0.0820231464011829 -4.07489361217002 6.63241652045386 -0.000363809853564417 0.0120015938168747 -0.000809412904568409 0.999927584497495
1703155572000950 0.0839260290116357 -4.11884719231861 6.70174393254941 -0.000416638790422673 0.0124243811778479 0.000286787122867772 0.999922686470115
1703155573000110 0.0854067720346646 -4.17842186644867 6.79451629825225 0.00142154865944824 0.0138597945373871 0.00146995580516516 0.99990185744638
1703155573000230 0.08918214322946 -4.22061985933216 6.86403091124216 0.00190913874546544 0.0153101149080379 0.00181439744768224 0.999879324485038
1703155573000430 0.101585632544548 -4.29101305653766 6.98168855795145 0.00113309560807632 0.0180853790186736 0.00304170398774416 0.999831177347928
1703155573000630 0.114343757102747 -4.36421639283649 7.10178243483574 0.000351249021642633 0.0222477200998641 0.00342420242495789 0.999746563090985
1703155573000830 0.129126954331762 -4.43572328682691 7.22099917774344 -0.00120142344071768 0.0263827023417895 0.0068534919418921 0.999627700320006
1703155574000030 0.149053529528524 -4.50812218118291 7.33995853396513 -0.00233210143686872 0.0302268469382966 0.012177264167224 0.999466164141868
1703155574000150 0.167070944721901 -4.55061552463802 7.41141062645531 -0.0022307058875405 0.0345840746090908 0.0142085653450924 0.999298295007807
1703155574000270 0.184990267066249 -4.59205180619898 7.47827452621465 -0.00198512991666831 0.0396352889672556 0.0162494175799816 0.99908010667614
1703155574000510 0.230742278273375 -4.67945773590584 7.6258559705224 -0.00232993970908512 0.0503586593081399 0.0234192278744466 0.998453863019921
1703155574000710 0.279922450888217 -4.74961118451616 7.74148699563836 -0.00208125801925188 0.0625860069545381 0.0316482238358731 0.997535488103846
1703155574000870 0.32857842412837 -4.80278976208166 7.83178435244848 -0.002376514587901 0.074545028831273 0.0400272908412674 0.996411163547893
1703155574000990 0.367670051688506 -4.84049909217098 7.89954524221335 -0.00255424715791852 0.0845479222935084 0.0456456500059646 0.995370081574105
1703155575000110 0.409877727777664 -4.88025316558615 7.96689274126193 -0.00239007744865549 0.0940785543112556 0.051693072151205 0.994218959505432
1703155575000230 0.453353115449454 -4.91438155538811 8.02569317966005 -0.00280786838723442 0.104504383549978 0.0587655925561333 0.992782732940841
1703155575000350 0.507386712237671 -4.95508713915511 8.09018402571072 -0.00236255099557726 0.113651625375125 0.0671961910972412 0.991242855361091
1703155575000470 0.561810815416935 -4.99129560768964 8.14972435916036 -0.00201041441151127 0.123951979911982 0.0749432239941908 0.989452059519384
1703155575000590 0.616953403607615 -5.02906549182773 8.20591600018809 -0.00179315264155508 0.135221217864277 0.0813347331126758 0.987469831454306
1703155575000750 0.697207453562957 -5.07617861931471 8.27974463245384 -0.00119287704554005 0.151441084658943 0.0900083722596788 0.984359013696141
1703155575000950 0.795407424791127 -5.1324087215763 8.37458977767631 -0.00108898171743382 0.170652985658129 0.10183319308449 0.980054270635562
1703155576000150 0.909061672934627 -5.18527351382013 8.46242106980201 -0.00183602207567677 0.189698008312052 0.114674263478105 0.975121073488381
1703155576000350 1.01432914541752 -5.23882828351332 8.54421218378559 -0.0013498296166706 0.207573908296056 0.126761456900461 0.969970506561503
1703155576000510 1.10330627848045 -5.2805527255892 8.61033012008998 0.000376490753140139 0.222313418577275 0.138521375584666 0.965084675394512
1703155576000670 1.18707424233755 -5.3175841046505 8.67377454462502 0.000380446791130291 0.235779474581369 0.148836954138259 0.960341322504253
1703155576000790 1.2502274793649 -5.34404405263415 8.72167929652589 -0.00112462432021679 0.245916300169307 0.155981075650346 0.956657625574656
1703155576000870 1.28514253548362 -5.36217291186137 8.74873043069515 -0.0012936126890291 0.253188829312928 0.159048868825145 0.954252168246319
1703155576000990 1.33939289587897 -5.39284956931992 8.79233064381154 -0.000503298678195765 0.263359661154909 0.162899592540601 0.95084444485779
1703155577000110 1.39457471284311 -5.41969590643642 8.83244923062794 -0.000765470838881217 0.271643091317247 0.167731489863046 0.947668503382025
1703155577000230 1.45300652446337 -5.44255093414462 8.87340328068154 -0.00086338296988429 0.278879993751389 0.175201178671663 0.944208531335707
1703155577000350 1.51550306129308 -5.4673620329466 8.91274616057891 -0.00122413732147501 0.287127135675386 0.182762542863565 0.940294827366774
1703155577000430 1.56159919075919 -5.48308149233165 8.93867070967895 -0.000315896948399771 0.29312553843559 0.186755312503288 0.937656532093582
1703155577000510 1.60866915946898 -5.49965423360384 8.96695480357318 -0.000132869019301888 0.300540062536622 0.189597400323983 0.934734443008652
1703155577000590 1.65135112000022 -5.51708385903135 8.99489314495968 -0.000490163263132792 0.30768579639357 0.192001244776089 0.931914552114121
1703155577000710 1.71583974730351 -5.53944642087549 9.03430366375022 -0.00106712988913479 0.316574086888659 0.196735987495626 0.927941086475069
1703155577000790 1.76204888379424 -5.55143780342021 9.0575082230197 -0.00195401270831655 0.322283707324567 0.200922908512268 0.925072634263083
1703155577000910 1.83121059841147 -5.57128003042676 9.09280538791018 -0.00299193279538995 0.330484601766626 0.206870469857374 0.920855898083023
1703155577000990 1.87403271301327 -5.58533510425036 9.11621929374176 -0.00309872243700272 0.335559496394111 0.211040812687642 0.918069712864513
1703155578000070 1.9169843448557 -5.60014009135721 9.13770371748477 -0.00271908724709085 0.340252568806716 0.215042896508707 0.915411027159996
1703155578000150 1.95976972086886 -5.61323857232517 9.15964818133329 -0.00173845072858391 0.344945046166654 0.219403032245973 0.91261832238643
1703155578000230 2.00365428726427 -5.6264061195897 9.181495884691 -0.00094745022345679 0.349727009395442 0.223029622080008 0.909916429630899
1703155578000310 2.04410649400355 -5.63976934260426 9.20292552848324 -0.00116092615172164 0.354658989924652 0.225067770981045 0.907502149629256
1703155578000390 2.08154905242599 -5.6524764359797 9.22234546599234 -0.00127722897916811 0.359189254443784 0.226706805965202 0.905309600251378
1703155578000470 2.12160585551514 -5.66510194682569 9.24173622619385 -0.000784238599807366 0.363781091619948 0.227618687772584 0.903245501138148
1703155578000550 2.16291653194659 -5.67832709893804 9.2629517834287 -0.000466864311603499 0.367481962868063 0.229164095097025 0.901354872690391
1703155578000630 2.20288777863404 -5.6905759712173 9.28451975095336 -0.000233789063635092 0.370438115450064 0.231412461314009 0.899568685934026
1703155578000750 2.26264391018452 -5.71051533894345 9.31620023219217 0.000796272795366242 0.374027183505947 0.234629750588466 0.897246851255014
1703155578000830 2.30396455720192 -5.72459379037699 9.33705002630933 0.000913907246213622 0.376879710224163 0.235939737599527 0.895708261107579
1703155578000910 2.34479616868882 -5.73811439396726 9.35950182396974 0.000913574425059807 0.379111964286372 0.23730169795417 0.894405494205378
1703155578000990 2.38232685441059 -5.75148395409729 9.38078003469008 0.00112166018441417 0.381041918673125 0.23829498640234 0.893320377886816
1703155579000070 2.42268896220337 -5.76457603759957 9.40241719731995 0.00170708465248094 0.382496805739362 0.239727655945336 0.892313807153138
1703155579000150 2.46142364324252 -5.7777532822825 9.42369222959407 0.00246677628507197 0.384461510337697 0.240797565192435 0.891178879171298
1703155579000230 2.50234650923998 -5.79091898591559 9.4445115319081 0.00229543913284078 0.386563567111281 0.241406914661432 0.89010451133282
1703155579000310 2.54050875023855 -5.80340584801552 9.46542174013241 0.00188181763111739 0.388122899476052 0.242531365051059 0.889120695199013
1703155579000390 2.5788496152713 -5.81604365781491 9.4869873273828 0.00143033881317445 0.389290488004067 0.243887227236986 0.888239770822659
1703155579000470 2.61779095149994 -5.8287453515266 9.50925110157819 0.00144180639044766 0.390669938324662 0.245483895811182 0.887193652694327
1703155579000590 2.67644217251679 -5.84864731188618 9.54101654345334 0.00263159839824873 0.392887173052377 0.247851253547103 0.885552087714727
1703155579000710 2.73289992026076 -5.86813562308569 9.56968325541967 0.00236849140607743 0.396033633734865 0.247633042510298 0.884211302492968
1703155579000830 2.78804290023405 -5.88723905113369 9.5989742691137 0.00182408205089911 0.3989309982192 0.248465380851656 0.882675300381032
1703155579000950 2.84518436719688 -5.90531501565051 9.62915319148411 0.00118602464697609 0.401363931400584 0.250201710558745 0.881081546708182
1703155580000070 2.90783243466996 -5.92471522887612 9.66030717386977 0.00147310765788545 0.404717637879333 0.252415394119215 0.878912926492063
1703155580000190 2.96801904405456 -5.94318406662652 9.68786389755663 0.00247102608360211 0.408558979550048 0.255199868997827 0.876325556584201
1703155580000350 3.0490670753871 -5.96642545340129 9.71933020656279 0.00527571507980356 0.414069594010627 0.259222084837131 0.872537935495622
1703155580000470 3.11188958453557 -5.97898258504325 9.73922180473565 0.00660766262270312 0.419302107294064 0.263095537511564 0.868862946473679
1703155580000590 3.17271264097927 -5.99138890206677 9.76081398116781 0.00632717987436588 0.424031713890345 0.2653015815184 0.86589384063746
1703155580000630 3.19058070326809 -5.99408343799111 9.76593009327492 0.00580544672151609 0.426958553844916 0.266332113440898 0.864141131666076
1703155580000750 3.25440375992453 -6.0045501280562 9.78447765734234 0.00445421818563416 0.433430853332505 0.268612075782809 0.860212420314577
1703155580000830 3.29547991282745 -6.01379402180435 9.79584314062328 0.00479692679883319 0.43858570652694 0.271771516359281 0.856597811355673
1703155580000950 3.36009564210545 -6.02248411763464 9.80864402886301 0.00567138543707164 0.44659240406954 0.276808225476184 0.850823287365443
1703155581000110 3.44666821365233 -6.03117811203435 9.82228553321751 0.00561702086411028 0.458374374245709 0.28352372041258 0.842303794408452
1703155581000270 3.53553054109728 -6.03555260041928 9.83157663548594 0.00433196558424886 0.470254526792319 0.290669064800841 0.833278710200443
1703155581000430 3.62370001852174 -6.03696701868702 9.8363343184861 0.0051343302539459 0.482068467546158 0.299567449648561 0.8233121973842
1703155581000550 3.69029628893289 -6.03778946488153 9.83616484814969 0.00573482479444481 0.492181727823289 0.304489040099347 0.815481871681301
1703155581000710 3.77952881459538 -6.03623813128958 9.83500090405538 0.00551872380587367 0.504747146420694 0.312192786996829 0.804820182161751
1703155581000870 3.870774795231 -6.03177799155728 9.8274197949991 0.00675515774642994 0.516852779589954 0.32028435534963 0.793873732902299
1703155582000070 3.98319273123911 -6.02498482204098 9.81952173932861 0.00713233587179243 0.531949399572278 0.329573280347661 0.779974627126156
1703155582000270 4.08927339223547 -6.01461201052364 9.80930762257615 0.00563625802045269 0.546544786782723 0.338234395530581 0.766064306906553
1703155582000430 4.16086667227531 -6.01134849413441 9.8010929097839 0.00655466492698416 0.557804241638115 0.344594134071385 0.755027381716593
1703155582000590 4.22751366201128 -6.00497728798322 9.78915111761875 0.00722010168881694 0.568121908132228 0.350941624714338 0.744328787347809
1703155582000790 4.31696336965183 -5.99738642088243 9.77592992800375 0.0083138787497365 0.577590113610456 0.359992883881918 0.732615631579053
1703155582000990 4.3951502782933 -5.99652437740982 9.76978131200256 0.00932948023976779 0.586514271626578 0.367699118461246 0.721603303941732
1703155583000350 4.50795468979422 -5.99750587907091 9.75669933465884 0.00835459216185883 0.60378654980304 0.374014245489088 0.703907200728888
1703155583000750 4.63774880556498 -5.98212618581416 9.7275459884457 0.00935295601771598 0.619972494864543 0.385796341658756 0.683160164667031
1703155584000110 4.7623215562177 -5.96305590773837 9.69403024611393 0.0122384530094157 0.635731889914607 0.397821696015886 0.661387241026452
1703155584000350 4.83827572379411 -5.94462520625803 9.66634493903675 0.0161708876958445 0.646559279438272 0.405556784273462 0.645928243145599
1703155584000590 4.91473146539645 -5.9347572756726 9.63588953929438 0.0160938460103792 0.658960534102389 0.410142851087644 0.630313290608557
1703155584000710 4.95225204085904 -5.92962176538001 9.62135549905216 0.0156235117342649 0.66440112840947 0.412799457607589 0.622835174222035
1703155584000910 5.01416685800583 -5.91088900755462 9.59299852414646 0.0148299339423744 0.674030725396215 0.417017158482052 0.609556678097019
1703155585000110 5.07211343149651 -5.89129737063043 9.56270595504016 0.0151437806054757 0.684624906575615 0.421582100422893 0.59441394314764
1703155585000390 5.14627093550572 -5.84517335083252 9.51406751933007 0.0212775287421893 0.700444889302129 0.429688948939621 0.569466092915389
1703155585000590 5.19749922992611 -5.80146727188594 9.46799524816471 0.0214266261613752 0.7149514808305 0.433596670588817 0.548068615233447
1703155585000790 5.24680883831404 -5.73965600011107 9.42702220536397 0.0242755441758431 0.729888422582198 0.437551639830396 0.524616194009649
1703155585000990 5.2943174763882 -5.68201466739986 9.38336205899758 0.0314305379995703 0.744260524881703 0.442724181785559 0.499082850082206
1703155586000150 5.324443602978 -5.64155938429626 9.34342184873026 0.033188215090652 0.756370331188964 0.444970968248203 0.478333881188079
1703155586000230 5.33975434160753 -5.62018145798339 9.32450655229111 0.0342270870129061 0.762178158113485 0.446494563543681 0.467499269021124
1703155586000430 5.37316211765742 -5.56713971605183 9.27072975219354 0.0378071497728808 0.775556346701537 0.450617434472763 0.440484846806563
1703155586000630 5.40096365611214 -5.51466720030834 9.21574481377932 0.0410088328515848 0.788437833145973 0.45439162247665 0.412567948725141
1703155586000830 5.42619011326063 -5.46528875292621 9.15569223242581 0.0452579296633413 0.800500095224467 0.458967154231595 0.382753796434156
1703155587000030 5.45238165204232 -5.41941201793394 9.09852760680394 0.049626995100331 0.811845412646804 0.462526690551977 0.352864347658824
1703155587000270 5.48156305564321 -5.37028097078864 9.01906936417854 0.0526881364204734 0.822265484891508 0.470115337820898 0.316377941364777
1703155587000510 5.5048258906219 -5.32004982102841 8.94151192030746 0.0553428773871266 0.832210694135574 0.476579185280559 0.277911508660973
1703155587000710 5.52086932211059 -5.28479530819483 8.87793839572701 0.0588466396884527 0.839429132257352 0.481058363416969 0.245924085647654
1703155587000950 5.52661618939821 -5.24234989650934 8.80302759908477 0.0580702065601123 0.846369597741223 0.486107674670438 0.209727641849914
1703155588000190 5.53728638976742 -5.20459025263726 8.73280025708797 0.0551258963330335 0.851989947143035 0.490527937466799 0.174518217058438
1703155588000430 5.54403043667913 -5.16681685719464 8.66560341253476 0.0591481150302973 0.85537846935312 0.494998543995135 0.140732427315713
1703155588000630 5.54931854482445 -5.13878811499466 8.61453135665048 0.0617344628906005 0.857370886443111 0.497849566249494 0.115107899627067
1703155588000790 5.55653805907382 -5.11807454632835 8.57646598046876 0.0608681948659573 0.858755090072499 0.499771995791953 0.095198268631645
1703155588000950 5.55980865753685 -5.09718191822203 8.53940992157605 0.0595309412858008 0.860146885364824 0.500724826780551 0.076668445089272
1703155589000110 5.56115899155061 -5.07682950982261 8.5035232995566 0.0612378979794681 0.860622963728424 0.50188741253365 0.0607211601885048
1703155589000270 5.56031869570756 -5.05712324440368 8.46725154383068 0.0639381466761352 0.860622747647416 0.503190278465676 0.0451657313576262
1703155589000430 5.55790936143853 -5.03753848091019 8.42979232528249 0.0645516618551935 0.860977454034278 0.50349678421216 0.0322783965586871
1703155589000630 5.55391305551639 -5.01237658199528 8.38376219002073 0.0633821740825846 0.861477094850049 0.503521507346595 0.0174930470958228
1703155589000790 5.55007089875718 -4.99175273616328 8.34719467445973 0.0636894966419855 0.861409911537657 0.503860342367638 0.00643177357676557
1703155589000990 5.54523414882131 -4.96630667578949 8.30343064812178 0.0644158211257062 0.861162258584099 0.504202097258107 -0.00551466223452925
1703155590000150 5.53956466138158 -4.94617947447736 8.26944536950665 0.0653679025795654 0.860414786120471 0.505174633256146 -0.0145610113704859
1703155590000270 5.5342534360069 -4.93082342058897 8.24370854931282 0.0659810467851115 0.859781724835096 0.505936629338782 -0.0212135380839944
1703155590000430 5.5280220509485 -4.91061623487431 8.20832777841238 0.0641809287940973 0.859281058358274 0.506548439875427 -0.0304228398671672
1703155590000550 5.52257140542635 -4.89518634781425 8.18143127011384 0.0636278888662183 0.859047138357953 0.506573097776446 -0.0370567463036846
1703155590000710 5.51518227233389 -4.87320248093511 8.14187230912967 0.0660158994360351 0.857977245527816 0.507436045631878 -0.0450067414021018
1703155590000870 5.50708168547784 -4.85273398210231 8.11054168483929 0.0653169865493053 0.857784942240746 0.507020378105888 -0.0535632366322378
1703155590000950 5.50223762039139 -4.84250593824181 8.09242678850423 0.0652578312978795 0.857497273649525 0.507185609713105 -0.0565915049974389
1703155591000070 5.4965659710214 -4.8267406882576 8.06533860077147 0.0650710570214051 0.857311543808727 0.506945701125658 -0.0615526644478439
1703155591000190 5.49027430434096 -4.81070606098143 8.03827599202979 0.0645164258460994 0.856832765171934 0.507249958906326 -0.066126564354972
1703155591000350 5.48262636030541 -4.7893193882285 8.00209078395869 0.063718886024676 0.856177066455262 0.507803689428467 -0.0709658188332526
1703155591000510 5.47484238673447 -4.76851448608828 7.96592675648566 0.0649205367023356 0.855743359753372 0.507732290656337 -0.0754754740108455
1703155591000670 5.46802344728063 -4.74703600051346 7.93013950363041 0.0670399050332157 0.855226110786532 0.507962875775922 -0.0778952334583773
1703155591000750 5.46437546451501 -4.73616841026405 7.91242356313114 0.0667566799606439 0.854744299510117 0.508763991577787 -0.0781980115439601
1703155591000910 5.45833873882518 -4.71486845771883 7.87565305787439 0.0652982274376921 0.854769623138246 0.508813606643388 -0.0788273210767895
1703155592000030 5.4528396769151 -4.69921640470501 7.84728721923878 0.064815058877857 0.855425106114316 0.507632735537003 -0.0797239097334689
1703155592000190 5.4457276025511 -4.67845426126106 7.80980012865209 0.0661714137377131 0.856049585132612 0.506241510993666 -0.0807464200140487
1703155592000310 5.43976084354651 -4.66208774607777 7.78161147648526 0.0671721932591589 0.856536126917867 0.50519057815454 -0.0813402697387686
1703155592000430 5.43381876077217 -4.64556650254149 7.75325734544712 0.0665602629663507 0.856922131737512 0.504518161368263 -0.0819488644331095
1703155592000550 5.42782874555858 -4.62625484858398 7.71961664794148 0.0662084741677194 0.857101319358963 0.504298563375312 -0.0817112310463067
1703155592000630 5.42370907260124 -4.61777321002706 7.70514765290679 0.0652053433387333 0.857217013691957 0.504050308051245 -0.0828283863815167
1703155592000710 5.41981928047504 -4.60670450857951 7.68570130238315 0.0656634504168343 0.857209704146005 0.503951522870721 -0.0831426304224064
1703155592000790 5.41560894576361 -4.59565087197646 7.66594668365389 0.0667706487299387 0.857447995400765 0.503322826164679 -0.083610694967769
1703155592000870 5.41111338620685 -4.58453742518483 7.64601576303037 0.068069236091171 0.857746459662556 0.502596856447242 -0.0838688853131243
1703155592000950 5.40695718009465 -4.57340778999445 7.62589871433764 0.0687128684303331 0.857989398767954 0.502088675258218 -0.0839028932238272
1703155593000030 5.40291583129337 -4.5620115958279 7.60584324684119 0.0686069132793713 0.858113046344571 0.50186438615443 -0.0840668130319813
1703155593000110 5.39879287448878 -4.55007605756913 7.5859901933736 0.0680138603879629 0.857766404775958 0.502508446573024 -0.084238772282245
1703155593000190 5.39482244913634 -4.53781209345397 7.56653212178323 0.0673160664261599 0.857022427614429 0.503837904484027 -0.084430277578154
1703155593000270 5.39076161861359 -4.52516290721172 7.54698397150166 0.0665742970728646 0.85623408873956 0.505332199981568 -0.0840857652125407
1703155593000350 5.38680751051835 -4.51274615054857 7.5270702641887 0.0662486275763052 0.855353302113688 0.50689221249644 -0.0839174166542963
1703155593000430 5.38298136828947 -4.50059632766991 7.50705089656561 0.0663036574135961 0.854879625983625 0.507750945540332 -0.0835082474644047
1703155593000510 5.37888315633762 -4.4885518946565 7.48693637657916 0.0673482790207998 0.854512463825242 0.508341258836514 -0.0828361216182835
1703155593000630 5.37333206424908 -4.47112416631899 7.45666551235128 0.0673638256219595 0.854221975359879 0.508861557650596 -0.0826247357348316
1703155593000710 5.37002308449097 -4.4595305728366 7.4363034701323 0.0673667270927227 0.854207860409156 0.508914514234976 -0.0824419340930593
1703155593000790 5.36645643400767 -4.44777651862582 7.41576912663889 0.0669139266065775 0.854645124029721 0.508335404384786 -0.0818495879480707
1703155593000870 5.36287694250907 -4.43589911638097 7.39541116372364 0.0673603817944106 0.854948411041992 0.507826965525223 -0.0814712618456852
1703155593000950 5.35884160231542 -4.42427423535837 7.37532046178199 0.0672000427831278 0.85542317355849 0.50710634802049 -0.0811079539033579
1703155594000030 5.3555564050357 -4.41287132535073 7.35537558239086 0.0663545206995866 0.855608095439621 0.506946593261271 -0.080851816192984
1703155594000110 5.35192912634519 -4.40121204958508 7.33561399809404 0.0657007712326747 0.855397920963919 0.507474183184122 -0.0802979381531368
1703155594000190 5.34853005642875 -4.38976424861269 7.31588433351998 0.0646747216883843 0.855321735165724 0.507791206983696 -0.0799374745514684
1703155594000310 5.3435320735651 -4.37299898907783 7.28598489181347 0.0640666776830076 0.855743095022212 0.507160865601502 -0.0799191625006374
1703155594000390 5.33961925372175 -4.36155276357695 7.26618662594355 0.0644194993487816 0.855980965189774 0.506771804360454 -0.0795553495478743
1703155594000510 5.33368669459627 -4.3440591504407 7.23626828190776 0.0658410996565649 0.855949474665161 0.506692883748107 -0.0792323669687912
1703155594000630 5.32787480560215 -4.32644060106833 7.20665772256011 0.0667693844464757 0.855834794652863 0.50678395934236 -0.0791117697653827
1703155594000750 5.322193696046 -4.30881470377229 7.17703875451174 0.0665029024911526 0.855522344201415 0.507335082232172 -0.0791833118077486
1703155594000870 5.316767083583 -4.29149382060327 7.14686512968641 0.0646519747942926 0.855662904901527 0.507367942190197 -0.0789866227177934
1703155594000950 5.31310714179533 -4.27972246021683 7.12645470511925 0.063786330285659 0.855607969515084 0.507596271160209 -0.0788183485948221
1703155595000070 5.30752834744196 -4.26230291458586 7.09609933395143 0.0640466209923563 0.855766501794738 0.507332664996303 -0.0785830247140433
1703155595000150 5.3035566566223 -4.25051654670733 7.07567143743324 0.0640458620331486 0.856031252440122 0.506882889756186 -0.0786025347851133
1703155595000230 5.29977454313548 -4.23902935920384 7.05520517668989 0.0637976683447629 0.856438996095515 0.506215881776833 -0.078661200839945
1703155595000310 5.29607654273951 -4.22743422188552 7.03482954706426 0.0636222026463991 0.856365734143086 0.50637953879253 -0.0785474850536843
1703155595000390 5.29257277035318 -4.2155279364449 7.01468921980863 0.0642697459701588 0.85632710181946 0.50635482028497 -0.078600829617699
1703155595000510 5.28664873075564 -4.19707921459836 6.98503355508126 0.0642953149363749 0.855780824623983 0.507261562375709 -0.0786829080505022
1703155595000590 5.28273487667466 -4.18473781841631 6.9651095137974 0.064323812754578 0.855383597677362 0.507947369342494 -0.0785545537526998
1703155595000710 5.27679390266403 -4.16700044066754 6.93456134825925 0.063582656376328 0.855307901909702 0.508140676467017 -0.0787317703255509
1703155595000830 5.27076957194545 -4.149414979904 6.90429425469151 0.0632479300803025 0.855111580502533 0.508452559082302 -0.0791193996038575
1703155595000910 5.26707930547718 -4.13749005736477 6.88395789884347 0.0621576780083213 0.854978392371162 0.508787425082919 -0.0792699673301968
1703155595000990 5.26328568525954 -4.12577817123179 6.86347868751381 0.0622320742241975 0.854964575658361 0.508761358650464 -0.0795274999682868
1703155596000070 5.25938723717166 -4.11433178600326 6.84291716620895 0.0626515153603566 0.855220591692368 0.508212162640347 -0.0799557684775032
1703155596000150 5.2552994751417 -4.10271590254664 6.82223791609456 0.062988325781862 0.855896916464563 0.506974359949457 -0.080311503257565
1703155596000230 5.25112553573821 -4.09133552616259 6.80186145674445 0.0631230391278313 0.856376686943955 0.506062481107749 -0.0808406902817626
1703155596000310 5.2472105086026 -4.07963546745153 6.78150086372951 0.0633577296848037 0.856565021024198 0.505627716614161 -0.0813804340032223
1703155596000390 5.24309273079373 -4.06797647116982 6.76177646243631 0.0633050579854206 0.85643354336894 0.505787905208235 -0.0818086203957164
1703155596000470 5.23899355681061 -4.05628259521557 6.7419036842354 0.0637284630342447 0.856317966116258 0.505882989880922 -0.0821013060489749
1703155596000590 5.23320855020699 -4.03879575132759 6.71194877773212 0.0634054433630457 0.856188242102629 0.50603042945788 -0.0827928034301291
1703155596000670 5.22914378338593 -4.02723026201266 6.6924099824943 0.0627562709035595 0.856223834601784 0.506015063698143 -0.0830129558120889
1703155596000790 5.22345487243923 -4.00999259609493 6.66282287259169 0.0625646924466349 0.85597948532003 0.50641161839849 -0.0832589497972293
1703155596000870 5.21907507740621 -3.99795561933112 6.64269993046772 0.0634510078205392 0.855832666808287 0.506501061273322 -0.0835529231048955
1703155596000950 5.21496642621818 -3.98650894678509 6.62309095361694 0.0639372906974938 0.85547375133629 0.506996772791682 -0.0838507961303861
1703155597000030 5.21103997301628 -3.97501566586469 6.60344085199839 0.0644644744392155 0.855386046345559 0.507031828659361 -0.0841294715241521
1703155597000110 5.20709217339659 -3.96361436450675 6.58385611494883 0.0647933469500696 0.855281256248041 0.507116560636143 -0.0844309708007051
1703155597000190 5.20303555224037 -3.95220872288965 6.56399785121019 0.0643229585394373 0.855281799018835 0.507082482364372 -0.0849879835684108
1703155597000270 5.19905080927693 -3.94087078683185 6.5448103034603 0.063388620556765 0.855339414582271 0.507039022587198 -0.0853686020723538
1703155597000390 5.19320685633736 -3.92362416781776 6.51576567198088 0.0613474110644516 0.85515404468127 0.507497616002526 -0.0859896782916799
1703155597000470 5.18936186491591 -3.91205071396466 6.49613402766908 0.0615995703928113 0.854995158978015 0.507668693657842 -0.086378634692382
1703155597000550 5.18488953659827 -3.90042299113916 6.47604811452762 0.062830523265154 0.855254558292255 0.507065551645518 -0.0864667115193652
1703155597000670 5.17794851034004 -3.88348135193537 6.4467061766624 0.0648860168841092 0.855363892124394 0.506485809499547 -0.0872613410297606
1703155597000750 5.17347859300296 -3.872314421176 6.42705888487479 0.0644803353618116 0.855692904605776 0.505959588880185 -0.0873889797351659
1703155597000830 5.1694708542597 -3.86116888663987 6.4069415721628 0.0634270626863225 0.856016942193501 0.5055026253569 -0.0876304636182795
1703155597000910 5.16556977378263 -3.84993004017624 6.3872534991285 0.0629230607800118 0.856251945041342 0.505078748787904 -0.08814052732903
1703155597000990 5.16161331126751 -3.83867917187847 6.36787765568163 0.0623485111601548 0.856349867708401 0.504929965721086 -0.0884494033265304
1703155598000070 5.1575433539141 -3.82717996710432 6.34847365052989 0.0623664244747118 0.856319062757729 0.504921848838396 -0.0887807322653973
1703155598000150 5.1533547815237 -3.81597910323822 6.32900874114195 0.0627952857927154 0.856577438968496 0.504409724276863 -0.0888969807548234
1703155598000230 5.14900555880176 -3.80473676490637 6.30986352942059 0.0643641389609551 0.856389852125594 0.504494991575659 -0.0890981608519156
1703155598000310 5.1448902878043 -3.79337193303136 6.29030907459699 0.0654688812427563 0.856359940389336 0.504387794515212 -0.089187615896352
1703155598000390 5.14044854233853 -3.78198856190512 6.27019023472712 0.0659581261414114 0.856447668896477 0.504099570758558 -0.0896132735633565
1703155598000470 5.13629150400965 -3.77062715946203 6.25075041609237 0.0652092012020078 0.856291373782334 0.504433543815998 -0.0897755152465995
1703155598000550 5.13259585380165 -3.75941271241131 6.2313900998913 0.0648810896895506 0.856306150633973 0.504449829013777 -0.0897807919050369
1703155598000630 5.12857808044145 -3.7479643962534 6.21210607925439 0.0658969073851482 0.856216634210672 0.504474580473333 -0.0897556157255742
1703155598000710 5.12464718980379 -3.73620801269234 6.19254811702074 0.0662805913449515 0.85607394377578 0.504636630728592 -0.0899230611469633
1703155598000830 5.11847811706382 -3.72094088487257 6.16516364952681 0.06581484222623 0.856123690091543 0.5045206691628 -0.0904407441051647
1703155598000910 5.11476146039943 -3.7100990404531 6.14648740917971 0.0657343247887677 0.856057279160777 0.504653120016577 -0.0903889473218151
1703155599000030 5.1088276928585 -3.6935668758814 6.11893835667318 0.0660782356785145 0.855848380932545 0.504943096120213 -0.0904968800859453
1703155599000150 5.10330749634314 -3.67761180546123 6.09140260584535 0.0660891258851297 0.85590183723889 0.504824129603174 -0.090646955940228
1703155599000270 5.09795635323584 -3.6619642990166 6.06406264232395 0.0661129991129753 0.855921275197093 0.504839136854508 -0.0903619826767045
1703155599000390 5.09236947011476 -3.64733080378039 6.03655351739212 0.0661359910525416 0.85626022663867 0.504208235299648 -0.0906560004644296
1703155599000510 5.08596954321832 -3.63070465696172 6.00973100579593 0.0655083861583943 0.855872760673695 0.504882371116605 -0.0910179115085935
1703155599000670 5.07886828239988 -3.60889801427184 5.97354305153442 0.065257890289936 0.855746378060989 0.50512327981142 -0.0910495270880646
1703155599000830 5.07166466271985 -3.58769233196741 5.93685081847701 0.0647127067401004 0.855808466578648 0.505051100337634 -0.0912552473363475
1703155600000030 5.0620512123905 -3.56104899583149 5.89095563435997 0.0648456509676721 0.855698427129105 0.50518965789146 -0.0914256688182533
1703155600000190 5.0542310993751 -3.54028382187827 5.85500878610612 0.0667741848991503 0.855531541518616 0.505192995272374 -0.0915807142664927
1703155600000390 5.04430585081134 -3.51380538187075 5.80925797291939 0.0661784700600314 0.85546748825312 0.505447514387881 -0.0912063421124012
1703155600000590 5.03529578026157 -3.48600264060379 5.76384030646401 0.0617573439136951 0.855210343950495 0.506487426713223 -0.0909493521374356
1703155600000670 5.03335358757875 -3.47550993221005 5.74565859811096 0.0629503642943532 0.855140587979789 0.506376750889094 -0.0914024758077847
1703155600000790 5.02499034139016 -3.45945193872332 5.71788538608269 0.0656467533589778 0.854942702576807 0.506460748501133 -0.0908899846614677
1703155600000870 5.02127303838358 -3.44882649153482 5.69981672342544 0.0665604341223117 0.854825530953513 0.506514705286462 -0.0910267739078069
1703155600000990 5.0156912093674 -3.43329799979367 5.67277492666529 0.0667812056249123 0.854831818397787 0.506446107758517 -0.0911875691433009
1703155601000070 5.01198142997825 -3.42282011784204 5.65469932081005 0.066134773604585 0.854899878509406 0.506381201141764 -0.0913808983053739
1703155601000150 5.00847495245423 -3.41213242522844 5.63718307644779 0.0651038247305921 0.854841919083594 0.506563154242348 -0.0916545478793567
1703155601000270 5.00337218053283 -3.39603268199473 5.61056106943523 0.062440674266671 0.854720204670756 0.507060937580441 -0.0918898226396608
1703155601000430 4.99633840333668 -3.37582985864259 5.57464583177815 0.0623420607648093 0.855079575723145 0.506461899131827 -0.0919169808496073
1703155601000590 4.98850012409763 -3.35586955728494 5.53923516047401 0.0643819537455588 0.855058370852404 0.506112343955232 -0.0926306739869603
1703155601000710 4.98271261008818 -3.34072627543375 5.51263534133631 0.0647604128994509 0.855311079942655 0.505660456589625 -0.092501611283234
1703155601000790 4.97879990307943 -3.33074934670373 5.49495113380277 0.0656673828597155 0.855605913448237 0.504981862266591 -0.0928419866360561
1703155601000870 4.97501435007265 -3.32067698253807 5.47757233753029 0.0664493714414042 0.855836375325955 0.504413067245837 -0.0932525457862684
1703155601000950 4.97135872599861 -3.31079987437136 5.46025356147357 0.064988516594598 0.856079495699013 0.504179260096853 -0.093314861853549
1703155602000030 4.96793905870528 -3.3007732091081 5.44318769344445 0.0635959413861966 0.856054054414594 0.504341859770266 -0.0936285247294251
1703155602000110 4.96437091964074 -3.29030472315588 5.42592503770716 0.062081555676958 0.855594011303185 0.505287072822645 -0.0937536255575077
1703155602000190 4.96022732363501 -3.28002921949718 5.40850817936706 0.062075824653952 0.855318674507967 0.505703008910081 -0.0940267186003899
1703155602000270 4.95584511456906 -3.27000033352758 5.39159528371229 0.0631913889358783 0.855036748813601 0.505925931966135 -0.0946464891415429
1703155602000350 4.95104413271246 -3.2599784348582 5.37436950446229 0.0638334246700178 0.854819610082097 0.506098193593501 -0.0952541156873748
1703155602000430 4.94720369089085 -3.24853863992907 5.35607763255803 0.0633680571570487 0.854922140541431 0.505867284358505 -0.0958692524219847
1703155602000550 4.93896039931535 -3.23436575968863 5.33254845857758 0.0623948530373204 0.854217604817476 0.506830516666265 -0.0976831270494121
1703155602000670 4.92999361020309 -3.21785153349436 5.30796799386065 0.0629932252473283 0.853606606510668 0.507297460115216 -0.100184339369644
1703155602000830 4.91707781602271 -3.19771364100344 5.27485875197182 0.0612237550684265 0.853507178475045 0.506752847584146 -0.10477928980599
1703155602000990 4.90180374957982 -3.17791066955678 5.24257966554585 0.0607484321984299 0.85350182221528 0.505632572432132 -0.110362897553004
1703155603000110 4.88835354501667 -3.15667656071944 5.21953955276092 0.0608534695933267 0.85395384630627 0.503481915799537 -0.116471644961377
1703155603000270 4.86743756095685 -3.13314732890038 5.19111419126744 0.0592149035440229 0.853683985610704 0.502050397966893 -0.125150492653363
1703155603000430 4.84572033646439 -3.10825074322003 5.16396341984922 0.0577925802090773 0.854085497951222 0.498609055891356 -0.136334108884467
1703155603000520 4.83232026849198 -3.09335115882071 5.15060178813074 0.0581608992344538 0.854164191883337 0.496677611559614 -0.142590999996363
1703155603000590 4.81841225676731 -3.0771260750604 5.1391544456269 0.0582730029526996 0.854374194201048 0.494244149291762 -0.149571769732952
1703155603000720 4.7982080359821 -3.05167300596311 5.12230042789251 0.0590061096570527 0.854664409532767 0.49021118529237 -0.160499283223934
1703155603000880 4.76697301248988 -3.02049763526108 5.09854769131865 0.0606050742778888 0.855585536671882 0.483034112085838 -0.176006991256329
1703155604000040 4.73363646021928 -2.99930755078627 5.07544056637851 0.0587028288375386 0.856096213832386 0.476459836606895 -0.191413883114197
1703155604000200 4.70119538424048 -2.97173539796819 5.04910782986824 0.0554671572699778 0.856055523136126 0.469615392469171 -0.208695277686264
1703155604000360 4.66366289110951 -2.94066648989691 5.03144377093516 0.0587430363317448 0.856445743965864 0.460631957984456 -0.225539669700681
1703155604000480 4.63268613632328 -2.91792108883631 5.01882252539951 0.060843728249721 0.856509993389057 0.453275064694366 -0.239228735071
1703155604000600 4.59823377268908 -2.89295710775319 5.00980142753543 0.0629013283962523 0.857201692261592 0.444922518583317 -0.251580273724565
1703155604000720 4.56744629458281 -2.86906618930898 4.99735464043285 0.0637457738741851 0.856146404037315 0.438523396879944 -0.265795111986717
1703155604000800 4.54457329575819 -2.85186530262498 4.99289024174001 0.0638565845009276 0.856231007713099 0.432848632176706 -0.274650431765983
1703155604000920 4.50932874627549 -2.82703060111795 4.98449780792093 0.0650422672040293 0.855829179211226 0.424326913468035 -0.288569904865859
1703155605000040 4.47237699885684 -2.80401044016626 4.9774069984141 0.065611483741754 0.855180982448259 0.415716431320314 -0.302556555358397
1703155605000160 4.43473499914418 -2.78290531768931 4.97278766182072 0.0665799206495792 0.854900383529887 0.404385430333875 -0.31809569651354
1703155605000280 4.39263625519204 -2.75881974565756 4.96399653199368 0.0691586909647657 0.853971343870878 0.391644504741074 -0.335506484613226
1703155605000360 4.36355394274957 -2.74273194113878 4.96233169024379 0.0721646441839676 0.853185071995071 0.382305573260429 -0.347433368732166
1703155605000440 4.33293606985471 -2.7254074905678 4.96105798680777 0.0756323174301349 0.852592624406279 0.371581189682984 -0.359573342785502
1703155605000560 4.28808886633742 -2.70405283869436 4.96058541490682 0.0785627009033605 0.851674341971686 0.354332421520985 -0.378057207725155
1703155605000680 4.24355952625617 -2.6816054797652 4.95549328986504 0.083346148929006 0.848448015166344 0.341032543783853 -0.396088612685735
1703155605000760 4.21506420880999 -2.66540788541896 4.95348727108424 0.0866975272251037 0.847003435976678 0.329502172578709 -0.408040483877109
1703155605000840 4.18765084877937 -2.64962293554753 4.94970942459829 0.0897643030452665 0.845035585094953 0.318697986675529 -0.419867625700045
1703155605000920 4.16223827370073 -2.63600378799022 4.94885421841553 0.0914704375313215 0.843286237506641 0.307441193893341 -0.431255600528456
1703155606000040 4.12276896798962 -2.61537384234256 4.94256336224806 0.0963352371648511 0.839089760953323 0.292850898059473 -0.44820335412561
1703155606000200 4.09028315247093 -2.61273843440149 4.93675328526564 0.105071209454078 0.824880676051679 0.2841589461827 -0.477268901694547
1703155606000400 4.05233192129693 -2.61413013459053 4.93598368447714 -0.114989077664611 -0.805901599151236 -0.272871650870012 0.512680394256302
1703155606000560 4.0234976365807 -2.61467470904299 4.94034384168336 -0.11864384016887 -0.788875422903839 -0.266752190250203 0.540779507123737
1703155606000720 3.99650639760829 -2.61514076294849 4.94532835046778 -0.124156269437651 -0.772180915724993 -0.261009725082572 0.565858443041859
1703155606000880 3.97114266307937 -2.61603224944183 4.95159031140931 -0.130998367375357 -0.75553732551102 -0.252628537097814 0.590069148277102
1703155606001000 3.95356669577098 -2.61719118544534 4.95752653578176 -0.135809879999398 -0.742913851832878 -0.24717827054881 0.607072967457689
1703155607000160 3.93094372679456 -2.61830176390247 4.96709337573909 -0.140873846206715 -0.72616365338301 -0.24004160839069 0.628665995741441
1703155607000320 3.9104620478257 -2.61901936243152 4.97659962360818 -0.145430156642252 -0.709242034188442 -0.233477040982082 0.64908726517588
1703155607000480 3.89159086863393 -2.62087244149911 4.98606621605174 -0.148594276516755 -0.691466553028671 -0.227244362540034 0.669442862926243
1703155607000640 3.87363678879844 -2.62214709312641 4.99580373300086 -0.153401511342167 -0.673777897806096 -0.220644953862736 0.688336491173357
1703155607000760 3.86047021060015 -2.62340668895937 5.00336504000791 -0.157109105727969 -0.659829583318584 -0.215598929421427 0.702466192430152
1703155607000880 3.84796083143658 -2.62463188605254 5.01125173696558 -0.158796850691543 -0.644991862636187 -0.209994721074131 0.717405934227301
1703155607001000 3.83586939289825 -2.62596089242618 5.01887136480096 -0.15973305310689 -0.629729493270028 -0.204959441768246 0.732064030178422
1703155608000080 3.82782626522018 -2.62649880632428 5.02459930753074 -0.161583232752049 -0.619608343648487 -0.20104171024285 0.741322190492909
1703155608000160 3.81985598216676 -2.62697031827804 5.03052487399814 -0.164880535764424 -0.609391748069199 -0.196604137930327 0.750201918992397
1703155608000240 3.81211349398144 -2.6278277119491 5.03583307626556 -0.167898852429432 -0.598997224679525 -0.191765004598866 0.759103736777987
1703155608000320 3.80458343741722 -2.62882300702945 5.0415376554473 -0.170762595270592 -0.588980966993346 -0.186113060191052 0.767661048511879
1703155608000440 3.79453467235523 -2.63032237360299 5.04829722001095 -0.171875406062007 -0.573200443618819 -0.179181175275185 0.780893208225819
1703155608000560 3.78485670341901 -2.63175233214294 5.05621484194683 -0.171844951295132 -0.556868963288482 -0.174843362189805 0.793596918554092
1703155608000680 3.77520258557307 -2.63255402759214 5.06544629933347 -0.174179003643035 -0.540377637934813 -0.170311402062421 0.805386683176127
1703155608000760 3.76899596661481 -2.63265651194301 5.07151611508198 -0.176272691578243 -0.530151562774337 -0.16577151115001 0.812642027452883
1703155608000920 3.75733931465372 -2.63372732587388 5.08441049286521 -0.180673609781593 -0.510097493805029 -0.155529989575919 0.826418789648948
1703155609000120 3.74523050973282 -2.63485834204383 5.09856622084877 -0.183673918072604 -0.485954479915089 -0.149305866070839 0.841320327596541
1703155609000280 3.73677595744281 -2.63627527462176 5.10880584751324 -0.185599542972351 -0.469173311134448 -0.144535984247676 0.85119831004599
1703155609000480 3.72699209410803 -2.63796071940089 5.11964009944546 -0.190035403614627 -0.452797805091717 -0.134971444871177 0.860606415352881
1703155609000840 3.70983076751766 -2.63818538229666 5.12399623609404 -0.19424213617055 -0.431247571874022 -0.126392533202043 0.871963561073187
1703155610000280 3.68163271153158 -2.63854890071679 5.11282867123658 -0.1992478827155 -0.417853055345521 -0.120002312017855 0.878236044854783
1703155610000600 3.65871720735627 -2.63786445578721 5.09273777917854 -0.20206179904869 -0.415953736826993 -0.116636300321919 0.87894794591721
1703155610000880 3.63411200278156 -2.63297460153176 5.06802666289832 -0.205222974042111 -0.417100467429232 -0.115862345769865 0.877773688275248
1703155611000280 3.5983635637644 -2.62713393023883 5.03184773135336 -0.208526983480045 -0.417571701951539 -0.115597400869555 0.876805344305229
1703155611000960 3.54934441398261 -2.61888282511754 4.99659589387341 -0.219006996773351 -0.417413349099024 -0.115822808264926 0.87429234724083
1703155612000520 3.55491376993398 -2.62014362658119 5.02699941753424 -0.225527126942556 -0.41179917200734 -0.12331551890034 0.874272405915596
1703155612000840 3.57221896798074 -2.62610578369297 5.07120929952056 -0.232763156970643 -0.406527800551228 -0.130459763152006 0.873805876802373
1703155613000600 3.5831750238228 -2.61870564403993 5.09306072254081 -0.222736062874462 -0.393412914922399 -0.156616940294399 0.878115060046385
1703155614000040 3.59649406855893 -2.63236701741823 5.10700640874482 -0.220581250365084 -0.390363641509298 -0.157752435789662 0.879814928480647
1703155614000200 3.60205859167974 -2.63903061874029 5.10246531798015 -0.212715103545716 -0.387660141676141 -0.162700967211902 0.882043249816856
1703155614000560 3.61225511320339 -2.65338317575436 5.11191203188277 -0.209471316949005 -0.382652914584238 -0.170877603600126 0.88345874772041
1703155614000840 3.61659421658201 -2.66013542962373 5.10954345745183 -0.204563693209265 -0.380031868607102 -0.175699272331122 0.884793331782001
1703155615000200 3.62790751702497 -2.66388873963235 5.12736279160193 -0.201552828716639 -0.375545039771557 -0.1835905819142 0.885797312352948
1703155615000360 3.63209854736609 -2.66679911978739 5.13780292835988 -0.204297162059371 -0.37348853027026 -0.187478248001504 0.885223640588826
1703155615000480 3.63477252025547 -2.66841721550171 5.14477476630146 -0.203560574988634 -0.37077827164834 -0.192457246966995 0.88546415719308
1703155615000680 3.6376343420664 -2.67163586167871 5.15590663090847 -0.20326853012788 -0.366821901165508 -0.199772487428232 0.885558891746738
1703155615000880 3.6391713069362 -2.67484128537446 5.16676988970772 -0.205038639653888 -0.364106825733873 -0.204945230881194 0.885089163893639
1703155616000040 3.63915285895755 -2.67714493133588 5.17449608609048 -0.20602855801459 -0.36107643192689 -0.209874967802842 0.884945501982541
1703155616000240 3.63800575104102 -2.67995654067489 5.18315063264879 -0.208587539432452 -0.359121017491164 -0.213388305598832 0.884301285888065
1703155616000440 3.63599746632978 -2.68209349088724 5.19107621173772 -0.212222787618219 -0.357587930630959 -0.215296927449102 0.883594699686229
1703155616000640 3.63318137291708 -2.68342809697083 5.19731605962152 -0.214346834738723 -0.355386027834719 -0.218535770401606 0.883175137055119
1703155616000880 3.62945935255915 -2.68411675766617 5.20323829907031 -0.217583914091436 -0.354393043601171 -0.219888491469532 0.882446520926341
1703155617000080 3.62625817125507 -2.6845887911543 5.20714498895241 -0.22042642632257 -0.354371455748192 -0.219737225885262 0.881787170177599
1703155617000240 3.62365194947999 -2.68476704295962 5.20985548041138 -0.222323410955531 -0.354475737106178 -0.219684351305872 0.88128204255814
1703155617000400 3.62100699726468 -2.68466655585022 5.21246268326115 -0.225283994925325 -0.354870216699139 -0.219091619492424 0.880518661470942
1703155617000520 3.61899912542402 -2.68465751115947 5.21437060866799 -0.227789271692805 -0.355099413765714 -0.21779114073924 0.880104239883213
1703155617000640 3.6169412949664 -2.68452343499916 5.21618105774335 -0.229038650149387 -0.355073786302605 -0.217624497858364 0.879831507136664
1703155617000760 3.61486220772654 -2.68429872296137 5.21803413307222 -0.230071294321417 -0.355225025485155 -0.218615286893585 0.879255217291757
1703155617000880 3.6127384708188 -2.6840780633474 5.21984653771218 -0.232090476491766 -0.355660532288938 -0.218569697408098 0.878559550553465
1703155618000080 3.60913144531611 -2.68396578331438 5.22269652251475 -0.23521761954472 -0.355957458574475 -0.218065163134849 0.877732615189779
1703155618000320 3.60468245137256 -2.68369659416458 5.2262916536619 -0.238975010137484 -0.356411845408147 -0.217793278450882 0.876600039267718
1703155618000520 3.60097176335018 -2.68376356480286 5.2295903847741 -0.241837734887576 -0.355919514573458 -0.218483210604258 0.875842962987256
1703155618000720 3.5973622242076 -2.68373121081777 5.23292476443739 -0.244453753713137 -0.355282132072224 -0.218351364431406 0.875408276506862
1703155618000920 3.59377988566804 -2.68350516826069 5.2362493779445 -0.246786136059647 -0.354130906990443 -0.218570789236627 0.875165535116273
1703155619000120 3.59014218114052 -2.68316541969256 5.2395826852293 -0.248358987014908 -0.35273196203908 -0.220158041010593 0.874887657647179
1703155619000280 3.5872736994159 -2.68294991620422 5.24233118993121 -0.250290043081033 -0.352406719643718 -0.219778060858629 0.87456389260572
1703155619000440 3.5845116075198 -2.68271948741831 5.24520066319179 -0.253009053117332 -0.352194433836689 -0.218105101920737 0.874285802430344
1703155619000600 3.58171424657967 -2.68238667404068 5.24790491050244 -0.254787948730222 -0.351349768968845 -0.218583553697333 0.873989514285172
1703155619000760 3.57885892479212 -2.6820685457871 5.25052217791967 -0.255787887213083 -0.350820671894562 -0.21940605954164 0.873703836527531
1703155619000960 3.57532802107028 -2.68174251055754 5.25367656291968 -0.258032437070404 -0.350419127676035 -0.219208869775483 0.873254354578338
1703155620000160 3.57204465513982 -2.68136198915307 5.25673889495699 -0.260587537677736 -0.350001594614377 -0.219121572355458 0.872684797336885
1703155620000360 3.56854437979249 -2.68105634144519 5.25952006742661 -0.261472310693927 -0.348753573277018 -0.221174300287957 0.872401916984954
1703155620000480 3.56642332359629 -2.68072445677055 5.26137777416512 -0.262776615323778 -0.348595974246619 -0.220958801268859 0.872127573993541
1703155620000680 3.56289496802956 -2.68025833252751 5.26446594179847 -0.265092727746525 -0.347909549561013 -0.221206723603884 0.871637755293215
1703155620000840 3.56010141306133 -2.68008249767058 5.26683019001449 -0.266274048698515 -0.347363568697608 -0.2211377970393 0.871512912613444
1703155621000040 3.55659871203629 -2.67955806896282 5.26973451928519 -0.267316805619229 -0.346682881368575 -0.222550585912836 0.871105011987285
1703155621000240 3.55319577060526 -2.67918024059431 5.27270318022263 -0.269788556064705 -0.346588398646334 -0.221264580070721 0.870708104100576
1703155621000440 3.54966421277613 -2.67876972456972 5.27560690025752 -0.271776699866124 -0.346333638738079 -0.221233085449733 0.870199033549631
1703155621000600 3.54694449924623 -2.67830601064122 5.27794865094758 -0.27406876507972 -0.345631020168822 -0.220685818309122 0.869898430566449
1703155621000760 3.54415150682041 -2.67784754967114 5.28027237828707 -0.274545033769489 -0.345029682801191 -0.221168395997054 0.869864404968217
1703155621000880 3.54201863956913 -2.67741414997771 5.28208324680676 -0.274874365026101 -0.344461909096761 -0.221123712541984 0.869996770329961
1703155622000040 3.53933845629475 -2.67685783923451 5.28454472859127 -0.276506615913192 -0.343461149180154 -0.220841882810423 0.8699467760483
1703155622000200 3.53664229580898 -2.67642682617037 5.28692050143087 -0.278129365165296 -0.343294410977016 -0.220100468808923 0.869683153369539
1703155622000320 3.53466574994293 -2.67608191537678 5.28866079079236 -0.278692772600236 -0.343049145476673 -0.220051903671351 0.869611857082648
1703155622000440 3.53268145131847 -2.67566572573498 5.29040906538502 -0.27912650880837 -0.342518903342431 -0.220692689566638 0.869519367067458
1703155622000560 3.53072459259431 -2.67529949248642 5.29209990709456 -0.280010832502815 -0.341834920632783 -0.221144732586641 0.869389341990251
1703155622000680 3.52871251221206 -2.67491555786716 5.29381702358263 -0.281409839550794 -0.34187533595719 -0.220411479361732 0.869107897003432
1703155622000760 3.52736169435846 -2.67464217014702 5.29503816222753 -0.281878398462642 -0.341633501873851 -0.220422127372334 0.869048447810708
1703155622000840 3.52600313994473 -2.674317038293 5.29623798617138 -0.282729810240979 -0.340988466060739 -0.220109493583243 0.869104442083443
1703155622000960 3.52399027537224 -2.67388449782368 5.2979733909665 -0.28391826523869 -0.340640498594427 -0.22019488843333 0.868831790675863
1703155623000080 3.52197531760541 -2.6735135130773 5.29977340118136 -0.284874145948277 -0.340600844541953 -0.220126337671019 0.86855177228021
1703155623000200 3.52000048314886 -2.6730788241071 5.30159995655815 -0.285243786273606 -0.34095631413075 -0.219421721890839 0.868469275339738
1703155623000320 3.51793836554846 -2.67253467054387 5.30337257624187 -0.286446706362376 -0.340749728209436 -0.219121809081452 0.86823011922198
1703155623000480 3.51523696278442 -2.67191292426114 5.30573200121943 -0.286942078973135 -0.33997507247188 -0.220911482494857 0.867916649404907
1703155623000640 3.51251296418777 -2.67136896198249 5.30811055670332 -0.287590514002651 -0.33972463372019 -0.220909761888348 0.867800522356265
1703155623000800 3.50979788793047 -2.67079365389738 5.31057067777746 -0.289446770575798 -0.33933910131978 -0.220116623588788 0.867535713004714
1703155623000920 3.50776548333469 -2.6704217925433 5.31238821047456 -0.289538768624239 -0.339424478333815 -0.219418152092594 0.867648546073609
1703155624000040 3.50571258866298 -2.66999530412615 5.3142697650099 -0.288536247112555 -0.339674599379097 -0.219461903123264 0.867873535554788
1703155624000160 3.50360621190163 -2.6694761269297 5.31619093804539 -0.288349895261614 -0.338972582911971 -0.220113294077282 0.868044966408453
1703155624000320 3.50083558098466 -2.668751292825 5.31892934435512 -0.290316302917829 -0.338440816087064 -0.21857025132535 0.867986925881962
1703155624000440 3.49875073692707 -2.66823693164624 5.32103743522097 -0.290930722331665 -0.337546580176086 -0.218471920807461 0.868154157297944
1703155624000560 3.49668899950614 -2.667725132837 5.32313312788554 -0.291084556564009 -0.336690609764319 -0.220790017387839 0.867848478968733
1703155624000680 3.49456795426103 -2.66724226053879 5.32518881723309 -0.290869551796375 -0.335568572074676 -0.222025782698672 0.868039854551956
1703155624000800 3.49246421537987 -2.66678425522173 5.32732060082352 -0.291024391727667 -0.334833747236488 -0.220926835974702 0.868551954852051
1703155624000960 3.48966928647056 -2.66613443695308 5.33015994587428 -0.291796501496198 -0.334014705602461 -0.217671987951486 0.869429631319941
1703155625000080 3.48759927936293 -2.66564604433467 5.33228823998819 -0.292453055726261 -0.332242487580837 -0.217553975133809 0.869917471686796
1703155625000200 3.48552656456718 -2.66510883252558 5.33434517149738 -0.29195196839952 -0.330505233315852 -0.219494040845205 0.870260136356896
1703155625000280 3.48427227268043 -2.66483082423401 5.33583982026361 -0.292004532938447 -0.330025795864567 -0.220351754290875 0.870207694282401
1703155625000400 3.48232766814662 -2.66430158853191 5.33805001942457 -0.29219975048439 -0.329311129043381 -0.220451702092199 0.870387576398978
1703155625000560 3.47970941177486 -2.6637155537949 5.34094091537027 -0.292361936701779 -0.328080396268817 -0.219400715800545 0.871063187982531
1703155625000760 3.47631043855104 -2.6629601942808 5.34464648114374 -0.290379106145443 -0.325742094389995 -0.219115889725082 0.872674217292214
1703155625000920 3.47371065771237 -2.66236815661466 5.34765377117427 -0.290029170816363 -0.322081589953278 -0.217405031964563 0.874575086293469
1703155626000080 3.47129519733196 -2.66169132126161 5.35078195432317 -0.290441759118577 -0.318667892664594 -0.216644434307375 0.87587644552668
1703155626000240 3.46896589504883 -2.66103077831206 5.35383000313311 -0.290147014145655 -0.313690410686439 -0.219378531016968 0.877089560167359
1703155626000360 3.46732722622703 -2.66053889667519 5.35624101837204 -0.291556574989899 -0.309202460810624 -0.217613373088489 0.878654096708064
1703155626000520 3.46530165812673 -2.6600448696098 5.35946360982533 -0.293236743915749 -0.301938535414 -0.214315640091281 0.881427330675651
1703155626000720 3.46292737241184 -2.65945264641461 5.36372698212695 -0.292365615014324 -0.289706755454547 -0.212181732987398 0.886324576657874
1703155626000880 3.46059963331336 -2.65915688429665 5.36802362328937 -0.291656602702055 -0.276853040599577 -0.209609509879409 0.891264648339189
1703155627000080 3.45971723952862 -2.65865286134292 5.37169234543656 -0.29094593281726 -0.259115946458615 -0.2039512039039 0.898116527458492
1703155627000240 3.45866224773003 -2.65831381234121 5.37541765585579 -0.291078269765942 -0.242094290581307 -0.200108733415764 0.903670454396257
1703155627000400 3.4577214789025 -2.65798827294451 5.37925286672524 -0.290404154214071 -0.222281895611956 -0.19688405802448 0.909666342014575
1703155627000560 3.45706371718597 -2.65770240243992 5.38311054627118 -0.289293652437124 -0.201424695616788 -0.19125784024241 0.91605551862378
1703155627000760 3.45647829184822 -2.65754350605333 5.38790258836498 -0.288084681999756 -0.175753782876189 -0.180076842825679 0.923953545628645
1703155627000960 3.45623799013601 -2.65752484668965 5.3924575550489 -0.284848551001543 -0.149741357307402 -0.172543712598856 0.930949781753378
1703155628000160 3.45615301668565 -2.65746098643755 5.39687391039036 -0.282542328585936 -0.124614892639916 -0.166922360666808 0.936364184812191
1703155628000320 3.45646529267192 -2.65748746881532 5.40044909220371 -0.281496638557465 -0.104496816403865 -0.160685937295036 0.940223424191251
1703155628000480 3.45677182816904 -2.65760596278767 5.40386839053179 -0.279993503382155 -0.0847899984714402 -0.153863662450958 0.943790372699456
1703155628000680 3.45693619027092 -2.65784767365564 5.40791159750659 -0.276790925151062 -0.0602099888464821 -0.144162063764734 0.948144946919098
1703155628000880 3.45745729935878 -2.65792349812278 5.41187858366097 -0.2748907869958 -0.0365451537558682 -0.13658523068626 0.951022597901948
1703155628001000 3.45782816949963 -2.65800474970179 5.41415416220129 -0.273934773640294 -0.0207994733460957 -0.134043610493975 0.95213414610805
1703155629000200 3.45825382147868 -2.65822808449792 5.41781555092336 -0.269662272563066 0.00382289553770549 -0.127805226151541 0.954428346390751
1703155629000400 3.45914684876699 -2.65843983446705 5.42150147753091 -0.267670742613038 0.0268940603561615 -0.117832183733981 0.955899921300878
1703155629000600 3.45853202145762 -2.6587551739965 5.42530618727254 -0.26328921485765 0.0507015742034045 -0.111219744274773 0.956942165544184
1703155629000800 3.46061519145173 -2.65887601484158 5.42824308197611 -0.260041929880021 0.0746458282169713 -0.106344090025893 0.956816141978511
1703155629000960 3.46159069903349 -2.65907374055385 5.43090652825375 -0.258479742727553 0.0927286925053656 -0.0999666474798693 0.956345273202821
1703155630000120 3.46252787520932 -2.65931647145957 5.43349643992506 -0.256279244477934 0.110431875681181 -0.0939857378998895 0.955663345930338
1703155630000280 3.46317128427497 -2.65965412635329 5.43603177024055 -0.251749710067715 0.128758353655076 -0.0882024950138335 0.955124960263415
1703155630000440 3.46398459849101 -2.65995132670518 5.43847935468672 -0.249047475148868 0.147029075133646 -0.0846260775489457 0.953517820067354
1703155630000600 3.46503831151729 -2.66022196795536 5.44086460292118 -0.24740776174621 0.164323821049324 -0.0802685138968972 0.951495689396575
1703155630000760 3.46587928138077 -2.66052013604725 5.44313459880835 -0.244208664735747 0.180275005658913 -0.0720353639338892 0.950091551770446
1703155630000920 3.46664300983849 -2.66087893346953 5.44536265096523 -0.241003330711528 0.19561463777323 -0.066157326105838 0.948301384728148
1703155631000080 3.46650197597622 -2.6612484340537 5.44753564058252 -0.239394411234963 0.209452800860212 -0.0620345014111993 0.94602936567315
1703155631000280 3.46851248560203 -2.66146266337203 5.45003812991504 -0.237841424753953 0.226838729774915 -0.0569571752268782 0.942725584428092
1703155631000480 3.46925565165989 -2.66177325091966 5.45232967869009 -0.235509089618273 0.240942934234724 -0.0510945854550214 0.940144305139755
1703155631000680 3.46991251016993 -2.66210065513556 5.45438604032467 -0.231849292733282 0.253589156374912 -0.0420748337514856 0.938172773849744
1703155631000840 3.47039136648833 -2.66221157371023 5.45598428983072 -0.231163630627794 0.264289325799913 -0.0387334785484426 0.935528858872211
1703155632000040 3.47086085152941 -2.66237524101871 5.45788196318853 -0.230278227146171 0.275877308665508 -0.0348376356123029 0.932550260206299
1703155632000240 3.4713195713925 -2.66260574939224 5.45965314427267 -0.228204706619034 0.284681301870322 -0.0277480413322902 0.930649888220356
1703155632000440 3.47147917460906 -2.66266424299219 5.46143158211379 -0.226638675087134 0.293430154467336 -0.0236956615331185 0.928424563994583
1703155632000680 3.47188034248776 -2.66261740213985 5.4634442035233 -0.225592802389415 0.301868403197487 -0.0165581601490745 0.926125899645166
1703155632000920 3.47204212791035 -2.66265075443181 5.46539925423455 -0.223922436403217 0.31079493569806 -0.0110772758457559 0.92365715738012
1703155633000160 3.47200003015079 -2.66274916100083 5.46723958830459 -0.222959864709903 0.317886456882837 -0.00649820873938889 0.921517700612526
1703155633000520 3.47223923301467 -2.6626281551911 5.46975989101568 -0.222607506599826 0.325802607229047 0.000903314792799182 0.918856758777204
1703155633000880 3.47204346839573 -2.6629325694779 5.47233932074874 -0.22051142875959 0.334506192926428 0.00771398061975919 0.91619911110155
1703155634000320 3.47220304024271 -2.66338555866011 5.47512162790915 -0.220051017524465 0.347359045515537 0.0122353596172875 0.911465599548342
1703155634000800 3.47340654669513 -2.66348223216175 5.47666326960778 -0.218947281319623 0.362712809212466 0.017489980073587 0.905646513068411
1703155635000160 3.47594312955921 -2.66416060697017 5.47851978144651 -0.213551990801227 0.379553294212805 0.0199143294499316 0.899965701324001
1703155635000520 3.47911904084425 -2.66451548926624 5.47933378111278 -0.207640328246563 0.400612497490097 0.029778096622987 0.891912768101185
1703155635000760 3.48161355907526 -2.66483329564844 5.47975162510593 -0.204801792047076 0.416469613129033 0.033566301389894 0.885145519519509
1703155636000120 3.48440357674172 -2.66518737685817 5.48098129315929 -0.199539372764894 0.438900891137655 0.0378230563571388 0.875282504613779
1703155636000480 3.48642683296935 -2.66518359173241 5.48172397477632 -0.194458573203077 0.45587827839591 0.0450374014814901 0.867371022724647
1703155636001000 3.48904982731212 -2.66605235531116 5.48425177386924 -0.187672653775762 0.478203987739257 0.0504792020678715 0.856476369372574
1703155637000520 3.49144020878941 -2.66652587871193 5.48587546797534 -0.18415798813958 0.497065994227753 0.0565176769657099 0.846059681687502
1703155638000120 3.49399290846481 -2.66723996507492 5.48736688568523 -0.178107302377129 0.515103322690981 0.0659790737568613 0.835818830619913
1703155638000680 3.49662922866261 -2.66770631442607 5.48821536420624 -0.168996228381022 0.536499066062179 0.0721839759093707 0.823649501019283
1703155639000040 3.49891724195134 -2.66755812021107 5.48837211644471 -0.156970624436758 0.557687914028317 0.0748219205475883 0.81163174766408
1703155639000320 3.5009652164886 -2.66736305424591 5.4882354644363 -0.143459586660079 0.577574346372742 0.0764131015897897 0.799992662036876
1703155639000560 3.50313453276924 -2.66688419058915 5.48772589909183 -0.131442413568545 0.600009148410496 0.0739725485059345 0.785646215421754
1703155639000760 3.50537986425497 -2.66616000322473 5.48699380141835 -0.114572917480279 0.62334365646994 0.0739232570794993 0.769968236086074
1703155639000920 3.50633981510703 -2.66676191531593 5.4863987313574 -0.106848387428321 0.644631844708178 0.0870675996933026 0.751965717287528
1703155640000120 3.50778133687031 -2.66710135531572 5.48527917937428 -0.0925010906215949 0.672019543970955 0.0990069800069642 0.728032209908866
1703155640000320 3.50922863773284 -2.66734587982637 5.48393884603146 -0.078230219601488 0.698612318212054 0.11048789478927 0.702576178566081
1703155640000520 3.51002907723969 -2.66729004375347 5.48281127480419 -0.0650692445980864 0.724452506726731 0.12010889385707 0.675654062757874
1703155640000680 3.5113961905594 -2.6678131851906 5.48168456005561 -0.0558136898875212 0.744147155863732 0.127424402139308 0.653370388202969
1703155640000840 3.51227437462453 -2.66791125464519 5.48070939438637 -0.0477044301817676 0.76291187108219 0.13620343760515 0.630189168335544
1703155640001000 3.51271379103303 -2.66780684801471 5.47987886543374 -0.0373546973381345 0.782537304555532 0.14569782123355 0.604162344451833
1703155641000200 3.51385190381063 -2.66825277026875 5.47848829612093 -0.0235610532231461 0.802082171662079 0.157693850856831 0.575536025001741
1703155641000400 3.51448579973299 -2.66843503326069 5.47740864526194 -0.011685722455248 0.822720776759309 0.168098558506741 0.542896713940335
1703155641000600 3.51493169133129 -2.66853787498722 5.47632386048662 -0.00304852804741188 0.842069928656724 0.177096853487958 0.509456226003243
1703155641000760 3.51504566764286 -2.6684142610587 5.47513983805476 0.00619208656953607 0.853890272017895 0.182956254929373 0.487196131141595
1703155641000920 3.51546331981505 -2.66857812360658 5.4746573772102 0.0153740601175058 0.866756956737956 0.192619398382388 0.459775797088828
1703155642000080 3.51561544212137 -2.66859179370062 5.47388069376642 0.0218360251948276 0.878066665118455 0.19655433633623 0.435761990631205
1703155642000240 3.51592717964855 -2.66869655560709 5.47276434750202 0.0279188983825377 0.888344799071724 0.203144166883474 0.410848512881017
1703155642000400 3.51614594507532 -2.66875559160105 5.47265555482947 0.035229248560263 0.897523043898773 0.209833097517021 0.386240024988314
1703155642000560 3.51638691282387 -2.66883490642874 5.47209202929388 0.0436301007449147 0.905072773683931 0.217574134374595 0.362768775801073
1703155642000760 3.51665066835595 -2.66891579652941 5.47146675915114 0.0528330929949268 0.912971589078508 0.22586040370526 0.335676361780436
1703155642000920 3.51689945875381 -2.66900022922203 5.47104838247913 0.059414344833012 0.918597332011168 0.231389860089616 0.314813611360336
1703155643000120 3.51723191163156 -2.66911028680893 5.47057443463651 0.0653694033321849 0.925292085772093 0.237431494443747 0.28842274972986
1703155643000280 3.51748560893084 -2.66918509788319 5.47017561979185 0.0730665529260033 0.928925866335125 0.243018746285016 0.269629194730668
1703155643000400 3.51765884094281 -2.66923906121369 5.46989553001548 0.081062057888168 0.930741374671749 0.247629604308201 0.256571657271887
1703155643000520 3.51784213453618 -2.66930528679996 5.46961993843269 0.0868310660787457 0.932862795258869 0.251375672379915 0.242976629577792
1703155643000640 3.5180367335029 -2.66935213500733 5.46933733432304 0.0891093027788214 0.935180859993192 0.254651746172946 0.229453218394807
1703155643000760 3.51823172440544 -2.66939375001985 5.46907853142605 0.089883728541149 0.937669542691374 0.257797858064985 0.215027924766986
1703155643000920 3.5184614017354 -2.66947409690431 5.46873578812019 0.0951330867549232 0.939450502095354 0.262565271895762 0.198599919213409
1703155644000080 3.51867337627349 -2.66953554023395 5.46836181988699 0.102736630433502 0.940759057353975 0.267313068485157 0.181552483295273
1703155644000200 3.51882424477825 -2.66957247261402 5.468089214643 0.10673322078698 0.941784892525638 0.270423514749268 0.168879715956545
1703155644000320 3.51897464169842 -2.66962023916428 5.46779556934131 0.109303515836805 0.942969590577404 0.273125390518802 0.155767819930652
1703155644000440 3.51909990979577 -2.66966986284916 5.46749503807899 0.112403362907231 0.943805051150705 0.276389659046872 0.142148745339223
1703155644000560 3.51922610751433 -2.66970568145045 5.46718107439066 0.116052035914521 0.944201557875456 0.279800204004936 0.129333634080438
1703155644000680 3.51933588737417 -2.66972943184266 5.46686151328854 0.121918411087134 0.944257397289599 0.282758153783706 0.116454691492831
1703155644000800 3.51944599510098 -2.66975745765761 5.46655542183449 0.125628155095529 0.944365222009599 0.28600184300732 0.102931238710466
1703155644000920 3.51954597143133 -2.66978003288185 5.46623292085854 0.129386571465165 0.944444039722525 0.288766030672335 0.0888749148344555
1703155644001000 3.51960784288462 -2.66979065895303 5.46601455818377 0.131901998432957 0.944090252909544 0.290781207925626 0.0821081377690438
1703155645000120 3.51969612092921 -2.66981601261238 5.46566693378141 0.136245985946437 0.943477047708053 0.294115304118542 0.0691684873684346
1703155645000240 3.51977171832798 -2.6698353695575 5.46533732958067 0.13964183581279 0.942940067535661 0.296927249187154 0.0565543580710344
1703155645000360 3.51984418682916 -2.66985635359697 5.46499670023193 0.144162509237222 0.941971901860804 0.300184895392596 0.0423690407409087
1703155645000440 3.51991124633322 -2.6698646728203 5.46478741658727 0.14591207550568 0.941654737877212 0.301389871617355 0.034061211685713
1703155645000560 3.52000190314273 -2.66987658629647 5.46447221609327 0.149156195289526 0.940603385475053 0.304125288489165 0.022923994874438
1703155645000680 3.52007115996516 -2.66989252402192 5.46414437870466 0.152404847693704 0.939472888952724 0.306624394756435 0.0120388480566482
1703155645000800 3.52012909405171 -2.66989596245795 5.46379769533991 0.155008535983831 0.938384860625719 0.308878844381958 -0.000258096620632302
1703155645000920 3.52016100113757 -2.6698943806633 5.46343034886912 0.158135654980276 0.93669711916401 0.312100551062157 -0.0135966025352723
1703155646000040 3.5201937830495 -2.66988564702174 5.46308126300489 0.162634672386401 0.934968868434753 0.314272895293264 -0.0248138203345228
1703155646000160 3.52021919520286 -2.66986776932983 5.46273768220018 0.165201761367192 0.933363751579681 0.316290919171033 -0.0387368006968048
1703155646000280 3.520260048997 -2.66982699187862 5.46240134973179 0.165728074029683 0.931816451671 0.31866329046464 -0.0520193539360741
1703155646000400 3.52029825665175 -2.66978511064197 5.46208103511832 0.167411644873706 0.930174666146885 0.320142930365819 -0.0652451971872152
1703155646000520 3.52026420863315 -2.66974496309783 5.46173541791825 0.171169884553085 0.927939139138601 0.322054565625441 -0.0768809562674967
1703155646000640 3.52065347677783 -2.66975789874344 5.46054899549816 0.174041861908711 0.924650463162822 0.324204475563509 -0.0980938800370259
1703155646000760 3.52017988142468 -2.66968837154491 5.46106190144455 0.176912247578813 0.923419303019506 0.324476145113938 -0.103508834017112
1703155646000880 3.52036681895624 -2.66978298070179 5.46046036454249 0.177486334772365 0.922279116420225 0.325373159663544 -0.109691108822748
1703155647000040 3.520265797942 -2.66974684772828 5.46055641750568 0.178101066352239 0.922555404652344 0.324086010195933 -0.110180731102255
1703155647000440 3.52052301248394 -2.66967678644832 5.46010903462185 0.181260241514842 0.919976295885696 0.326478762043251 -0.119163575765091
1703155648000120 3.52026624773218 -2.66968068048712 5.46047940145693 0.179438401129492 0.922375632741686 0.324698423237152 -0.107684661265071
1703155651000200 3.5205616676355 -2.66933677668435 5.46016269088104 0.183250513819515 0.919621958851997 0.326121039926924 -0.119832254836001
1703155652000040 3.52063379823329 -2.66895751986005 5.4602028264272 0.182965479861892 0.920205208509608 0.32552261937401 -0.11739263897954
1703155652000880 3.5210680078469 -2.66822635587571 5.46010466026019 0.175412711307967 0.920825529172744 0.327355312503256 -0.118950514547937
1703155653000360 3.52039839082637 -2.66850689715077 5.46026816571123 0.183973284688974 0.920488661535753 0.323967940066511 -0.117894988502184
1703155653000760 3.52056430715772 -2.66846237590932 5.46026359256949 0.184543312055189 0.920309486316233 0.324421339549344 -0.117153787036785
1703155654000080 3.52048303009637 -2.668167887457 5.4603092625898 0.187123600249155 0.920577619470516 0.323816218690762 -0.112537377224679
1703155654000480 3.51893037167636 -2.66773354897507 5.46151887393915 0.220786906196638 0.918424812724687 0.313011331427567 -0.0988580387307067
1703155654000880 3.51970293181274 -2.66809909299521 5.46134273819344 0.227076023894056 0.918021680078561 0.310293909010646 -0.0969038921256299
1703155655000320 3.52041826024474 -2.66815238904555 5.46165724510377 0.229899389048303 0.919758100876386 0.306231325720639 -0.086102740576949
1703155655000560 3.51833434591949 -2.66692471949626 5.46212124387268 0.226720310348753 0.920832373101339 0.305392738177522 -0.0860285824151337
1703155655000640 3.51089466723524 -2.66403854886488 5.46280061623293 0.241168268517681 0.918876277513899 0.300849956043336 -0.083627488489763
1703155655000760 3.51434264786813 -2.6644671662255 5.46287885926242 0.245551046711093 0.916257586006347 0.304241484081896 -0.0872573143556064
1703155655000920 3.51091469180487 -2.6634727355848 5.46344435388672 0.248337109637954 0.912466642475841 0.311544135633051 -0.0931319381210796
1703155656000040 3.50613569929711 -2.6622481168752 5.46414801548278 0.254307692600521 0.909021834068894 0.316075740016209 -0.0954097963703354
1703155656000240 3.50456389099492 -2.66195452419456 5.46452811551007 0.254926799448423 0.90503159121243 0.32231048529672 -0.10975471241944
1703155656000440 3.49976213695969 -2.66074586564805 5.46342232436152 0.254021967198317 0.898698069254342 0.332233979432085 -0.132042430339404
1703155656000560 3.49834771655983 -2.65999654251565 5.4631572013149 0.255496050662865 0.893417546662262 0.338986384232907 -0.147020701659202
1703155656000680 3.49574269203224 -2.65901770709831 5.46273852746423 0.256170489607875 0.887287074717795 0.346581784704659 -0.164254052624989
1703155656000840 3.49184994328154 -2.65797045350241 5.46244198292327 0.257522731294799 0.878556149940427 0.356338712446094 -0.186665091221097
1703155656000960 3.49011952500757 -2.6572572073561 5.4620820282877 0.260068768968761 0.870354181546343 0.363801327714173 -0.206146617787617
1703155657000080 3.48774259676204 -2.6565559844346 5.46189961772967 0.261856818605803 0.861721244464107 0.37074722956402 -0.226746543875495
1703155657000200 3.48524300243084 -2.65613718521164 5.46196869201935 0.26063030602677 0.85325609859576 0.377430597466104 -0.248137094941313
1703155657000320 3.48339199227817 -2.65548108016304 5.4617419881287 0.259354283025797 0.842776784721331 0.384473604766725 -0.273208151870748
1703155657000440 3.48112945843036 -2.65512420772425 5.46164282344445 0.25858206883973 0.831083237760251 0.391249759345989 -0.298930746829779
1703155657000560 3.47925506337916 -2.65453926615944 5.46192879410875 0.260456147370131 0.819286995235169 0.396308274887761 -0.322290499380798
1703155657000640 3.47773539535186 -2.65337356179983 5.46150368169544 0.263459942455534 0.81365362811276 0.391960787546616 -0.339003500285921
1703155657000760 3.4758954657412 -2.65320286242463 5.46173073652315 0.264788704358032 0.800092041631323 0.396398702397466 -0.364153450759733
1703155657000880 3.474182418924 -2.65290861301164 5.4618692959283 0.265625310490459 0.785187245263634 0.400412205166606 -0.390633140242567
1703155658000000 3.47247986804043 -2.65278849338897 5.46244676266301 0.26490417371206 0.770618944698416 0.403678131708897 -0.415952144845829
1703155658000080 3.4711083514947 -2.65206974367743 5.46225763895792 0.265219659717595 0.761228972578921 0.401838190712463 -0.434413457308425
1703155658000160 3.47012178011203 -2.65185489749487 5.46262536736192 0.265518749580704 0.751003909679157 0.402438699186037 -0.451149658833042
1703155658000240 3.46924554546186 -2.65165740056966 5.46284958326302 0.266616796673954 0.740316817708425 0.402828806331196 -0.467520529965449
1703155658000360 3.46786764386181 -2.65149699966832 5.46340460001499 0.268946276335382 0.723194614111449 0.403994080828739 -0.491371787164126
1703155658000480 3.46654386551847 -2.65136301361931 5.46392549550323 -0.271828941302312 -0.704160021665723 -0.404443667903351 0.516423285736688
1703155658000640 3.46504834524342 -2.65115864307843 5.46520122966212 -0.27464954618475 -0.682123099931806 -0.403534605317408 0.54445892924192
1703155658000800 3.46378487074637 -2.65112764001942 5.4662394577782 -0.273331076477453 -0.657545158579536 -0.40354354619006 0.574523361917199
1703155658000960 3.4627250289905 -2.65101636909404 5.46737213430624 -0.273936970234767 -0.63265054151474 -0.401967040765984 0.602606278425259
1703155659000120 3.46176618967315 -2.65106068964629 5.46858481229172 -0.275306030639407 -0.607748863133946 -0.399809674808242 0.62849036013506
1703155659000280 3.46108805301925 -2.65105983655899 5.46952036564436 -0.273035924810651 -0.58295848650018 -0.397911871262901 0.653664232988366
1703155659000440 3.46068242411781 -2.65120814536037 5.4705604699795 -0.270425327680132 -0.565643962229168 -0.394681280632751 0.671672343379473
1703155659000600 3.4602412104637 -2.65131907424203 5.47176270083865 -0.273860346102062 -0.538557025537675 -0.387666818619621 0.696183365801147
1703155659000760 3.46006019673783 -2.65124244593115 5.47276644370164 -0.273153820107361 -0.516005725599945 -0.383211707248403 0.715733099092527
1703155660000040 3.46000128610188 -2.65104334991864 5.47435863189692 -0.274143066176147 -0.478963343066985 -0.376598004193251 0.74405217458408
1703155660000200 3.46009920732358 -2.65104435115578 5.47526001899701 -0.276366813773641 -0.46034722997745 -0.37015207042413 0.758082618754331
1703155660000400 3.46006729702186 -2.65094906508437 5.47578465632561 -0.274795232174516 -0.436885742956064 -0.367786473747796 0.773531859527481
1703155660000720 3.46030268821174 -2.65078531697638 5.47653305984939 -0.27602637395544 -0.416244065779111 -0.361751842353918 0.787201323130388
1703155661000000 3.46034693166482 -2.65041647071591 5.47671929721227 -0.276095323065273 -0.399961622140265 -0.362152138963635 0.795391665558846
1703155661000440 3.46037622908964 -2.65020999268732 5.47695613862428 -0.274614271257991 -0.381663073571855 -0.361811993888865 0.804992162304262
1703155662000160 3.4601366208131 -2.6495974334559 5.47638107794813 -0.265658868885836 -0.376180837502148 -0.377130123584797 0.80354602404803
1703155662000400 3.46000492350788 -2.64944820961294 5.47615039036863 -0.264661652794387 -0.375562552916328 -0.383663735639336 0.801067485510668
1703155662000680 3.45987205781728 -2.64914578247584 5.47593526417232 -0.258532148644688 -0.368039732837174 -0.390094396261373 0.803451457883908
1703155662000920 3.45972043824595 -2.6489472650318 5.47584149280328 -0.257991359389899 -0.358858682722712 -0.388806284415756 0.808387640623906
1703155663000200 3.45950994281699 -2.64872466229001 5.47580162351531 -0.256013640711401 -0.342799135779186 -0.390335645591517 0.815220124910684
1703155663000440 3.45929492951457 -2.64860967238529 5.47584985813387 -0.252658673482279 -0.323419802765524 -0.393449194910322 0.822654822460614
1703155663000640 3.45913032706277 -2.64861565551085 5.47602117312042 -0.2526258426974 -0.304637977601427 -0.389938891210894 0.831458686481511
1703155663000920 3.45885115137726 -2.64880371983261 5.4764001650084 -0.253095313123879 -0.269254700047887 -0.384630440678097 0.845874750232338
1703155664000080 3.45859217925798 -2.64895762233982 5.47666729878625 -0.25274239350191 -0.241360742529882 -0.377023957164079 0.857740759330399
1703155664000400 3.45803198031599 -2.64936629966425 5.47729142000031 -0.254662923755377 -0.179064212029494 -0.356383239170255 0.880950503758944
1703155664000560 3.45781123208095 -2.64955503979284 5.47764780612896 -0.252767544686111 -0.143774572136219 -0.347351022241074 0.891506987133855
1703155664000720 3.4577501055156 -2.64965438777592 5.47800867366089 -0.251056976925752 -0.110320632974423 -0.339871195807442 0.899603980947975
1703155664000920 3.45775191326977 -2.64994494370411 5.47849013881314 -0.247167434216147 -0.0676902659706966 -0.33139789031284 0.908020773799819
1703155665000080 3.45778036760902 -2.65028207192465 5.47882500798727 -0.244436285305072 -0.0369349319742041 -0.321873768257629 0.913938723620984
1703155665000280 3.4577406887859 -2.65069931270628 5.47919872051052 -0.244591352871198 0.00243673804346937 -0.31027557619072 0.918639319443633
1703155665000480 3.45759201983125 -2.65112802917269 5.47954477643197 -0.243001440519737 0.0433971143383601 -0.296583030356843 0.922553790560089
