0 1702923713000320 -54.628059 13.007723 -214.076915
1 1702923714259999 0.002580 0.004404 0.004000
0 1702923715000640 -54.625344 13.005337 -214.076964
1 1702923715009999 0.001709 0.002196 0.004000
0 1702923716000840 -54.604284 12.986052 -214.077320
1 1702923716009999 -0.111716 -0.070538 -0.007000
0 1702923717000920 -54.561981 12.942009 -214.077823
1 1702923717009999 -0.495609 -0.346952 -0.013000
0 1702923718000920 -54.490015 12.792302 -214.075550
1 1702923718009999 -1.122843 -0.864088 -0.003000
0 1702923719000960 -54.406135 12.466502 -214.066562
1 1702923719009999 -1.789528 -1.612721 0.018000
0 1702923720000920 -54.341180 12.038877 -214.052246
1 1702923720010000 -2.293596 -2.479222 0.036000
0 1702923721000880 -54.286839 11.541683 -214.034430
1 1702923721010000 -2.678616 -3.518472 0.025000
0 1702923722000920 -54.232704 11.096035 -214.018762
1 1702923722009999 -2.891171 -4.690171 -0.014000
0 1702923723000920 -54.179644 10.768271 -214.007972
1 1702923723009999 -2.894099 -5.975985 -0.034000
0 1702923724000800 -54.132630 10.486566 -213.998767
1 1702923724009999 -2.685438 -7.413697 -0.021000
0 1702923725000000 -54.121753 10.425490 -213.996809
1 1702923725000000 -2.287781 -8.943015 -0.018000
0 1702923725000880 -54.072996 10.160415 -213.988400
1 1702923725009999 -2.282979 -8.958631 -0.018000
0 1702923726000960 -54.008230 9.816487 -213.977570
1 1702923726009999 -1.759022 -10.566419 -0.050000
0 1702923727000880 -53.918315 9.426372 -213.966175
1 1702923727009999 -1.113964 -12.207075 -0.078000
0 1702923728000880 -53.726079 8.754482 -213.948595
1 1702923728009999 -0.171083 -13.779923 -0.084000
0 1702923729000960 -53.359129 7.708774 -213.924887
1 1702923729009999 1.165777 -15.017652 -0.083000
0 1702923730000960 -52.879781 6.525714 -213.901530
1 1702923730009999 2.828403 -15.711615 -0.115000
0 1702923731000930 -52.324772 5.287618 -213.879981
1 1702923731009999 4.734885 -15.843954 -0.131000
0 1702923732000890 -51.769541 4.121688 -213.861413
1 1702923732009999 7.002455 -15.425273 -0.110000
0 1702923733000890 -51.205884 3.028954 -213.846405
1 1702923733009999 9.551677 -14.497711 -0.104000
0 1702923734000930 -50.681109 2.118296 -213.836970
1 1702923734009999 12.222699 -13.326533 -0.138000
0 1702923735000930 -50.145855 1.413201 -213.836794
1 1702923735009999 15.161771 -11.944976 -0.172000
0 1702923736000850 -49.117607 0.174018 -213.841492
1 1702923736010000 18.336279 -10.461381 -0.207000
0 1702923737000890 -46.708114 -2.687087 -213.854669
1 1702923737010000 21.728487 -8.884371 -0.226000
0 1702923738000970 -46.608375 -2.811899 -213.854971
1 1702923738010000 25.134449 -7.284243 -0.243000
0 1702923739000970 -46.503291 -2.962426 -213.854489
1 1702923739010000 28.460053 -5.731793 -0.261000
0 1702923740000970 -46.417549 -3.086675 -213.854036
1 1702923740010000 31.758146 -4.225575 -0.269000
0 1702923741000930 -46.347958 -3.187780 -213.853659
1 1702923741010000 35.042711 -2.726931 -0.288000
0 1702923742000850 -46.288410 -3.273005 -213.853389
1 1702923742010000 38.254641 -1.263863 -0.301000
0 1702923743000890 -46.229094 -3.353437 -213.853306
1 1702923743010000 41.126679 0.064277 -0.302000
0 1702923744000970 -46.136455 -3.466098 -213.853711
1 1702923744010000 43.549093 1.322391 -0.322000
0 1702923745000930 -46.001189 -3.611419 -213.855068
1 1702923745010000 45.355864 2.968183 -0.329000
0 1702923746000930 -45.772914 -3.836402 -213.858171
1 1702923746010000 46.292404 5.366267 -0.323000
0 1702923747000970 -45.514927 -4.067074 -213.862652
1 1702923747010000 46.028760 8.316054 -0.301000
0 1702923748000970 -45.362143 -4.199914 -213.865478
1 1702923748010000 44.949396 10.989093 -0.242000
0 1702923749000770 -45.317206 -4.233457 -213.866548
1 1702923749010000 43.809731 13.380972 -0.189000
0 1702923750000970 -45.172405 -4.325312 -213.870640
1 1702923750010000 42.319530 15.712476 -0.154000
0 1702923751000930 -44.987629 -4.425649 -213.876488
1 1702923751010000 40.028220 17.105213 -0.129000
0 1702923752000930 -44.755264 -4.546749 -213.884029
1 1702923752009999 36.884045 17.060258 -0.126000
0 1702923753000930 -44.573607 -4.635922 -213.890155
1 1702923753009999 33.219139 15.812591 -0.116000
0 1702923754000930 -44.413310 -4.711777 -213.895679
1 1702923754009999 29.385625 14.159876 -0.093000
0 1702923755000810 -44.293477 -4.766945 -213.899877
1 1702923755009999 25.496519 12.375840 -0.055000
0 1702923756000970 -44.121688 -4.848306 -213.905797
1 1702923756009999 21.460096 10.495139 -0.045000
0 1702923757000970 -43.965578 -4.921337 -213.911217
1 1702923757009999 17.266124 8.563451 -0.014000
0 1702923758000970 -43.807103 -4.996057 -213.916694
1 1702923758009999 12.917013 6.630709 -0.016000
0 1702923759000930 -43.661644 -5.063966 -213.921751
1 1702923759009999 8.410337 4.760243 -0.003000
0 1702923760000970 -43.500171 -5.132345 -213.927646
1 1702923760009999 4.057088 3.003012 0.040000
0 1702923761000970 -43.257666 -5.219633 -213.937092
1 1702923761009999 0.260428 1.119917 0.058000
0 1702923762000930 -42.933796 -5.319833 -213.950291
1 1702923762009999 -2.276981 -1.746594 0.059000
0 1702923763000930 -42.559233 -5.417499 -213.966244
1 1702923763009999 -2.938715 -5.473424 0.045000
0 1702923764000970 -42.212964 -5.485026 -213.981899
1 1702923764009999 -2.045061 -9.201969 0.026000
0 1702923765000930 -41.785404 -5.527874 -214.002771
1 1702923765009999 -0.142379 -12.508922 0.002000
0 1702923766000970 -41.273573 -5.514496 -214.030202
1 1702923766009999 2.958045 -14.761893 -0.059000
0 1702923767000970 -40.775077 -5.459523 -214.058398
1 1702923767009999 7.029038 -15.213574 -0.132000
0 1702923768000890 -40.584863 -5.277113 -214.075661
1 1702923768009999 11.364244 -14.001289 -0.150000
0 1702923769000890 -40.270752 -5.333283 -214.089851
1 1702923769009999 15.791046 -12.031933 -0.159000
0 1702923770000930 -40.025508 -5.202699 -214.107891
1 1702923770009999 20.243061 -9.829758 -0.179000
0 1702923771000970 -39.944859 -5.142431 -214.114523
1 1702923771009999 24.559429 -7.614487 -0.211000
0 1702923772000890 -39.949575 -5.125766 -214.114811
1 1702923772009999 28.785516 -5.494495 -0.234000
0 1702923773000530 -39.883701 -5.112315 -214.118902
1 1702923773009999 33.068614 -3.546341 -0.230000
0 1702923774000130 -39.871857 -5.069057 -214.121313
1 1702923774009999 37.377991 -1.692954 -0.250000
0 1702923775000930 -39.763364 -5.029465 -214.128564
1 1702923775009999 41.401817 0.129088 -0.290000
0 1702923776000930 -40.232994 -4.966121 -214.103565
1 1702923776009999 44.619408 2.550361 -0.320000
0 1702923777000810 -40.182774 -4.731119 -214.115214
1 1702923777009999 46.083857 5.954511 -0.286000
0 1702923778000610 -40.074270 -4.590570 -214.126366
1 1702923778009999 45.467640 9.391386 -0.248000
0 1702923779000930 -40.161293 -4.188611 -214.137486
1 1702923779009999 44.002301 12.560886 -0.217000
0 1702923780000970 -39.928174 -2.455016 -214.214336
1 1702923780010000 42.146943 15.321920 -0.171000
0 1702923781000930 -37.418180 -0.249551 -214.430479
1 1702923781010000 39.492391 16.759958 -0.144000
0 1702923782000930 -35.880849 1.033247 -214.560587
1 1702923782009999 36.416698 16.581860 -0.153000
0 1702923783000930 -34.568520 2.065722 -214.669520
1 1702923783009999 33.013394 15.448061 -0.114000
0 1702923784000850 -33.254370 3.025255 -214.775791
1 1702923784009999 29.290537 13.908097 -0.041000
0 1702923785000970 -31.550038 4.149158 -214.909359
1 1702923785009999 25.101127 12.058508 -0.034000
0 1702923786000930 -29.799021 5.270055 -215.045702
1 1702923786009999 20.400701 9.897727 -0.037000
0 1702923787000930 -27.926320 6.604297 -215.195996
1 1702923787009999 15.146682 7.552966 -0.029000
0 1702923788000930 -26.227706 7.911756 -215.335785
1 1702923788009999 9.745531 5.181495 -0.014000
0 1702923789000890 -24.953814 9.011574 -215.444965
1 1702923789009999 4.738296 2.969703 0.026000
0 1702923790000930 -23.821554 10.547560 -215.562009
1 1702923790009999 0.576310 0.989808 0.055000
0 1702923791000970 -23.105459 13.058478 -215.688504
1 1702923791009999 -2.273585 -1.343564 0.063000
0 1702923792000890 -23.204539 15.867905 -215.780135
1 1702923792009999 -3.199987 -4.306991 0.056000
0 1702923793000970 -24.325411 19.893234 -215.859019
1 1702923793009999 -2.674450 -7.464937 0.056000
0 1702923794000690 -24.524678 20.492970 -215.869527
1 1702923794009999 -1.487863 -10.601488 0.026000
0 1702923795000930 -25.322967 21.806979 -215.872284
1 1702923795009999 0.293184 -13.569091 0.010000
0 1702923796000930 -26.976752 23.340511 -215.833390
1 1702923796010000 3.068554 -15.345370 -0.008000
0 1702923797000930 -28.540280 24.531123 -215.786900
1 1702923797010000 6.610366 -15.402866 -0.095000
0 1702923798000930 -29.792987 25.530711 -215.751541
1 1702923798010000 10.388328 -14.109122 -0.144000
0 1702923799000890 -30.893068 26.394452 -215.720065
1 1702923799010000 14.384682 -12.274477 -0.169000
0 1702923800000930 -32.065503 27.344603 -215.687705
1 1702923800010000 18.611581 -10.156724 -0.170000
0 1702923801000890 -33.102718 28.192957 -215.659489
1 1702923801010000 23.070903 -7.913569 -0.200000
0 1702923802000970 -34.119348 29.041088 -215.632381
1 1702923802010000 27.465533 -5.736087 -0.217000
0 1702923803000890 -34.940458 29.728447 -215.610630
1 1702923803010000 31.561182 -3.819608 -0.224000
0 1702923804000850 -35.734984 30.384879 -215.589296
1 1702923804010000 35.408819 -2.119351 -0.258000
0 1702923805000930 -36.649298 31.079330 -215.562486
1 1702923805010000 39.183959 -0.502421 -0.256000
0 1702923806000930 -38.088902 31.900273 -215.510205
1 1702923806010000 42.780129 1.203747 -0.280000
0 1702923807000890 -40.794226 32.926710 -215.392436
1 1702923807010000 45.436943 3.694314 -0.277000
0 1702923808000970 -45.137355 34.075208 -215.184377
1 1702923808010000 46.122003 6.897802 -0.264000
0 1702923809000860 -47.768334 34.762871 -215.058619
1 1702923809010000 45.224471 10.020112 -0.246000
0 1702923810000980 -48.284268 34.899719 -215.034195
1 1702923810010000 43.954687 12.973546 -0.204000
0 1702923811000980 -49.776613 35.117802 -214.956694
1 1702923811010000 42.377178 15.583933 -0.175000
0 1702923812000940 -51.793440 35.238509 -214.844928
1 1702923812009999 40.109927 17.016293 -0.163000
0 1702923813000980 -53.463048 35.323252 -214.751786
1 1702923813009999 37.590630 17.042125 -0.154000
0 1702923814000860 -54.487340 35.371723 -214.694503
1 1702923814009999 35.134777 16.419659 -0.153000
0 1702923815000940 -55.616401 35.411622 -214.630848
1 1702923815009999 32.759995 15.550603 -0.187000
0 1702923816000900 -56.593305 35.441397 -214.575616
1 1702923816009999 30.425208 14.549933 -0.182000
0 1702923817000980 -57.712371 35.479064 -214.512514
1 1702923817009999 27.994258 13.452958 -0.148000
0 1702923818000900 -58.758422 35.514681 -214.453554
1 1702923818009999 25.351971 12.239158 -0.117000
0 1702923819000900 -59.884646 35.555311 -214.390145
1 1702923819009999 22.447111 10.902622 -0.047000
0 1702923820000940 -61.218314 35.600250 -214.314955
1 1702923820009999 19.455716 9.497401 -0.030000
0 1702923821000820 -62.377437 35.635501 -214.249459
1 1702923821009999 16.339126 8.017398 -0.011000
0 1702923822000940 -63.804340 35.675424 -214.168686
1 1702923822009999 13.170567 6.481527 -0.001000
0 1702923823000820 -64.856311 35.709267 -214.109305
1 1702923823009999 10.072669 4.961278 0.014000
0 1702923824000740 -65.778767 35.743966 -214.057442
1 1702923824009999 7.094129 3.518119 0.012000
0 1702923825000980 -66.576276 35.772230 -214.012533
1 1702923825009999 4.776409 2.423932 0.026000
0 1702923826000940 -66.970038 35.786665 -213.990383
1 1702923826009999 3.259177 1.711091 0.031000
0 1702923827000460 -67.132440 35.792442 -213.981242
1 1702923827009999 2.244178 1.225182 0.048000
